# noise_analysis run from DCC-NOISE-001003 at Mon Dec 16 00:00:00 2013
# Monitoring unit located at 53.342609N 6.340721W
# logfile   = /home/root/noise_analysis.log
# cfg_dir   = /home/root/config
# outputdir = /home/root/noise
# Sensitivity = -26.271103
# Gain = 1.000000
# Time should be in local format (i.e. daylight savings time)
# dd/mm/yyyy hh:mm:ss, A Leq,   A L10,   A L95,   C Leq,   C L10,   C L95
16/12/2013 00:05:00,   56.65,   60.94,   49.34,   58.54,   62.85,   52.19
16/12/2013 00:10:00,   54.98,   59.82,   47.69,   56.74,   60.75,   50.64
16/12/2013 00:15:00,   52.65,   58.31,   46.17,   55.26,   60.52,   49.36
16/12/2013 00:20:00,   55.27,   60.25,   49.07,   56.97,   61.54,   51.32
16/12/2013 00:25:00,   54.34,   58.85,   48.26,   56.87,   61.09,   50.97
16/12/2013 00:30:00,   55.63,   59.85,   48.86,   57.37,   61.48,   51.51
16/12/2013 00:35:00,   53.64,   57.87,   47.84,   56.86,   61.11,   51.00
16/12/2013 00:40:00,   53.72,   60.14,   46.54,   56.78,   62.52,   49.70
16/12/2013 00:45:00,   55.33,   59.74,   46.81,   57.96,   61.79,   50.04
16/12/2013 00:50:00,   55.69,   60.92,   46.20,   56.89,   61.42,   49.24
16/12/2013 00:55:00,   55.14,   60.01,   46.66,   56.75,   61.10,   49.35
16/12/2013 01:00:00,   55.25,   60.55,   46.20,   56.37,   61.17,   48.65
16/12/2013 01:05:00,   55.05,   59.81,   45.38,   56.31,   60.49,   48.14
16/12/2013 01:10:00,   53.17,   59.03,   44.07,   54.48,   59.90,   47.36
16/12/2013 01:15:00,   53.20,   57.88,   46.45,   54.64,   58.83,   49.02
16/12/2013 01:20:00,   55.90,   61.14,   47.50,   57.33,   61.96,   50.15
16/12/2013 01:25:00,   54.69,   60.58,   46.03,   56.28,   61.31,   48.95
16/12/2013 01:30:00,   54.47,   59.75,   46.81,   56.25,   60.70,   50.02
16/12/2013 01:35:00,   50.79,   56.66,   41.50,   53.29,   58.18,   45.88
16/12/2013 01:40:00,   50.51,   56.40,   42.04,   51.84,   57.04,   45.22
16/12/2013 01:45:00,   52.10,   58.86,   44.04,   53.87,   59.79,   46.90
16/12/2013 01:50:00,   51.11,   57.89,   41.90,   52.93,   58.56,   45.00
16/12/2013 01:55:00,   50.37,   56.30,   39.92,   51.91,   57.76,   44.11
16/12/2013 02:00:00,   49.47,   56.35,   41.50,   51.22,   56.57,   45.10
16/12/2013 02:05:00,   51.32,   57.96,   42.40,   53.10,   59.11,   46.35
16/12/2013 02:10:00,   50.03,   56.26,   44.58,   51.33,   56.79,   46.49
16/12/2013 02:15:00,   51.60,   57.43,   45.60,   52.80,   58.07,   47.47
16/12/2013 02:20:00,   50.23,   56.85,   44.44,   51.54,   57.33,   46.92
16/12/2013 02:25:00,   51.22,   53.27,   45.18,   51.89,   53.82,   47.37
16/12/2013 02:30:00,   52.71,   57.53,   45.17,   53.31,   57.47,   46.74
16/12/2013 02:35:00,   51.13,   53.18,   46.89,   51.38,   53.42,   47.64
16/12/2013 02:40:00,   54.07,   59.99,   49.20,   54.28,   59.73,   49.47
16/12/2013 02:45:00,   49.30,   50.38,   46.41,   50.62,   51.61,   47.85
16/12/2013 02:50:00,   52.99,   55.99,   48.07,   53.40,   56.72,   49.55
16/12/2013 02:55:00,   55.58,   60.66,   49.84,   57.28,   61.99,   51.16
16/12/2013 03:00:00,   54.36,   57.81,   48.41,   54.93,   58.42,   49.50
16/12/2013 03:05:00,   55.37,   60.43,   51.63,   55.86,   60.80,   52.16
16/12/2013 03:10:00,   56.33,   61.17,   50.78,   57.18,   61.91,   51.52
16/12/2013 03:15:00,   54.01,   58.79,   48.83,   54.99,   60.28,   49.65
16/12/2013 03:20:00,   55.10,   61.21,   49.32,   55.73,   60.90,   50.31
16/12/2013 03:25:00,   54.67,   60.17,   49.39,   55.32,   60.60,   50.57
16/12/2013 03:30:00,   53.75,   57.89,   49.92,   54.63,   58.80,   50.68
16/12/2013 03:35:00,   55.65,   60.30,   50.47,   56.61,   61.58,   51.08
16/12/2013 03:40:00,   54.08,   58.96,   49.28,   58.97,   62.25,   51.57
16/12/2013 03:45:00,   51.39,   53.82,   48.02,   53.39,   57.04,   50.19
16/12/2013 03:50:00,   55.28,   59.35,   50.81,   61.67,   67.74,   53.07
16/12/2013 03:55:00,   53.45,   58.43,   49.08,   57.70,   62.98,   51.26
16/12/2013 04:00:00,   52.54,   55.42,   48.16,   57.12,   62.79,   50.27
16/12/2013 04:05:00,   53.58,   57.66,   47.63,   55.85,   61.11,   49.42
16/12/2013 04:10:00,   54.50,   59.45,   47.76,   58.11,   62.51,   50.71
16/12/2013 04:15:00,   55.52,   60.39,   50.20,   58.15,   62.85,   51.62
16/12/2013 04:20:00,   52.82,   54.34,   50.54,   56.90,   61.48,   52.28
16/12/2013 04:25:00,   52.26,   54.14,   49.52,   56.67,   60.88,   51.06
16/12/2013 04:30:00,   53.84,   58.45,   49.32,   58.79,   63.57,   50.84
16/12/2013 04:35:00,   55.01,   59.65,   50.03,   56.79,   61.52,   51.43
16/12/2013 04:40:00,   55.62,   59.09,   50.76,   63.27,   69.30,   52.36
16/12/2013 04:45:00,   55.37,   60.87,   48.93,   63.83,   70.71,   51.94
16/12/2013 04:50:00,   51.36,   55.12,   47.36,   57.14,   62.76,   50.47
16/12/2013 04:55:00,   53.79,   58.73,   48.61,   56.65,   60.99,   50.58
16/12/2013 05:00:00,   54.41,   59.40,   49.63,   57.48,   62.24,   51.10
16/12/2013 05:05:00,   54.27,   59.28,   50.07,   57.56,   61.15,   52.07
16/12/2013 05:10:00,   52.45,   57.63,   48.17,   54.91,   59.60,   50.17
16/12/2013 05:15:00,   52.74,   57.76,   48.55,   55.70,   59.93,   50.31
16/12/2013 05:20:00,   54.61,   59.57,   47.68,   56.58,   61.09,   50.77
16/12/2013 05:25:00,   53.90,   59.46,   46.33,   55.57,   60.18,   49.53
16/12/2013 05:30:00,   53.82,   59.41,   47.93,   55.66,   60.37,   50.78
16/12/2013 05:35:00,   56.61,   61.39,   48.55,   58.10,   62.62,   51.86
16/12/2013 05:40:00,   55.04,   59.62,   49.25,   57.13,   60.28,   53.90
16/12/2013 05:45:00,   56.80,   61.09,   50.67,   58.23,   61.65,   53.24
16/12/2013 05:50:00,   56.17,   60.43,   51.75,   57.43,   61.06,   53.73
16/12/2013 05:55:00,   58.37,   62.67,   50.95,   59.78,   63.46,   53.43
16/12/2013 06:00:00,   56.56,   61.53,   50.27,   58.09,   62.50,   53.30
16/12/2013 06:05:00,   56.19,   61.07,   48.63,   57.92,   62.46,   51.82
16/12/2013 06:10:00,   56.04,   60.04,   51.08,   57.92,   61.41,   54.20
16/12/2013 06:15:00,   55.14,   61.02,   50.57,   57.58,   62.51,   53.84
16/12/2013 06:20:00,   56.63,   60.64,   51.82,   59.07,   62.25,   55.12
16/12/2013 06:25:00,   56.81,   61.15,   51.82,   59.07,   62.85,   54.59
16/12/2013 06:30:00,   56.81,   60.65,   52.07,   58.99,   62.06,   54.89
16/12/2013 06:35:00,   58.03,   61.34,   53.72,   60.32,   62.87,   56.61
16/12/2013 06:40:00,   58.39,   62.03,   53.43,   62.06,   65.93,   56.98
16/12/2013 06:45:00,   58.76,   61.35,   53.87,   61.35,   64.51,   57.22
16/12/2013 06:50:00,   57.98,   60.79,   54.52,   61.33,   64.93,   57.60
16/12/2013 06:55:00,   59.72,   63.02,   55.36,   62.67,   66.57,   58.10
16/12/2013 07:00:00,   60.38,   63.61,   55.34,   63.23,   65.57,   58.07
16/12/2013 07:05:00,   59.72,   63.03,   55.88,   62.76,   66.70,   58.43
16/12/2013 07:10:00,   59.94,   62.80,   56.17,   62.60,   65.48,   59.11
16/12/2013 07:15:00,   60.10,   62.55,   56.75,   62.70,   65.12,   59.58
16/12/2013 07:20:00,   60.74,   63.71,   56.41,   64.24,   67.59,   60.02
16/12/2013 07:25:00,   61.59,   64.33,   57.18,   65.10,   67.90,   59.82
16/12/2013 07:30:00,   60.37,   63.20,   56.74,   62.74,   65.28,   59.51
16/12/2013 07:35:00,   60.37,   63.66,   55.92,   63.98,   67.68,   58.83
16/12/2013 07:40:00,   59.69,   62.28,   56.26,   63.32,   65.64,   59.58
16/12/2013 07:45:00,   60.57,   63.40,   57.16,   62.92,   65.77,   59.58
16/12/2013 07:50:00,   60.43,   63.21,   56.81,   63.67,   66.78,   59.93
16/12/2013 07:55:00,   60.29,   63.16,   55.99,   62.73,   65.31,   58.98
16/12/2013 08:00:00,   60.01,   62.59,   57.06,   63.76,   66.03,   61.14
16/12/2013 08:05:00,   60.48,   62.81,   56.95,   64.00,   65.86,   60.96
16/12/2013 08:10:00,   60.79,   63.38,   57.34,   63.66,   65.93,   60.64
16/12/2013 08:15:00,   60.31,   62.56,   57.23,   63.50,   65.83,   60.68
16/12/2013 08:20:00,   60.60,   62.98,   57.13,   63.89,   66.30,   60.52
16/12/2013 08:25:00,   59.99,   62.53,   56.36,   63.98,   65.94,   61.01
16/12/2013 08:30:00,   59.08,   61.25,   56.53,   64.52,   67.58,   61.18
16/12/2013 08:35:00,   59.61,   62.09,   55.99,   63.03,   64.93,   60.49
16/12/2013 08:40:00,   60.86,   63.10,   57.78,   64.62,   66.96,   61.17
16/12/2013 08:45:00,   60.44,   62.94,   57.18,   63.74,   66.38,   60.73
16/12/2013 08:50:00,   60.38,   62.51,   57.40,   64.26,   66.13,   61.20
16/12/2013 08:55:00,   62.45,   64.51,   59.43,   65.11,   68.05,   62.45
16/12/2013 09:00:00,   62.00,   64.03,   59.17,   64.74,   67.11,   61.94
16/12/2013 09:05:00,   62.16,   64.20,   59.22,   65.23,   67.42,   62.40
16/12/2013 09:10:00,   61.75,   63.69,   58.98,   64.32,   65.89,   61.85
16/12/2013 09:15:00,   60.71,   63.11,   56.38,   63.28,   65.50,   59.67
16/12/2013 09:20:00,   63.37,   65.11,   61.53,   65.13,   66.87,   62.59
16/12/2013 09:25:00,   61.26,   63.32,   57.37,   63.42,   65.39,   60.20
16/12/2013 09:30:00,   61.76,   63.85,   58.88,   64.63,   66.27,   61.75
16/12/2013 09:35:00,   60.80,   63.63,   56.84,   63.28,   65.63,   59.72
16/12/2013 09:40:00,   59.85,   63.10,   55.66,   63.98,   67.19,   59.86
16/12/2013 09:45:00,   59.85,   62.82,   55.98,   62.75,   65.07,   59.44
16/12/2013 09:50:00,   61.00,   63.65,   56.19,   63.69,   66.23,   59.82
16/12/2013 09:55:00,   60.55,   62.76,   56.36,   63.42,   65.55,   59.24
16/12/2013 10:00:00,   60.56,   63.09,   56.47,   63.61,   66.43,   59.74
16/12/2013 10:05:00,   60.23,   62.91,   56.70,   63.07,   65.51,   59.86
16/12/2013 10:10:00,   60.55,   63.07,   56.81,   62.83,   64.75,   59.93
16/12/2013 10:15:00,   60.74,   63.68,   56.85,   64.61,   67.79,   60.54
16/12/2013 10:20:00,   61.09,   63.60,   56.87,   64.70,   67.27,   60.19
16/12/2013 10:25:00,   60.33,   62.81,   56.49,   63.90,   66.41,   59.22
16/12/2013 10:30:00,   61.49,   64.01,   57.36,   64.13,   66.36,   60.39
16/12/2013 10:35:00,   60.93,   62.84,   56.76,   64.26,   66.32,   60.76
16/12/2013 10:40:00,   60.38,   63.00,   56.30,   63.70,   66.33,   59.82
16/12/2013 10:45:00,   60.85,   63.10,   55.84,   64.01,   66.42,   58.96
16/12/2013 10:50:00,   62.53,   64.48,   58.49,   65.08,   67.96,   60.82
16/12/2013 10:55:00,   61.08,   63.38,   56.55,   64.47,   67.11,   59.98
16/12/2013 11:00:00,   61.49,   63.28,   58.77,   63.87,   65.71,   60.83
16/12/2013 11:05:00,   60.37,   62.83,   56.07,   63.72,   66.13,   59.68
16/12/2013 11:10:00,   59.59,   62.42,   55.31,   62.45,   65.01,   58.66
16/12/2013 11:15:00,   60.16,   63.05,   56.38,   63.21,   66.28,   59.49
16/12/2013 11:20:00,   60.25,   62.60,   56.17,   63.31,   65.29,   59.67
16/12/2013 11:25:00,   60.50,   62.60,   56.74,   63.92,   66.11,   60.45
16/12/2013 11:30:00,   61.57,   63.86,   58.04,   63.92,   66.56,   60.98
16/12/2013 11:35:00,   60.14,   62.38,   56.43,   63.77,   66.12,   60.01
16/12/2013 11:40:00,   61.42,   63.76,   56.44,   64.53,   66.20,   59.93
16/12/2013 11:45:00,   61.70,   64.15,   57.76,   64.93,   68.09,   60.91
16/12/2013 11:50:00,   59.69,   62.62,   55.47,   62.69,   65.53,   58.83
16/12/2013 11:55:00,   60.81,   63.41,   56.74,   64.10,   66.89,   60.17
16/12/2013 12:00:00,   60.00,   62.34,   55.12,   62.87,   65.03,   58.80
16/12/2013 12:05:00,   61.16,   63.32,   57.34,   63.76,   65.83,   60.57
16/12/2013 12:10:00,   59.84,   61.81,   56.50,   63.31,   65.44,   59.90
16/12/2013 12:15:00,   60.63,   63.07,   55.55,   63.82,   66.70,   59.41
16/12/2013 12:20:00,   61.60,   63.38,   58.45,   63.54,   65.50,   60.18
16/12/2013 12:25:00,   61.27,   63.58,   57.19,   63.74,   66.39,   60.26
16/12/2013 12:30:00,   62.56,   64.30,   59.30,   64.35,   66.46,   61.26
16/12/2013 12:35:00,   60.82,   63.38,   56.60,   63.50,   65.55,   60.48
16/12/2013 12:40:00,   59.20,   61.75,   55.41,   63.40,   65.76,   59.84
16/12/2013 12:45:00,   59.67,   62.61,   55.65,   63.42,   66.06,   59.15
16/12/2013 12:50:00,   62.29,   65.27,   57.36,   64.05,   66.40,   59.82
16/12/2013 12:55:00,   63.67,   65.61,   60.42,   64.77,   66.62,   62.25
16/12/2013 13:00:00,   64.60,   66.07,   59.86,   66.28,   68.96,   61.79
16/12/2013 13:05:00,   61.66,   64.03,   58.13,   63.81,   65.95,   60.77
16/12/2013 13:10:00,   62.63,   63.90,   60.01,   64.09,   65.98,   61.57
16/12/2013 13:15:00,   60.79,   63.48,   56.40,   63.51,   65.50,   60.79
16/12/2013 13:20:00,   61.22,   63.54,   56.23,   63.89,   66.31,   60.02
16/12/2013 13:25:00,   59.81,   62.48,   55.20,   63.66,   66.95,   59.33
16/12/2013 13:30:00,   60.21,   62.74,   56.72,   64.42,   66.09,   60.20
16/12/2013 13:35:00,   61.23,   63.20,   57.91,   63.92,   66.13,   60.10
16/12/2013 13:40:00,   61.11,   62.92,   57.90,   63.75,   65.73,   60.84
16/12/2013 13:45:00,   60.66,   62.74,   57.68,   63.56,   65.48,   60.71
16/12/2013 13:50:00,   62.68,   65.33,   57.68,   64.50,   66.47,   60.50
16/12/2013 13:55:00,   63.10,   64.72,   60.20,   65.10,   66.71,   62.48
16/12/2013 14:00:00,   61.90,   64.23,   59.28,   63.74,   65.77,   60.87
16/12/2013 14:05:00,   62.44,   63.78,   60.11,   64.63,   66.91,   61.23
16/12/2013 14:10:00,   62.61,   64.72,   59.44,   65.51,   68.08,   61.50
16/12/2013 14:15:00,   63.28,   64.93,   60.58,   64.37,   66.04,   61.92
16/12/2013 14:20:00,   63.74,   65.24,   61.40,   64.79,   67.02,   62.15
16/12/2013 14:25:00,   64.05,   65.44,   61.81,   65.79,   67.84,   63.21
16/12/2013 14:30:00,   60.49,   62.99,   56.75,   63.35,   65.28,   60.88
16/12/2013 14:35:00,   59.97,   61.44,   55.59,   64.20,   66.07,   60.16
16/12/2013 14:40:00,   59.04,   60.89,   56.37,   63.87,   65.80,   60.52
16/12/2013 14:45:00,   59.55,   61.57,   56.74,   63.72,   65.20,   60.96
16/12/2013 14:50:00,   60.90,   62.65,   56.85,   65.12,   68.66,   60.91
16/12/2013 14:55:00,   60.91,   63.16,   57.45,   65.23,   67.92,   62.25
16/12/2013 15:00:00,   62.27,   64.04,   58.34,   64.33,   66.19,   61.37
16/12/2013 15:05:00,   64.37,   65.50,   62.98,   65.30,   66.85,   63.43
16/12/2013 15:10:00,   62.60,   65.42,   57.20,   64.37,   66.21,   61.39
16/12/2013 15:15:00,   62.82,   64.33,   60.47,   64.49,   65.99,   62.12
16/12/2013 15:20:00,   63.21,   64.68,   60.89,   65.31,   67.69,   62.06
16/12/2013 15:25:00,   62.51,   64.65,   56.83,   64.09,   65.80,   60.53
16/12/2013 15:30:00,   60.42,   62.52,   57.14,   63.76,   66.26,   60.45
16/12/2013 15:35:00,   60.61,   62.99,   57.13,   64.21,   66.31,   60.56
16/12/2013 15:40:00,   60.22,   62.34,   57.64,   63.40,   65.47,   60.77
16/12/2013 15:45:00,   59.58,   61.94,   56.46,   62.91,   65.13,   59.94
16/12/2013 15:50:00,   59.53,   61.22,   56.67,   63.35,   65.21,   60.97
16/12/2013 15:55:00,   60.10,   62.60,   56.22,   63.28,   65.36,   59.52
16/12/2013 16:00:00,   58.65,   60.62,   56.20,   62.70,   64.94,   59.89
16/12/2013 16:05:00,   59.23,   61.15,   56.04,   62.97,   64.66,   60.04
16/12/2013 16:10:00,   59.89,   61.89,   56.28,   63.66,   65.53,   60.54
16/12/2013 16:15:00,   60.75,   63.02,   56.48,   64.83,   67.43,   60.85
16/12/2013 16:20:00,   60.23,   62.50,   57.10,   63.43,   65.64,   60.17
16/12/2013 16:25:00,   59.03,   61.13,   55.91,   63.35,   65.55,   59.91
16/12/2013 16:30:00,   60.20,   62.01,   57.40,   63.27,   64.77,   60.73
16/12/2013 16:35:00,   60.28,   62.55,   56.21,   63.63,   66.24,   59.89
16/12/2013 16:40:00,   59.58,   61.81,   56.41,   63.07,   64.77,   60.02
16/12/2013 16:45:00,   59.41,   61.65,   56.02,   62.72,   64.43,   59.82
16/12/2013 16:50:00,   59.62,   61.61,   56.25,   62.92,   64.93,   60.21
16/12/2013 16:55:00,   59.63,   61.88,   56.13,   63.22,   64.91,   59.98
16/12/2013 17:00:00,   60.13,   62.09,   57.26,   63.07,   64.87,   60.41
16/12/2013 17:05:00,   59.95,   61.92,   56.60,   63.70,   65.90,   60.12
16/12/2013 17:10:00,   59.19,   60.98,   56.07,   63.17,   65.23,   59.88
16/12/2013 17:15:00,   59.39,   61.12,   55.82,   63.34,   65.62,   59.61
16/12/2013 17:20:00,   58.80,   61.29,   55.34,   61.77,   63.75,   59.08
16/12/2013 17:25:00,   59.30,   62.03,   55.38,   62.30,   64.69,   58.96
16/12/2013 17:30:00,   59.44,   61.74,   56.20,   62.80,   65.13,   59.47
16/12/2013 17:35:00,   59.48,   61.79,   56.09,   63.56,   65.90,   59.90
16/12/2013 17:40:00,   59.40,   61.60,   55.33,   63.58,   66.37,   59.11
16/12/2013 17:45:00,   59.71,   61.99,   55.67,   63.87,   66.38,   59.52
16/12/2013 17:50:00,   59.44,   62.46,   54.47,   62.58,   64.75,   58.28
16/12/2013 17:55:00,   59.41,   61.71,   55.30,   62.97,   65.24,   58.78
16/12/2013 18:00:00,   59.75,   62.37,   56.57,   62.94,   64.73,   60.41
16/12/2013 18:05:00,   60.06,   62.26,   55.12,   62.87,   64.77,   58.85
16/12/2013 18:10:00,   60.15,   62.05,   56.34,   63.25,   64.85,   59.38
16/12/2013 18:15:00,   59.73,   62.34,   56.22,   63.02,   65.49,   59.77
16/12/2013 18:20:00,   60.17,   62.51,   56.38,   63.15,   65.37,   59.68
16/12/2013 18:25:00,   60.15,   62.21,   56.64,   63.77,   66.17,   60.12
16/12/2013 18:30:00,   59.17,   61.52,   56.01,   61.93,   64.08,   59.23
16/12/2013 18:35:00,   58.71,   60.61,   55.94,   62.12,   64.11,   59.37
16/12/2013 18:40:00,   60.26,   62.26,   56.83,   63.58,   65.66,   60.71
16/12/2013 18:45:00,   59.47,   61.70,   56.02,   62.32,   63.88,   59.64
16/12/2013 18:50:00,   59.65,   62.09,   55.86,   62.39,   64.67,   59.24
16/12/2013 18:55:00,   59.08,   61.03,   55.65,   61.54,   63.25,   58.62
16/12/2013 19:00:00,   59.18,   61.85,   55.45,   62.08,   64.18,   59.01
16/12/2013 19:05:00,   59.20,   61.94,   54.57,   62.53,   64.61,   58.70
16/12/2013 19:10:00,   59.69,   61.59,   56.97,   62.01,   63.66,   59.17
16/12/2013 19:15:00,   58.92,   61.36,   54.93,   61.72,   63.59,   58.28
16/12/2013 19:20:00,   59.00,   61.56,   53.96,   61.51,   63.62,   57.42
16/12/2013 19:25:00,   59.01,   61.88,   54.71,   61.54,   64.39,   57.76
16/12/2013 19:30:00,   58.72,   62.45,   54.56,   61.35,   64.08,   57.52
16/12/2013 19:35:00,   58.69,   62.03,   54.76,   62.00,   64.70,   57.62
16/12/2013 19:40:00,   58.51,   60.87,   54.83,   61.54,   63.89,   57.86
16/12/2013 19:45:00,   59.02,   61.35,   54.49,   62.64,   64.01,   57.90
16/12/2013 19:50:00,   59.14,   61.48,   55.73,   61.73,   63.77,   58.90
16/12/2013 19:55:00,   58.61,   61.27,   54.73,   61.14,   63.40,   57.87
16/12/2013 20:00:00,   59.12,   61.60,   54.72,   62.07,   64.07,   58.52
16/12/2013 20:05:00,   58.83,   62.09,   54.96,   61.58,   64.27,   58.56
16/12/2013 20:10:00,   59.64,   62.52,   56.06,   63.45,   67.45,   58.96
16/12/2013 20:15:00,   59.48,   61.75,   56.01,   62.61,   64.89,   58.93
16/12/2013 20:20:00,   58.72,   61.14,   54.92,   62.02,   64.71,   58.21
16/12/2013 20:25:00,   58.52,   61.22,   54.19,   61.20,   63.29,   57.36
16/12/2013 20:30:00,   58.50,   60.81,   55.50,   61.81,   64.64,   58.24
16/12/2013 20:35:00,   59.21,   61.64,   54.77,   61.88,   63.80,   57.76
16/12/2013 20:40:00,   58.89,   61.63,   55.04,   61.38,   63.88,   57.96
16/12/2013 20:45:00,   58.89,   61.93,   53.96,   61.06,   63.88,   56.64
16/12/2013 20:50:00,   59.06,   61.75,   54.71,   61.12,   63.41,   57.55
16/12/2013 20:55:00,   57.81,   60.34,   54.18,   60.70,   63.59,   56.83
16/12/2013 21:00:00,   58.74,   61.53,   55.22,   61.06,   63.41,   58.11
16/12/2013 21:05:00,   58.53,   61.75,   52.77,   61.52,   64.69,   55.74
16/12/2013 21:10:00,   59.15,   61.64,   54.54,   62.34,   65.08,   57.76
16/12/2013 21:15:00,   57.85,   60.81,   52.19,   60.30,   63.61,   55.31
16/12/2013 21:20:00,   58.46,   60.97,   53.89,   60.92,   63.49,   56.85
16/12/2013 21:25:00,   57.95,   61.09,   53.33,   60.13,   62.82,   56.12
16/12/2013 21:30:00,   56.34,   59.99,   51.31,   58.75,   62.31,   53.94
16/12/2013 21:35:00,   57.35,   60.38,   52.69,   59.66,   61.94,   55.68
16/12/2013 21:40:00,   58.40,   61.53,   54.21,   61.02,   64.17,   56.63
16/12/2013 21:45:00,   57.91,   60.43,   52.41,   60.25,   62.62,   55.61
16/12/2013 21:50:00,   57.51,   60.57,   53.17,   59.79,   62.50,   56.15
16/12/2013 21:55:00,   58.37,   61.96,   51.50,   62.24,   68.25,   54.93
16/12/2013 22:00:00,   57.37,   61.12,   52.15,   59.45,   62.47,   54.98
16/12/2013 22:05:00,   56.07,   59.85,   51.71,   58.45,   61.74,   54.70
16/12/2013 22:10:00,   57.32,   60.62,   52.76,   59.88,   62.57,   55.98
16/12/2013 22:15:00,   57.01,   60.52,   52.44,   59.87,   63.04,   55.69
16/12/2013 22:20:00,   57.03,   60.51,   52.01,   59.70,   62.34,   55.86
16/12/2013 22:25:00,   56.75,   59.81,   51.90,   58.60,   61.50,   54.52
16/12/2013 22:30:00,   56.23,   59.90,   51.40,   60.09,   64.35,   54.82
16/12/2013 22:35:00,   57.45,   60.91,   52.51,   59.97,   62.75,   55.21
16/12/2013 22:40:00,   56.65,   59.68,   51.99,   59.31,   62.50,   54.68
16/12/2013 22:45:00,   56.27,   59.32,   51.93,   60.07,   63.10,   55.04
16/12/2013 22:50:00,   56.06,   59.64,   51.57,   59.36,   61.75,   54.11
16/12/2013 22:55:00,   55.75,   59.48,   50.58,   57.63,   60.46,   53.43
16/12/2013 23:00:00,   55.70,   58.80,   50.54,   58.20,   61.19,   53.64
16/12/2013 23:05:00,   55.86,   59.37,   50.26,   58.06,   61.25,   53.12
16/12/2013 23:10:00,   54.82,   58.61,   49.29,   57.12,   60.33,   52.98
16/12/2013 23:15:00,   54.56,   58.30,   50.09,   57.66,   61.76,   53.27
16/12/2013 23:20:00,   56.03,   59.47,   51.43,   58.52,   61.59,   54.56
16/12/2013 23:25:00,   55.63,   59.55,   50.35,   58.33,   61.80,   53.86
16/12/2013 23:30:00,   55.73,   60.08,   49.91,   58.70,   62.53,   53.47
16/12/2013 23:35:00,   54.14,   58.50,   49.77,   56.69,   60.32,   52.90
16/12/2013 23:40:00,   54.53,   58.85,   48.36,   56.94,   60.97,   51.69
16/12/2013 23:45:00,   54.49,   59.44,   49.35,   57.83,   61.87,   52.37
16/12/2013 23:50:00,   54.85,   58.99,   49.33,   57.07,   60.93,   52.07
16/12/2013 23:55:00,   53.27,   56.55,   48.93,   55.94,   58.98,   52.02

