# noise_analysis run from DCC-NOISE-001003 at Sat Jul  6 00:00:00 2013
# Monitoring unit located at 53.342609N 6.340721W
# logfile   = /home/root/noise_analysis.log
# cfg_dir   = /home/root/config
# outputdir = /home/root/noise
# Sensitivity = -26.271103
# Gain = 1.000000
# Time should be in local format (i.e. daylight savings time)
# dd/mm/yyyy hh:mm:ss, A Leq,   A L10,   A L95,   C Leq,   C L10,   C L95
06/07/2013 00:05:00,   50.62,   55.64,   41.52,   53.21,   57.98,   46.07
06/07/2013 00:10:00,   50.64,   55.41,   42.84,   54.59,   59.29,   46.79
06/07/2013 00:15:00,   51.34,   56.66,   43.39,   53.61,   58.10,   47.15
06/07/2013 00:20:00,   53.61,   57.73,   46.33,   57.30,   61.26,   49.78
06/07/2013 00:25:00,   51.50,   56.70,   43.39,   54.09,   58.41,   48.22
06/07/2013 00:30:00,   50.03,   54.90,   43.36,   53.14,   57.60,   47.01
06/07/2013 00:35:00,   51.45,   56.64,   44.42,   54.65,   59.13,   48.31
06/07/2013 00:40:00,   51.69,   57.26,   45.04,   54.13,   59.37,   48.59
06/07/2013 00:45:00,   51.83,   56.20,   46.23,   54.62,   58.39,   49.22
06/07/2013 00:50:00,   51.73,   55.91,   46.23,   54.96,   58.80,   49.51
06/07/2013 00:55:00,   52.33,   56.37,   46.28,   54.72,   58.19,   49.58
06/07/2013 01:00:00,   52.29,   55.99,   47.53,   54.91,   58.22,   50.92
06/07/2013 01:05:00,   53.15,   57.65,   46.72,   55.50,   59.05,   50.03
06/07/2013 01:10:00,   51.74,   56.01,   45.93,   54.03,   58.38,   49.21
06/07/2013 01:15:00,   52.72,   58.11,   45.49,   55.04,   59.69,   48.85
06/07/2013 01:20:00,   52.60,   56.44,   45.64,   55.21,   58.67,   49.23
06/07/2013 01:25:00,   52.05,   57.71,   44.42,   54.69,   59.50,   48.52
06/07/2013 01:30:00,   52.09,   55.95,   45.99,   55.01,   58.87,   49.31
06/07/2013 01:35:00,   51.81,   55.34,   45.94,   54.16,   57.70,   49.38
06/07/2013 01:40:00,   51.11,   55.80,   45.77,   53.45,   57.81,   49.01
06/07/2013 01:45:00,   53.24,   57.41,   46.28,   55.99,   60.21,   49.64
06/07/2013 01:50:00,   52.04,   56.79,   46.18,   54.42,   58.51,   49.38
06/07/2013 01:55:00,   52.49,   57.13,   45.84,   54.83,   58.93,   49.15
06/07/2013 02:00:00,   52.12,   56.97,   45.40,   54.44,   59.27,   48.47
06/07/2013 02:05:00,   51.58,   56.83,   44.48,   53.64,   58.17,   48.02
06/07/2013 02:10:00,   52.31,   56.44,   44.97,   54.94,   59.55,   48.22
06/07/2013 02:15:00,   51.49,   56.74,   45.18,   54.45,   59.57,   48.68
06/07/2013 02:20:00,   50.93,   55.26,   45.46,   53.62,   57.73,   49.10
06/07/2013 02:25:00,   49.93,   55.22,   44.78,   52.56,   56.79,   48.23
06/07/2013 02:30:00,   49.47,   54.72,   43.76,   51.81,   56.06,   47.43
06/07/2013 02:35:00,   47.78,   52.72,   42.83,   50.65,   54.38,   46.92
06/07/2013 02:40:00,   49.67,   55.54,   43.11,   52.55,   58.22,   47.22
06/07/2013 02:45:00,   48.17,   52.74,   43.03,   51.17,   55.43,   47.11
06/07/2013 02:50:00,   48.92,   54.44,   42.42,   51.60,   56.19,   47.11
06/07/2013 02:55:00,   49.49,   56.71,   41.43,   52.55,   58.96,   45.82
06/07/2013 03:00:00,   48.72,   53.49,   42.65,   52.12,   55.92,   46.69
06/07/2013 03:05:00,   49.79,   55.62,   41.06,   53.00,   57.94,   44.60
06/07/2013 03:10:00,   49.95,   56.45,   41.29,   52.40,   58.02,   45.27
06/07/2013 03:15:00,   48.76,   53.35,   40.94,   51.26,   55.72,   44.87
06/07/2013 03:20:00,   46.82,   52.51,   40.04,   50.00,   55.34,   44.67
06/07/2013 03:25:00,   46.50,   52.38,   39.58,   49.42,   54.70,   44.08
06/07/2013 03:30:00,   47.07,   53.51,   38.80,   50.25,   55.67,   42.59
06/07/2013 03:35:00,   48.35,   55.28,   39.22,   50.67,   56.50,   43.45
06/07/2013 03:40:00,   50.00,   55.21,   40.91,   51.82,   56.64,   44.44
06/07/2013 03:45:00,   47.99,   55.56,   38.95,   50.05,   56.46,   42.65
06/07/2013 03:50:00,   46.69,   53.99,   38.44,   48.67,   55.27,   42.30
06/07/2013 03:55:00,   46.34,   52.94,   38.68,   48.67,   54.78,   42.26
06/07/2013 04:00:00,   47.16,   54.03,   39.35,   50.26,   56.82,   43.14
06/07/2013 04:05:00,   47.88,   54.09,   39.49,   50.40,   56.29,   43.17
06/07/2013 04:10:00,   50.00,   55.84,   39.70,   53.04,   58.39,   43.41
06/07/2013 04:15:00,   49.37,   54.90,   40.94,   51.69,   57.14,   44.80
06/07/2013 04:20:00,   47.13,   52.36,   39.12,   49.29,   54.40,   42.30
06/07/2013 04:25:00,   47.91,   54.00,   40.35,   50.87,   56.92,   43.60
06/07/2013 04:30:00,   46.86,   52.31,   38.77,   48.60,   53.82,   42.37
06/07/2013 04:35:00,   48.80,   55.60,   38.90,   50.75,   57.73,   42.18
06/07/2013 04:40:00,   48.79,   55.25,   41.58,   50.71,   56.71,   44.61
06/07/2013 04:45:00,   45.29,   51.34,   39.23,   47.63,   52.71,   43.08
06/07/2013 04:50:00,   48.76,   55.98,   39.54,   50.91,   57.37,   42.69
06/07/2013 04:55:00,   49.66,   56.15,   40.69,   51.93,   57.89,   43.47
06/07/2013 05:00:00,   47.01,   52.82,   40.91,   49.29,   54.77,   43.75
06/07/2013 05:05:00,   46.55,   52.21,   40.28,   49.29,   53.83,   43.75
06/07/2013 05:10:00,   48.82,   54.90,   41.77,   50.91,   56.48,   45.23
06/07/2013 05:15:00,   48.75,   54.15,   41.17,   50.71,   55.56,   44.53
06/07/2013 05:20:00,   50.96,   57.52,   43.48,   52.50,   57.93,   46.08
06/07/2013 05:25:00,   49.10,   56.15,   41.17,   51.04,   57.28,   44.23
06/07/2013 05:30:00,   48.36,   54.51,   41.76,   51.85,   57.68,   45.31
06/07/2013 05:35:00,   49.84,   55.36,   42.14,   51.08,   56.42,   45.05
06/07/2013 05:40:00,   45.77,   49.53,   39.15,   48.20,   51.98,   42.16
06/07/2013 05:45:00,   50.26,   55.61,   41.80,   53.04,   57.83,   45.05
06/07/2013 05:50:00,   47.51,   53.05,   39.64,   51.38,   57.76,   43.66
06/07/2013 05:55:00,   50.96,   56.51,   42.37,   53.96,   59.17,   45.48
06/07/2013 06:00:00,   45.85,   51.19,   40.47,   49.72,   53.78,   44.59
06/07/2013 06:05:00,   46.98,   52.84,   40.12,   50.01,   54.84,   44.92
06/07/2013 06:10:00,   46.60,   53.01,   39.05,   50.47,   56.13,   43.22
06/07/2013 06:15:00,   49.40,   55.07,   41.83,   51.50,   56.05,   45.46
06/07/2013 06:20:00,   46.50,   52.22,   39.84,   48.91,   54.31,   43.75
06/07/2013 06:25:00,   48.59,   55.75,   40.08,   51.99,   57.68,   43.67
06/07/2013 06:30:00,   47.75,   53.41,   39.59,   52.62,   58.06,   45.01
06/07/2013 06:35:00,   48.97,   55.56,   39.93,   51.53,   57.04,   43.88
06/07/2013 06:40:00,   48.89,   55.76,   39.52,   55.54,   62.21,   43.84
06/07/2013 06:45:00,   50.97,   56.43,   42.31,   53.18,   57.96,   45.87
06/07/2013 06:50:00,   50.35,   56.76,   40.58,   56.20,   61.11,   46.76
06/07/2013 06:55:00,   48.78,   55.82,   38.75,   53.98,   62.10,   43.51
06/07/2013 07:00:00,   50.31,   56.04,   39.38,   54.64,   60.40,   43.30
06/07/2013 07:05:00,   48.92,   54.43,   40.57,   53.33,   58.44,   44.24
06/07/2013 07:10:00,   49.43,   56.09,   39.00,   52.28,   57.64,   44.56
06/07/2013 07:15:00,   51.03,   56.41,   41.91,   55.57,   61.41,   45.75
06/07/2013 07:20:00,   49.23,   55.12,   41.04,   55.85,   61.28,   46.58
06/07/2013 07:25:00,   52.08,   56.55,   45.42,   55.78,   60.04,   48.87
06/07/2013 07:30:00,   51.32,   55.67,   44.11,   54.33,   58.66,   47.29
06/07/2013 07:35:00,   50.77,   55.74,   42.24,   55.05,   59.96,   47.05
06/07/2013 07:40:00,   51.58,   55.87,   43.36,   54.69,   59.13,   47.14
06/07/2013 07:45:00,   52.53,   57.52,   45.46,   55.41,   59.84,   47.89
06/07/2013 07:50:00,   53.75,   57.81,   46.51,   56.99,   61.88,   48.53
06/07/2013 07:55:00,   53.74,   58.36,   46.59,   57.94,   62.04,   50.85
06/07/2013 08:00:00,   50.77,   55.42,   41.02,   54.79,   58.66,   45.97
06/07/2013 08:05:00,   52.03,   56.94,   43.43,   55.49,   60.04,   45.78
06/07/2013 08:10:00,   50.65,   56.13,   41.40,   53.33,   58.47,   45.01
06/07/2013 08:15:00,   51.88,   56.82,   44.62,   54.56,   58.79,   47.93
06/07/2013 08:20:00,   53.35,   57.47,   45.77,   57.09,   60.47,   50.21
06/07/2013 08:25:00,   51.88,   56.05,   45.07,   55.34,   58.89,   48.79
06/07/2013 08:30:00,   51.97,   56.28,   45.83,   55.36,   59.56,   48.78
06/07/2013 08:35:00,   53.02,   56.69,   45.28,   56.18,   60.25,   48.35
06/07/2013 08:40:00,   52.93,   56.62,   46.50,   57.47,   61.17,   50.27
06/07/2013 08:45:00,   53.33,   57.21,   47.12,   56.64,   60.71,   50.73
06/07/2013 08:50:00,   53.15,   56.49,   46.57,   57.02,   60.47,   51.82
06/07/2013 08:55:00,   53.21,   57.56,   44.89,   56.06,   59.87,   48.01
06/07/2013 09:00:00,   53.44,   57.40,   47.12,   57.42,   60.83,   49.84
06/07/2013 09:05:00,   53.81,   58.13,   45.03,   57.55,   61.90,   51.44
06/07/2013 09:10:00,   54.28,   58.41,   48.21,   57.85,   61.71,   51.75
06/07/2013 09:15:00,   53.20,   56.64,   47.48,   56.96,   60.43,   51.24
06/07/2013 09:20:00,   54.84,   57.99,   46.37,   59.70,   62.87,   50.11
06/07/2013 09:25:00,   53.45,   57.08,   46.88,   59.11,   62.25,   52.27
06/07/2013 09:30:00,   54.69,   58.03,   48.38,   60.23,   63.73,   53.50
06/07/2013 09:35:00,   52.86,   56.53,   46.59,   56.54,   59.92,   50.66
06/07/2013 09:40:00,   54.59,   58.25,   48.76,   58.96,   62.65,   52.10
06/07/2013 09:45:00,   53.28,   57.17,   47.29,   57.43,   61.02,   51.89
06/07/2013 09:50:00,   52.70,   56.66,   45.95,   57.29,   60.95,   51.30
06/07/2013 09:55:00,   54.57,   58.46,   48.76,   58.44,   61.27,   52.56
06/07/2013 10:00:00,   54.42,   57.78,   48.15,   60.44,   64.71,   52.45
06/07/2013 10:05:00,   53.46,   57.82,   46.48,   57.01,   60.92,   50.19
06/07/2013 10:10:00,   53.08,   56.85,   46.71,   58.30,   61.27,   51.98
06/07/2013 10:15:00,   54.15,   57.40,   46.98,   58.16,   60.72,   51.63
06/07/2013 10:20:00,   55.51,   58.25,   49.98,   59.12,   62.11,   54.02
06/07/2013 10:25:00,   55.05,   57.75,   50.66,   59.68,   62.69,   54.21
06/07/2013 10:30:00,   54.69,   57.55,   49.79,   59.12,   62.22,   54.31
06/07/2013 10:35:00,   54.55,   58.64,   47.17,   59.56,   63.57,   54.26
06/07/2013 10:40:00,   53.42,   56.96,   48.52,   57.58,   60.69,   53.26
06/07/2013 10:45:00,   54.23,   57.43,   48.40,   58.00,   61.06,   51.56
06/07/2013 10:50:00,   53.78,   57.15,   46.47,   57.84,   60.66,   51.68
06/07/2013 10:55:00,   53.27,   56.38,   48.25,   60.05,   63.80,   53.97
06/07/2013 11:00:00,   53.01,   56.73,   46.77,   58.93,   61.33,   52.19
06/07/2013 11:05:00,   53.84,   56.78,   48.23,   57.46,   60.10,   52.80
06/07/2013 11:10:00,   54.19,   57.73,   48.52,   57.58,   60.26,   52.62
06/07/2013 11:15:00,   53.25,   56.75,   48.04,   58.38,   61.72,   53.37
06/07/2013 11:20:00,   52.40,   56.38,   45.77,   57.61,   61.00,   51.01
06/07/2013 11:25:00,   53.83,   57.51,   48.60,   58.88,   61.99,   53.63
06/07/2013 11:30:00,   54.62,   57.90,   47.09,   59.09,   63.02,   50.72
06/07/2013 11:35:00,   54.96,   57.80,   50.75,   58.69,   61.39,   54.70
06/07/2013 11:40:00,   53.92,   57.19,   48.31,   59.09,   61.94,   54.18
06/07/2013 11:45:00,   54.21,   57.58,   48.44,   59.29,   63.07,   54.06
06/07/2013 11:50:00,   54.66,   58.65,   48.87,   59.20,   62.46,   54.30
06/07/2013 11:55:00,   54.77,   59.20,   47.97,   59.84,   65.51,   52.82
06/07/2013 12:00:00,   52.91,   55.85,   48.46,   58.21,   60.82,   55.28
06/07/2013 12:05:00,   53.69,   57.07,   48.96,   61.68,   66.97,   55.14
06/07/2013 12:10:00,   54.83,   58.06,   48.31,   59.97,   64.61,   53.67
06/07/2013 12:15:00,   56.19,   60.35,   50.66,   61.48,   65.86,   56.07
06/07/2013 12:20:00,   53.83,   56.78,   49.12,   59.01,   61.35,   55.35
06/07/2013 12:25:00,   54.96,   57.84,   49.62,   60.25,   62.82,   55.87
06/07/2013 12:30:00,   55.41,   57.97,   50.96,   61.50,   64.70,   56.85
06/07/2013 12:35:00,   54.06,   58.01,   47.25,   58.61,   61.02,   52.69
06/07/2013 12:40:00,   53.42,   56.61,   47.83,   58.13,   61.16,   53.17
06/07/2013 12:45:00,   54.12,   57.02,   50.06,   60.46,   63.65,   55.03
06/07/2013 12:50:00,   54.55,   58.33,   49.19,   59.49,   63.63,   52.92
06/07/2013 12:55:00,   54.16,   57.86,   46.15,   58.83,   62.56,   51.57
06/07/2013 13:00:00,   53.36,   57.16,   46.50,   58.55,   62.39,   52.35
06/07/2013 13:05:00,   55.19,   59.33,   45.52,   60.30,   65.15,   51.51
06/07/2013 13:10:00,   53.52,   56.69,   47.85,   57.98,   60.80,   53.76
06/07/2013 13:15:00,   52.05,   55.76,   46.87,   58.02,   60.79,   52.38
06/07/2013 13:20:00,   54.62,   58.12,   46.15,   59.24,   62.79,   53.11
06/07/2013 13:25:00,   54.12,   57.88,   47.53,   60.60,   65.71,   53.33
06/07/2013 13:30:00,   54.08,   57.63,   48.55,   59.75,   62.47,   54.82
06/07/2013 13:35:00,   55.29,   59.29,   48.12,   60.45,   65.35,   53.52
06/07/2013 13:40:00,   55.74,   58.03,   50.43,   59.66,   62.03,   55.32
06/07/2013 13:45:00,   54.13,   57.39,   48.10,   58.18,   61.08,   52.13
06/07/2013 13:50:00,   53.68,   56.71,   48.82,   57.86,   60.32,   53.88
06/07/2013 13:55:00,   55.12,   57.75,   50.13,   60.36,   62.74,   55.75
06/07/2013 14:00:00,   55.17,   57.65,   50.02,   60.13,   63.14,   55.05
06/07/2013 14:05:00,   54.42,   57.29,   48.21,   57.70,   60.19,   52.58
06/07/2013 14:10:00,   55.18,   57.96,   50.29,   59.67,   62.61,   54.73
06/07/2013 14:15:00,   53.96,   57.05,   47.76,   58.03,   60.48,   53.52
06/07/2013 14:20:00,   53.96,   57.19,   48.72,   58.31,   60.70,   53.88
06/07/2013 14:25:00,   53.34,   56.47,   47.69,   58.09,   60.70,   53.35
06/07/2013 14:30:00,   53.50,   56.04,   48.06,   60.07,   64.15,   53.34
06/07/2013 14:35:00,   53.37,   56.72,   43.01,   58.74,   62.37,   47.65
06/07/2013 14:40:00,   52.02,   55.31,   46.58,   58.39,   62.08,   53.33
06/07/2013 14:45:00,   53.75,   56.06,   45.85,   59.00,   61.23,   53.39
06/07/2013 14:50:00,   53.43,   57.13,   47.74,   58.49,   61.53,   53.54
06/07/2013 14:55:00,   53.60,   57.40,   45.89,   59.34,   63.11,   51.50
06/07/2013 15:00:00,   53.98,   56.63,   48.66,   59.09,   61.84,   53.68
06/07/2013 15:05:00,   53.26,   56.19,   47.85,   59.23,   62.39,   51.98
06/07/2013 15:10:00,   52.62,   56.38,   44.90,   56.64,   59.50,   49.69
06/07/2013 15:15:00,   53.80,   57.12,   47.15,   58.14,   61.21,   53.38
06/07/2013 15:20:00,   53.48,   56.59,   47.19,   57.42,   60.29,   51.86
06/07/2013 15:25:00,   54.54,   57.76,   48.18,   60.20,   62.41,   54.16
06/07/2013 15:30:00,   53.71,   57.28,   47.31,   58.76,   62.20,   53.50
06/07/2013 15:35:00,   55.04,   57.27,   48.76,   61.05,   63.60,   54.63
06/07/2013 15:40:00,   53.01,   56.17,   48.06,   58.41,   61.54,   53.16
06/07/2013 15:45:00,   53.92,   57.11,   49.56,   57.76,   60.34,   53.89
06/07/2013 15:50:00,   53.78,   56.98,   48.00,   58.35,   61.87,   53.29
06/07/2013 15:55:00,   53.51,   56.45,   48.51,   59.06,   62.48,   54.00
06/07/2013 16:00:00,   53.38,   56.69,   47.53,   58.42,   61.84,   53.05
06/07/2013 16:05:00,   53.97,   57.07,   46.03,   57.92,   60.84,   51.23
06/07/2013 16:10:00,   52.61,   55.94,   47.60,   57.07,   60.19,   52.02
06/07/2013 16:15:00,   52.34,   56.03,   45.56,   56.61,   60.65,   50.71
06/07/2013 16:20:00,   53.08,   56.74,   47.44,   58.39,   62.50,   51.50
06/07/2013 16:25:00,   52.93,   56.40,   45.28,   56.92,   59.60,   51.58
06/07/2013 16:30:00,   53.77,   56.70,   48.17,   59.14,   62.89,   53.56
06/07/2013 16:35:00,   53.19,   56.51,   47.97,   58.44,   61.65,   53.33
06/07/2013 16:40:00,   52.86,   56.36,   47.45,   58.25,   61.81,   52.17
06/07/2013 16:45:00,   54.18,   57.29,   47.99,   60.76,   63.61,   53.47
06/07/2013 16:50:00,   53.31,   56.77,   46.79,   57.92,   60.75,   52.12
06/07/2013 16:55:00,   53.19,   56.62,   45.74,   57.26,   60.87,   51.24
06/07/2013 17:00:00,   53.50,   56.93,   46.62,   58.76,   62.60,   51.37
06/07/2013 17:05:00,   53.96,   57.76,   46.25,   59.06,   63.51,   51.51
06/07/2013 17:10:00,   53.57,   57.52,   46.04,   58.99,   62.27,   49.84
06/07/2013 17:15:00,   52.88,   56.21,   48.13,   57.15,   59.66,   52.35
06/07/2013 17:20:00,   54.21,   57.33,   48.94,   58.70,   61.56,   53.13
06/07/2013 17:25:00,   53.60,   57.10,   48.17,   58.52,   62.00,   53.36
06/07/2013 17:30:00,   53.43,   56.33,   49.01,   58.59,   61.16,   53.30
06/07/2013 17:35:00,   54.55,   58.24,   46.90,   59.37,   63.64,   52.05
06/07/2013 17:40:00,   53.69,   57.32,   47.42,   57.08,   59.91,   51.47
06/07/2013 17:45:00,   54.55,   57.59,   48.36,   58.99,   62.09,   52.54
06/07/2013 17:50:00,   54.15,   57.33,   48.02,   59.03,   62.27,   52.99
06/07/2013 17:55:00,   52.96,   56.45,   46.96,   57.11,   59.95,   51.77
06/07/2013 18:00:00,   53.78,   56.76,   48.76,   58.58,   61.60,   52.88
06/07/2013 18:05:00,   52.10,   55.32,   46.04,   57.54,   60.10,   52.41
06/07/2013 18:10:00,   54.23,   58.12,   47.16,   58.78,   61.84,   51.73
06/07/2013 18:15:00,   55.36,   58.75,   47.39,   59.43,   62.57,   52.77
06/07/2013 18:20:00,   53.31,   57.05,   47.16,   57.85,   61.05,   52.38
06/07/2013 18:25:00,   53.44,   56.66,   48.72,   57.82,   60.52,   53.37
06/07/2013 18:30:00,   54.13,   58.62,   46.58,   58.71,   62.86,   51.34
06/07/2013 18:35:00,   53.92,   57.27,   47.09,   58.07,   61.74,   51.75
06/07/2013 18:40:00,   53.84,   57.30,   48.14,   57.30,   60.17,   51.58
06/07/2013 18:45:00,   53.91,   57.39,   47.39,   57.98,   61.37,   52.99
06/07/2013 18:50:00,   52.86,   56.64,   46.75,   57.34,   61.00,   52.05
06/07/2013 18:55:00,   53.98,   57.20,   48.11,   57.75,   60.88,   52.86
06/07/2013 19:00:00,   54.38,   58.12,   48.35,   58.27,   61.80,   53.08
06/07/2013 19:05:00,   55.50,   59.33,   48.19,   59.84,   62.87,   53.57
06/07/2013 19:10:00,   55.19,   58.65,   48.95,   59.70,   62.54,   54.08
06/07/2013 19:15:00,   54.25,   57.43,   46.11,   57.53,   60.63,   50.52
06/07/2013 19:20:00,   54.17,   57.85,   48.56,   57.69,   60.80,   52.94
06/07/2013 19:25:00,   53.32,   57.00,   47.84,   57.51,   60.47,   52.18
06/07/2013 19:30:00,   54.39,   57.58,   47.32,   58.31,   61.33,   52.03
06/07/2013 19:35:00,   52.95,   57.14,   44.22,   57.16,   60.99,   49.81
06/07/2013 19:40:00,   53.46,   57.00,   47.20,   57.39,   60.03,   52.44
06/07/2013 19:45:00,   53.56,   56.54,   47.66,   57.27,   60.20,   51.85
06/07/2013 19:50:00,   57.79,   67.44,   45.37,   61.42,   71.68,   49.62
06/07/2013 19:55:00,   53.77,   56.76,   46.74,   56.82,   59.27,   50.45
06/07/2013 20:00:00,   53.46,   57.36,   48.02,   57.16,   60.37,   52.10
06/07/2013 20:05:00,   53.38,   57.58,   46.99,   57.84,   61.84,   51.81
06/07/2013 20:10:00,   53.09,   57.27,   45.68,   56.29,   59.49,   49.82
06/07/2013 20:15:00,   54.85,   58.53,   48.23,   58.51,   61.75,   52.99
06/07/2013 20:20:00,   53.75,   57.91,   45.33,   58.51,   62.67,   50.41
06/07/2013 20:25:00,   52.00,   57.02,   45.02,   55.14,   59.70,   48.23
06/07/2013 20:30:00,   52.31,   56.02,   45.16,   56.43,   60.14,   49.87
06/07/2013 20:35:00,   52.76,   56.88,   44.59,   56.46,   60.31,   48.69
06/07/2013 20:40:00,   53.44,   58.35,   45.77,   57.62,   61.59,   50.04
06/07/2013 20:45:00,   53.01,   56.42,   46.34,   56.91,   60.07,   51.11
06/07/2013 20:50:00,   53.36,   56.95,   47.26,   56.53,   59.77,   51.32
06/07/2013 20:55:00,   53.63,   57.32,   46.40,   57.51,   60.92,   51.06
06/07/2013 21:00:00,   53.70,   58.16,   44.93,   56.93,   60.18,   49.65
06/07/2013 21:05:00,   54.44,   58.41,   44.94,   57.58,   61.36,   49.43
06/07/2013 21:10:00,   54.12,   57.76,   48.02,   57.54,   60.79,   52.62
06/07/2013 21:15:00,   54.29,   57.56,   48.53,   58.30,   61.33,   53.22
06/07/2013 21:20:00,   53.48,   57.59,   47.70,   57.04,   60.40,   52.18
06/07/2013 21:25:00,   53.73,   57.68,   46.70,   57.01,   60.16,   50.67
06/07/2013 21:30:00,   54.14,   57.82,   48.86,   57.64,   60.46,   53.49
06/07/2013 21:35:00,   54.46,   58.89,   47.81,   57.97,   61.59,   52.17
06/07/2013 21:40:00,   54.16,   57.79,   48.00,   57.99,   60.92,   52.64
06/07/2013 21:45:00,   53.19,   56.95,   47.23,   56.92,   60.64,   51.10
06/07/2013 21:50:00,   57.87,   63.53,   48.29,   61.56,   67.27,   52.13
06/07/2013 21:55:00,   53.34,   57.75,   48.29,   56.34,   60.12,   51.26
06/07/2013 22:00:00,   53.86,   57.75,   48.44,   56.82,   59.67,   52.13
06/07/2013 22:05:00,   53.23,   57.24,   46.18,   56.68,   60.12,   50.85
06/07/2013 22:10:00,   54.23,   59.16,   46.31,   57.73,   62.04,   50.67
06/07/2013 22:15:00,   53.85,   57.27,   47.32,   57.34,   59.95,   51.44
06/07/2013 22:20:00,   53.46,   56.83,   46.31,   55.97,   58.82,   50.60
06/07/2013 22:25:00,   51.77,   57.38,   44.05,   54.87,   59.49,   48.50
06/07/2013 22:30:00,   51.26,   55.33,   44.13,   55.55,   59.36,   49.29
06/07/2013 22:35:00,   53.39,   57.67,   46.43,   57.29,   60.98,   50.18
06/07/2013 22:40:00,   52.93,   57.08,   45.34,   56.62,   61.33,   49.12
06/07/2013 22:45:00,   52.99,   57.09,   44.65,   56.28,   59.94,   49.26
06/07/2013 22:50:00,   51.96,   56.65,   42.64,   55.15,   59.44,   46.86
06/07/2013 22:55:00,   52.04,   56.30,   45.20,   55.96,   60.83,   48.91
06/07/2013 23:00:00,   53.44,   57.89,   44.31,   56.47,   60.95,   47.62
06/07/2013 23:05:00,   51.84,   56.38,   43.80,   54.95,   59.41,   48.36
06/07/2013 23:10:00,   55.34,   58.72,   45.91,   58.14,   61.73,   49.99
06/07/2013 23:15:00,   51.87,   55.85,   44.94,   54.47,   58.05,   47.94
06/07/2013 23:20:00,   51.66,   55.73,   43.80,   54.71,   58.29,   46.92
06/07/2013 23:25:00,   51.46,   55.90,   43.59,   54.90,   59.07,   47.32
06/07/2013 23:30:00,   50.92,   56.12,   44.15,   54.39,   59.29,   47.03
06/07/2013 23:35:00,   51.00,   55.70,   42.75,   53.83,   58.51,   46.27
06/07/2013 23:40:00,   51.42,   56.02,   43.21,   54.25,   58.38,   46.85
06/07/2013 23:45:00,   50.88,   56.97,   41.58,   53.48,   59.36,   44.91
06/07/2013 23:50:00,   55.08,   58.42,   47.44,   58.02,   60.97,   51.06
06/07/2013 23:55:00,   51.28,   56.02,   43.30,   54.32,   59.62,   46.67

