# noise_analysis run from DCC-NOISE-001003 at Mon Jun 10 00:00:00 2013
# Monitoring unit located at 53.342609N 6.340721W
# logfile   = /home/root/noise_analysis.log
# cfg_dir   = /home/root/config
# outputdir = /home/root/noise
# Sensitivity = -26.271103
# Gain = 1.000000
# Time should be in local format (i.e. daylight savings time)
# dd/mm/yyyy hh:mm:ss, A Leq,   A L10,   A L95,   C Leq,   C L10,   C L95
10/06/2013 00:05:00,   52.06,   56.98,   44.86,   55.72,   59.78,   47.88
10/06/2013 00:10:00,   51.82,   57.28,   42.15,   54.33,   59.70,   45.64
10/06/2013 00:15:00,   51.76,   57.61,   41.27,   54.35,   59.06,   44.87
10/06/2013 00:20:00,   48.39,   55.49,   40.50,   51.24,   56.84,   44.12
10/06/2013 00:25:00,   50.43,   55.05,   42.54,   53.22,   57.33,   46.44
10/06/2013 00:30:00,   51.12,   55.97,   42.15,   54.06,   58.22,   46.27
10/06/2013 00:35:00,   49.36,   54.79,   40.99,   51.91,   56.97,   44.79
10/06/2013 00:40:00,   49.14,   54.69,   41.45,   51.60,   56.25,   45.55
10/06/2013 00:45:00,   49.73,   55.89,   42.50,   52.85,   57.92,   46.81
10/06/2013 00:50:00,   48.56,   56.11,   39.94,   51.16,   56.77,   44.62
10/06/2013 00:55:00,   50.49,   55.23,   41.16,   53.11,   57.07,   45.70
10/06/2013 01:00:00,   49.97,   55.06,   40.97,   52.91,   57.35,   45.83
10/06/2013 01:05:00,   47.46,   54.31,   39.48,   50.31,   56.63,   44.21
10/06/2013 01:10:00,   48.41,   54.48,   40.26,   51.02,   56.82,   44.61
10/06/2013 01:15:00,   49.09,   54.53,   42.00,   51.65,   56.36,   46.12
10/06/2013 01:20:00,   47.56,   53.91,   39.77,   50.76,   56.38,   44.77
10/06/2013 01:25:00,   51.19,   57.66,   39.07,   54.45,   60.25,   45.46
10/06/2013 01:30:00,   49.72,   56.22,   40.48,   52.71,   58.37,   46.18
10/06/2013 01:35:00,   48.91,   54.85,   40.05,   51.94,   57.00,   45.03
10/06/2013 01:40:00,   47.72,   54.27,   38.25,   50.32,   56.20,   43.17
10/06/2013 01:45:00,   46.93,   53.87,   37.36,   50.15,   56.01,   43.11
10/06/2013 01:50:00,   44.80,   50.82,   36.79,   48.96,   55.23,   42.08
10/06/2013 01:55:00,   45.29,   51.34,   37.14,   48.33,   53.59,   41.41
10/06/2013 02:00:00,   44.81,   52.58,   36.20,   47.29,   53.99,   40.67
10/06/2013 02:05:00,   46.77,   54.71,   38.28,   49.22,   56.04,   42.97
10/06/2013 02:10:00,   43.71,   52.35,   35.66,   47.18,   54.10,   42.46
10/06/2013 02:15:00,   45.84,   51.80,   38.66,   48.98,   53.88,   44.29
10/06/2013 02:20:00,   44.48,   51.49,   38.26,   47.73,   52.53,   43.93
10/06/2013 02:25:00,   44.69,   50.21,   36.42,   47.20,   52.12,   41.15
10/06/2013 02:30:00,   42.49,   49.47,   37.26,   45.69,   51.14,   41.89
10/06/2013 02:35:00,   45.52,   52.85,   36.64,   48.03,   53.88,   41.23
10/06/2013 02:40:00,   40.92,   43.54,   36.59,   45.11,   47.56,   41.81
10/06/2013 02:45:00,   45.23,   53.20,   38.25,   47.97,   54.35,   42.50
10/06/2013 02:50:00,   42.38,   47.21,   36.62,   46.16,   49.33,   41.82
10/06/2013 02:55:00,   41.14,   45.86,   36.26,   44.79,   47.82,   41.47
10/06/2013 03:00:00,   46.33,   53.84,   36.33,   49.27,   55.61,   41.36
10/06/2013 03:05:00,   46.91,   54.47,   36.29,   49.07,   55.31,   41.09
10/06/2013 03:10:00,   43.98,   49.56,   35.61,   46.50,   51.55,   40.13
10/06/2013 03:15:00,   44.03,   50.48,   38.01,   46.98,   52.88,   42.68
10/06/2013 03:20:00,   44.95,   51.62,   37.70,   48.49,   54.19,   43.03
10/06/2013 03:25:00,   43.35,   47.33,   38.09,   46.65,   49.40,   43.17
10/06/2013 03:30:00,   47.11,   53.41,   39.73,   49.66,   54.82,   44.41
10/06/2013 03:35:00,   45.88,   52.35,   38.36,   48.84,   54.25,   42.99
10/06/2013 03:40:00,   45.12,   50.94,   37.60,   47.81,   53.26,   42.89
10/06/2013 03:45:00,   46.88,   53.46,   39.03,   50.00,   56.37,   43.60
10/06/2013 03:50:00,   48.88,   53.79,   41.12,   50.65,   55.42,   44.38
10/06/2013 03:55:00,   44.97,   49.60,   40.33,   48.66,   51.79,   44.81
10/06/2013 04:00:00,   46.71,   51.62,   40.53,   49.36,   54.07,   44.63
10/06/2013 04:05:00,   47.54,   53.18,   41.01,   49.64,   54.38,   45.15
10/06/2013 04:10:00,   46.31,   50.21,   41.76,   48.27,   50.82,   45.19
10/06/2013 04:15:00,   46.56,   50.99,   41.64,   49.19,   52.55,   45.93
10/06/2013 04:20:00,   45.78,   49.56,   40.73,   48.14,   49.91,   45.19
10/06/2013 04:25:00,   47.19,   51.78,   41.88,   49.02,   51.93,   45.06
10/06/2013 04:30:00,   47.11,   52.26,   40.15,   48.90,   53.20,   44.67
10/06/2013 04:35:00,   47.33,   52.14,   40.98,   48.97,   52.50,   44.90
10/06/2013 04:40:00,   47.06,   53.49,   39.25,   49.99,   55.99,   43.80
10/06/2013 04:45:00,   48.56,   54.45,   40.86,   51.21,   56.20,   45.02
10/06/2013 04:50:00,   46.34,   50.58,   39.32,   50.25,   56.37,   43.79
10/06/2013 04:55:00,   52.29,   60.32,   40.80,   53.55,   59.72,   45.22
10/06/2013 05:00:00,   45.22,   48.42,   41.57,   47.83,   49.57,   45.08
10/06/2013 05:05:00,   45.67,   51.00,   41.41,   48.54,   51.93,   45.20
10/06/2013 05:10:00,   47.64,   52.91,   42.52,   50.37,   54.66,   46.62
10/06/2013 05:15:00,   50.86,   55.77,   45.57,   53.91,   57.81,   49.00
10/06/2013 05:20:00,   49.92,   55.47,   44.67,   52.51,   56.90,   47.62
10/06/2013 05:25:00,   52.94,   57.43,   46.92,   54.28,   57.96,   50.02
10/06/2013 05:30:00,   52.99,   56.88,   45.53,   54.32,   57.22,   49.29
10/06/2013 05:35:00,   50.37,   54.55,   45.93,   53.48,   57.33,   49.61
10/06/2013 05:40:00,   53.07,   57.30,   47.16,   55.48,   58.92,   50.77
10/06/2013 05:45:00,   52.66,   56.84,   48.57,   55.66,   59.21,   51.83
10/06/2013 05:50:00,   51.97,   56.23,   46.76,   54.76,   58.46,   50.51
10/06/2013 05:55:00,   53.20,   56.94,   48.07,   56.03,   59.98,   51.72
10/06/2013 06:00:00,   51.72,   56.27,   46.73,   54.92,   59.10,   50.48
10/06/2013 06:05:00,   51.75,   55.99,   46.08,   55.14,   59.70,   50.61
10/06/2013 06:10:00,   51.18,   57.21,   45.56,   53.73,   58.25,   49.59
10/06/2013 06:15:00,   50.87,   56.40,   46.08,   54.41,   59.59,   50.15
10/06/2013 06:20:00,   51.57,   55.48,   46.94,   54.58,   57.61,   50.94
10/06/2013 06:25:00,   51.69,   55.76,   46.94,   55.43,   59.04,   51.09
10/06/2013 06:30:00,   52.55,   57.05,   46.17,   56.30,   60.68,   50.60
10/06/2013 06:35:00,   53.01,   56.85,   47.34,   57.05,   61.04,   51.80
10/06/2013 06:40:00,   53.04,   58.20,   47.18,   56.44,   60.75,   51.28
10/06/2013 06:45:00,   52.31,   56.14,   47.24,   57.23,   61.50,   51.88
10/06/2013 06:50:00,   54.32,   59.15,   48.35,   58.96,   64.12,   52.84
10/06/2013 06:55:00,   53.12,   57.13,   48.15,   56.87,   60.41,   52.58
10/06/2013 07:00:00,   53.54,   56.95,   47.84,   57.63,   60.70,   52.26
10/06/2013 07:05:00,   54.41,   57.69,   48.55,   57.22,   59.92,   53.03
10/06/2013 07:10:00,   55.29,   58.69,   47.83,   58.01,   61.68,   51.12
10/06/2013 07:15:00,   54.45,   58.65,   44.80,   58.27,   62.52,   49.36
10/06/2013 07:20:00,   53.37,   56.99,   45.28,   57.25,   60.43,   50.83
10/06/2013 07:25:00,   56.09,   60.91,   46.03,   61.47,   66.99,   52.28
10/06/2013 07:30:00,   54.81,   58.83,   48.16,   58.85,   63.01,   52.71
10/06/2013 07:35:00,   54.81,   57.98,   48.75,   59.84,   62.85,   54.92
10/06/2013 07:40:00,   54.09,   58.49,   43.95,   57.47,   61.22,   49.29
10/06/2013 07:45:00,   54.74,   58.43,   47.84,   58.73,   62.71,   53.07
10/06/2013 07:50:00,   53.28,   57.99,   44.30,   56.95,   60.55,   50.05
10/06/2013 07:55:00,   53.77,   58.51,   45.62,   57.80,   61.97,   51.44
10/06/2013 08:00:00,   53.89,   58.70,   42.99,   57.86,   62.24,   48.93
10/06/2013 08:05:00,   55.03,   58.71,   48.90,   59.94,   63.72,   55.54
10/06/2013 08:10:00,   54.08,   58.40,   47.56,   57.52,   60.86,   52.83
10/06/2013 08:15:00,   54.24,   58.07,   46.89,   59.12,   62.12,   54.09
10/06/2013 08:20:00,   54.67,   58.64,   47.26,   60.07,   63.60,   53.46
10/06/2013 08:25:00,   54.72,   58.25,   48.42,   59.22,   63.35,   52.80
10/06/2013 08:30:00,   55.30,   58.13,   48.19,   59.79,   62.83,   54.13
10/06/2013 08:35:00,   55.17,   57.94,   48.26,   60.79,   66.17,   52.96
10/06/2013 08:40:00,   55.08,   58.30,   50.70,   60.28,   62.88,   56.80
10/06/2013 08:45:00,   54.23,   56.97,   50.37,   60.19,   62.18,   57.32
10/06/2013 08:50:00,   54.93,   58.31,   48.12,   59.89,   63.51,   54.15
10/06/2013 08:55:00,   53.70,   56.70,   48.78,   58.82,   61.44,   55.51
10/06/2013 09:00:00,   54.46,   57.26,   49.78,   59.34,   62.28,   54.74
10/06/2013 09:05:00,   55.31,   58.67,   49.58,   60.22,   63.48,   55.52
10/06/2013 09:10:00,   54.30,   58.04,   48.29,   58.57,   61.84,   53.77
10/06/2013 09:15:00,   53.97,   57.74,   47.92,   57.66,   60.75,   52.50
10/06/2013 09:20:00,   55.11,   57.89,   48.07,   60.55,   64.30,   54.80
10/06/2013 09:25:00,   54.74,   57.75,   48.81,   59.54,   63.21,   55.11
10/06/2013 09:30:00,   54.09,   57.93,   47.31,   59.12,   62.75,   52.87
10/06/2013 09:35:00,   54.34,   57.80,   48.58,   59.48,   63.11,   54.59
10/06/2013 09:40:00,   54.83,   58.07,   48.94,   59.84,   62.49,   54.79
10/06/2013 09:45:00,   54.75,   57.71,   48.01,   59.30,   62.14,   53.70
10/06/2013 09:50:00,   58.03,   65.43,   48.97,   62.48,   69.52,   54.86
10/06/2013 09:55:00,   54.86,   57.64,   46.12,   59.26,   62.25,   53.08
10/06/2013 10:00:00,   54.33,   57.25,   47.16,   58.61,   61.28,   54.16
10/06/2013 10:05:00,   55.55,   58.37,   49.12,   60.76,   63.88,   54.65
10/06/2013 10:10:00,   56.08,   58.26,   47.74,   59.95,   62.76,   53.00
10/06/2013 10:15:00,   56.16,   58.68,   48.59,   59.93,   63.37,   53.57
10/06/2013 10:20:00,   57.73,   68.22,   48.10,   61.73,   71.10,   52.99
10/06/2013 10:25:00,   54.54,   57.32,   49.84,   59.02,   62.06,   54.48
10/06/2013 10:30:00,   54.69,   58.14,   49.70,   59.99,   63.47,   53.81
10/06/2013 10:35:00,   55.32,   58.33,   51.18,   59.56,   62.07,   55.48
10/06/2013 10:40:00,   55.16,   57.96,   48.87,   59.20,   62.05,   53.50
10/06/2013 10:45:00,   54.02,   57.25,   48.79,   59.12,   62.60,   54.11
10/06/2013 10:50:00,   54.83,   57.86,   49.42,   59.56,   62.70,   54.13
10/06/2013 10:55:00,   55.34,   58.35,   50.11,   60.36,   63.74,   55.35
10/06/2013 11:00:00,   55.15,   57.99,   49.57,   59.89,   62.32,   54.75
10/06/2013 11:05:00,   55.41,   57.94,   50.95,   60.67,   63.63,   56.10
10/06/2013 11:10:00,   55.40,   57.43,   51.36,   59.61,   61.97,   55.55
10/06/2013 11:15:00,   55.80,   58.69,   50.46,   59.45,   62.28,   54.86
10/06/2013 11:20:00,   55.96,   59.46,   49.34,   60.72,   63.77,   55.03
10/06/2013 11:25:00,   55.80,   58.47,   49.10,   59.25,   62.62,   53.41
10/06/2013 11:30:00,   54.84,   57.94,   50.05,   59.52,   63.36,   53.93
10/06/2013 11:35:00,   54.24,   57.04,   48.43,   58.56,   60.94,   53.77
10/06/2013 11:40:00,   55.50,   58.21,   49.00,   59.68,   62.99,   53.70
10/06/2013 11:45:00,   55.67,   58.66,   49.90,   60.12,   63.38,   54.60
10/06/2013 11:50:00,   55.98,   59.33,   49.25,   59.86,   62.26,   54.84
10/06/2013 11:55:00,   56.10,   58.64,   50.44,   59.74,   62.68,   55.01
10/06/2013 12:00:00,   55.70,   58.82,   49.53,   59.76,   62.93,   54.42
10/06/2013 12:05:00,   55.60,   58.22,   50.51,   60.07,   63.14,   55.23
10/06/2013 12:10:00,   56.87,   59.14,   53.46,   63.54,   69.24,   57.68
10/06/2013 12:15:00,   56.67,   59.30,   51.57,   60.90,   64.04,   55.09
10/06/2013 12:20:00,   55.91,   58.49,   51.67,   61.25,   64.41,   55.56
10/06/2013 12:25:00,   57.17,   59.58,   52.83,   62.93,   66.58,   56.74
10/06/2013 12:30:00,   56.61,   59.20,   51.40,   61.23,   62.93,   56.98
10/06/2013 12:35:00,   55.63,   58.22,   50.54,   59.76,   62.29,   55.65
10/06/2013 12:40:00,   56.76,   59.31,   51.79,   60.95,   64.07,   55.83
10/06/2013 12:45:00,   55.63,   57.96,   51.56,   59.83,   62.67,   55.08
10/06/2013 12:50:00,   56.64,   58.98,   52.69,   61.25,   64.46,   55.98
10/06/2013 12:55:00,   56.22,   59.29,   51.82,   60.69,   64.28,   56.17
10/06/2013 13:00:00,   56.45,   58.91,   51.43,   61.92,   64.62,   55.84
10/06/2013 13:05:00,   55.24,   57.75,   50.06,   59.64,   62.80,   55.38
10/06/2013 13:10:00,   55.34,   58.16,   49.69,   59.99,   63.12,   54.43
10/06/2013 13:15:00,   56.28,   58.95,   52.34,   61.60,   64.92,   57.02
10/06/2013 13:20:00,   56.04,   58.53,   50.72,   60.85,   64.12,   54.78
10/06/2013 13:25:00,   55.72,   58.16,   51.22,   61.09,   64.39,   55.90
10/06/2013 13:30:00,   55.20,   57.94,   51.34,   60.62,   63.68,   55.97
10/06/2013 13:35:00,   57.09,   59.23,   53.34,   62.09,   65.72,   57.97
10/06/2013 13:40:00,   56.02,   58.31,   52.23,   60.65,   62.60,   56.05
10/06/2013 13:45:00,   55.94,   58.64,   52.77,   61.40,   64.27,   57.52
10/06/2013 13:50:00,   56.13,   58.33,   52.43,   60.93,   63.19,   56.66
10/06/2013 13:55:00,   57.57,   60.18,   52.76,   63.07,   67.56,   56.24
10/06/2013 14:00:00,   55.59,   58.23,   50.94,   60.72,   63.56,   55.38
10/06/2013 14:05:00,   55.58,   58.29,   51.85,   60.38,   63.24,   56.21
10/06/2013 14:10:00,   56.65,   59.00,   52.34,   62.26,   65.65,   58.12
10/06/2013 14:15:00,   56.60,   59.06,   52.49,   61.30,   64.72,   56.40
10/06/2013 14:20:00,   56.31,   58.74,   53.14,   60.29,   62.44,   57.37
10/06/2013 14:25:00,   55.71,   58.36,   50.38,   60.20,   62.74,   55.04
10/06/2013 14:30:00,   55.85,   58.34,   51.38,   61.08,   64.06,   55.54
10/06/2013 14:35:00,   54.65,   57.42,   50.20,   59.31,   62.57,   55.38
10/06/2013 14:40:00,   55.89,   58.05,   51.20,   60.38,   63.44,   55.61
10/06/2013 14:45:00,   55.35,   57.71,   51.56,   60.22,   62.85,   56.42
10/06/2013 14:50:00,   56.41,   60.11,   52.20,   61.89,   66.04,   55.85
10/06/2013 14:55:00,   55.41,   58.42,   49.98,   61.10,   64.73,   54.53
10/06/2013 15:00:00,   56.76,   60.75,   51.77,   61.48,   66.23,   55.52
10/06/2013 15:05:00,   54.03,   56.95,   49.68,   58.29,   60.46,   54.00
10/06/2013 15:10:00,   54.99,   57.80,   50.94,   59.71,   62.34,   55.97
10/06/2013 15:15:00,   53.86,   56.98,   49.27,   58.77,   61.74,   54.24
10/06/2013 15:20:00,   54.91,   57.55,   50.40,   59.90,   63.12,   54.97
10/06/2013 15:25:00,   54.82,   57.55,   49.13,   59.58,   62.73,   53.86
10/06/2013 15:30:00,   55.19,   58.74,   49.46,   60.38,   63.89,   53.95
10/06/2013 15:35:00,   54.86,   58.15,   50.00,   59.38,   63.53,   54.21
10/06/2013 15:40:00,   55.23,   58.11,   50.04,   60.30,   63.10,   53.31
10/06/2013 15:45:00,   56.18,   59.61,   48.86,   60.22,   63.88,   52.36
10/06/2013 15:50:00,   56.15,   58.40,   51.80,   60.83,   63.06,   57.14
10/06/2013 15:55:00,   55.75,   58.56,   51.06,   60.89,   65.50,   55.09
10/06/2013 16:00:00,   54.92,   58.14,   49.25,   59.45,   62.16,   53.77
10/06/2013 16:05:00,   56.07,   59.08,   49.48,   60.71,   63.85,   55.33
10/06/2013 16:10:00,   55.50,   58.04,   50.89,   60.27,   63.02,   54.96
10/06/2013 16:15:00,   55.59,   58.13,   50.21,   59.49,   62.05,   54.53
10/06/2013 16:20:00,   54.68,   57.78,   49.58,   59.29,   62.87,   53.41
10/06/2013 16:25:00,   55.17,   58.55,   47.15,   58.87,   62.05,   51.55
10/06/2013 16:30:00,   55.29,   57.88,   51.89,   59.31,   62.41,   55.41
10/06/2013 16:35:00,   55.14,   57.60,   50.94,   59.00,   61.18,   55.14
10/06/2013 16:40:00,   54.31,   57.08,   48.55,   58.47,   61.45,   53.11
10/06/2013 16:45:00,   55.20,   58.86,   49.32,   59.18,   62.27,   53.39
10/06/2013 16:50:00,   55.84,   58.52,   51.13,   60.27,   62.80,   55.68
10/06/2013 16:55:00,   56.01,   58.28,   51.65,   59.79,   63.22,   55.01
10/06/2013 17:00:00,   56.20,   58.88,   48.60,   61.24,   64.73,   52.66
10/06/2013 17:05:00,   55.99,   58.54,   51.18,   59.93,   62.21,   54.76
10/06/2013 17:10:00,   56.23,   58.62,   51.71,   60.75,   63.24,   56.50
10/06/2013 17:15:00,   55.95,   59.07,   50.50,   60.41,   63.56,   54.44
10/06/2013 17:20:00,   56.56,   59.16,   52.40,   60.37,   63.42,   55.88
10/06/2013 17:25:00,   55.40,   57.71,   51.67,   59.32,   62.03,   54.17
10/06/2013 17:30:00,   55.91,   58.95,   50.29,   60.29,   62.68,   55.73
10/06/2013 17:35:00,   55.65,   58.59,   50.36,   59.56,   62.65,   55.02
10/06/2013 17:40:00,   55.07,   57.74,   49.72,   59.71,   63.05,   54.46
10/06/2013 17:45:00,   55.18,   57.93,   50.77,   58.87,   61.67,   54.17
10/06/2013 17:50:00,   55.53,   59.10,   48.70,   58.97,   62.23,   52.67
10/06/2013 17:55:00,   54.92,   58.00,   47.64,   59.34,   62.89,   51.94
10/06/2013 18:00:00,   56.08,   59.67,   48.77,   60.52,   63.31,   53.57
10/06/2013 18:05:00,   54.40,   57.45,   48.78,   58.14,   61.76,   53.14
10/06/2013 18:10:00,   55.03,   58.77,   47.86,   58.39,   61.92,   51.61
10/06/2013 18:15:00,   54.99,   57.66,   49.19,   58.90,   61.94,   52.34
10/06/2013 18:20:00,   55.03,   57.92,   48.95,   58.85,   61.47,   53.41
10/06/2013 18:25:00,   55.47,   58.62,   47.94,   58.49,   61.17,   52.56
10/06/2013 18:30:00,   55.63,   58.89,   49.43,   59.27,   61.91,   53.08
10/06/2013 18:35:00,   55.83,   59.62,   49.17,   59.92,   63.38,   52.76
10/06/2013 18:40:00,   54.77,   58.09,   49.00,   58.06,   61.35,   52.13
10/06/2013 18:45:00,   54.94,   57.61,   49.15,   58.47,   61.15,   53.17
10/06/2013 18:50:00,   54.92,   58.24,   48.91,   58.35,   60.89,   53.40
10/06/2013 18:55:00,   55.33,   59.10,   49.57,   57.72,   60.61,   52.86
10/06/2013 19:00:00,   54.43,   57.45,   48.87,   57.63,   60.58,   52.34
10/06/2013 19:05:00,   56.08,   59.56,   50.01,   59.20,   62.41,   54.43
10/06/2013 19:10:00,   56.79,   59.54,   48.58,   60.30,   63.74,   52.47
10/06/2013 19:15:00,   54.11,   58.92,   46.40,   57.98,   61.82,   51.58
10/06/2013 19:20:00,   55.87,   59.33,   50.13,   58.88,   62.12,   53.44
10/06/2013 19:25:00,   55.17,   58.49,   48.21,   58.11,   60.92,   52.00
10/06/2013 19:30:00,   60.44,   69.03,   48.28,   63.53,   72.24,   51.69
10/06/2013 19:35:00,   56.91,   59.88,   48.00,   60.69,   66.03,   51.68
10/06/2013 19:40:00,   54.73,   58.38,   45.92,   57.69,   60.85,   49.26
10/06/2013 19:45:00,   54.69,   58.64,   48.97,   59.24,   62.67,   53.54
10/06/2013 19:50:00,   55.42,   58.54,   49.95,   58.08,   61.13,   52.89
10/06/2013 19:55:00,   54.69,   57.92,   49.25,   58.20,   61.29,   53.87
10/06/2013 20:00:00,   56.71,   59.54,   48.77,   58.68,   61.14,   52.78
10/06/2013 20:05:00,   55.79,   58.67,   49.31,   58.92,   62.52,   52.99
10/06/2013 20:10:00,   54.93,   58.30,   48.65,   57.64,   60.67,   52.12
10/06/2013 20:15:00,   56.22,   58.84,   52.16,   59.16,   61.91,   54.24
10/06/2013 20:20:00,   54.52,   58.74,   48.74,   58.50,   62.59,   52.68
10/06/2013 20:25:00,   55.71,   59.13,   50.07,   59.05,   62.21,   53.44
10/06/2013 20:30:00,   54.36,   57.74,   47.36,   57.84,   61.44,   50.94
10/06/2013 20:35:00,   55.20,   58.37,   50.46,   58.22,   60.64,   53.81
10/06/2013 20:40:00,   55.28,   58.54,   48.53,   58.25,   61.10,   52.52
10/06/2013 20:45:00,   54.03,   57.31,   49.00,   58.51,   60.88,   52.37
10/06/2013 20:50:00,   55.43,   59.04,   48.86,   58.24,   61.39,   52.49
10/06/2013 20:55:00,   54.01,   57.43,   48.09,   57.06,   60.22,   51.30
10/06/2013 21:00:00,   54.69,   58.56,   48.01,   57.12,   60.50,   51.11
10/06/2013 21:05:00,   54.73,   58.78,   46.66,   57.39,   61.00,   50.09
10/06/2013 21:10:00,   55.81,   58.44,   50.63,   57.69,   60.56,   52.77
10/06/2013 21:15:00,   56.33,   59.63,   48.64,   58.56,   62.13,   52.34
10/06/2013 21:20:00,   53.93,   57.42,   47.89,   56.86,   59.51,   51.22
10/06/2013 21:25:00,   53.81,   57.86,   46.81,   56.01,   59.42,   50.71
10/06/2013 21:30:00,   55.52,   59.39,   47.52,   60.12,   65.94,   51.95
10/06/2013 21:35:00,   55.47,   58.83,   48.30,   57.83,   60.92,   51.54
10/06/2013 21:40:00,   53.63,   57.73,   45.12,   56.47,   60.21,   48.31
10/06/2013 21:45:00,   53.17,   58.11,   42.24,   56.05,   60.66,   46.90
10/06/2013 21:50:00,   54.41,   58.32,   45.27,   56.76,   60.21,   48.80
10/06/2013 21:55:00,   53.14,   57.91,   45.36,   55.85,   60.22,   48.11
10/06/2013 22:00:00,   53.67,   58.17,   46.08,   55.70,   60.08,   48.92
10/06/2013 22:05:00,   54.19,   58.16,   47.40,   56.69,   60.01,   50.91
10/06/2013 22:10:00,   53.53,   57.86,   48.33,   56.27,   60.04,   49.79
10/06/2013 22:15:00,   54.59,   58.63,   47.94,   56.30,   59.93,   49.68
10/06/2013 22:20:00,   55.34,   59.30,   48.97,   57.50,   60.84,   50.34
10/06/2013 22:25:00,   53.52,   57.36,   46.40,   55.07,   58.55,   48.52
10/06/2013 22:30:00,   54.76,   58.49,   46.88,   57.38,   61.92,   49.04
10/06/2013 22:35:00,   53.98,   59.69,   44.71,   56.07,   61.20,   47.15
10/06/2013 22:40:00,   53.81,   58.90,   44.38,   55.32,   60.21,   46.64
10/06/2013 22:45:00,   53.92,   59.14,   47.17,   55.12,   60.07,   47.68
10/06/2013 22:50:00,   55.39,   60.23,   48.23,   55.92,   60.67,   48.72
10/06/2013 22:55:00,   56.93,   60.99,   51.22,   58.03,   62.33,   51.48
10/06/2013 23:00:00,   57.22,   60.64,   53.51,   57.75,   61.14,   53.72
10/06/2013 23:05:00,   57.30,   61.19,   51.74,   57.84,   61.41,   53.09
10/06/2013 23:10:00,   57.21,   61.86,   50.18,   58.48,   63.18,   51.00
10/06/2013 23:15:00,   57.72,   61.20,   53.82,   57.90,   61.26,   54.01
10/06/2013 23:20:00,   57.36,   61.47,   50.96,   58.16,   61.83,   51.70
10/06/2013 23:25:00,   54.05,   59.22,   47.73,   55.00,   59.82,   48.90
10/06/2013 23:30:00,   53.04,   57.76,   45.48,   54.08,   58.65,   47.00
10/06/2013 23:35:00,   54.06,   59.37,   44.04,   55.60,   61.23,   46.51
10/06/2013 23:40:00,   53.58,   59.57,   45.62,   54.92,   60.26,   47.30
10/06/2013 23:45:00,   53.07,   58.21,   45.78,   54.48,   59.34,   47.10
10/06/2013 23:50:00,   53.16,   59.35,   43.74,   56.46,   62.45,   45.19
10/06/2013 23:57:00,   53.24,   58.68,   44.29,   55.50,   60.67,   46.64

