# noise_analysis run from DCC-NOISE-001003 at Sat Jan  5 00:00:00 2013
# Monitoring unit located at 53.342609N 6.340721W
# logfile   = /home/root/noise_analysis.log
# cfg_dir   = /home/root/config
# outputdir = /home/root/noise
# Sensitivity = -25.869366
# Gain = 1.000000
# Time should be in local format (i.e. daylight savings time)
# dd/mm/yyyy hh:mm:ss, A Leq,   A L10,   A L95,   C Leq,   C L10,   C L95
05/01/2013 00:05:00,   54.07,   59.25,   45.20,   56.17,   61.13,   49.24
05/01/2013 00:10:00,   52.56,   58.55,   44.10,   54.50,   60.24,   47.76
05/01/2013 00:15:00,   52.06,   57.25,   44.26,   53.73,   58.28,   47.20
05/01/2013 00:20:00,   53.56,   58.95,   45.45,   55.26,   59.86,   48.37
05/01/2013 00:25:00,   54.60,   60.33,   43.41,   55.92,   60.69,   47.63
05/01/2013 00:30:00,   53.68,   58.49,   45.22,   55.52,   59.54,   48.74
05/01/2013 00:35:00,   53.43,   58.93,   44.32,   55.54,   60.74,   48.51
05/01/2013 00:40:00,   53.84,   58.80,   45.65,   55.58,   59.68,   49.34
05/01/2013 00:45:00,   56.97,   64.06,   45.26,   60.57,   68.82,   49.15
05/01/2013 00:50:00,   54.87,   60.13,   44.87,   56.87,   61.31,   49.80
05/01/2013 00:55:00,   51.51,   56.43,   44.19,   53.41,   57.82,   47.86
05/01/2013 01:00:00,   52.84,   58.42,   45.79,   54.77,   59.51,   49.17
05/01/2013 01:05:00,   53.24,   58.70,   42.85,   56.62,   61.24,   47.34
05/01/2013 01:10:00,   53.30,   59.20,   44.33,   55.01,   60.38,   47.99
05/01/2013 01:15:00,   54.04,   58.59,   47.05,   56.07,   60.26,   50.07
05/01/2013 01:20:00,   54.33,   59.35,   46.10,   56.07,   60.42,   49.27
05/01/2013 01:25:00,   52.68,   59.26,   43.68,   54.59,   60.49,   47.41
05/01/2013 01:30:00,   53.40,   57.91,   46.47,   55.32,   58.86,   50.26
05/01/2013 01:35:00,   50.58,   57.47,   43.54,   52.70,   58.42,   47.49
05/01/2013 01:40:00,   52.81,   57.91,   44.30,   54.56,   59.04,   47.90
05/01/2013 01:45:00,   54.39,   59.40,   45.62,   56.15,   60.69,   48.30
05/01/2013 01:50:00,   51.07,   55.26,   42.83,   53.83,   57.83,   47.00
05/01/2013 01:55:00,   52.38,   57.63,   43.92,   54.34,   58.89,   47.79
05/01/2013 02:00:00,   53.04,   58.11,   45.77,   54.47,   58.95,   48.65
05/01/2013 02:05:00,   54.39,   58.63,   47.37,   56.04,   60.07,   50.11
05/01/2013 02:10:00,   53.41,   59.27,   44.52,   54.85,   59.87,   48.26
05/01/2013 02:15:00,   53.49,   59.52,   46.20,   55.20,   60.01,   49.57
05/01/2013 02:20:00,   53.41,   58.25,   42.85,   54.74,   59.42,   46.52
05/01/2013 02:25:00,   51.21,   57.35,   42.23,   53.24,   58.51,   46.10
05/01/2013 02:30:00,   48.66,   54.83,   40.24,   51.04,   56.95,   44.12
05/01/2013 02:35:00,   51.13,   56.20,   42.74,   53.83,   58.57,   45.78
05/01/2013 02:40:00,   52.46,   57.82,   41.20,   54.35,   59.12,   44.93
05/01/2013 02:45:00,   49.09,   56.62,   40.40,   50.90,   57.25,   44.49
05/01/2013 02:50:00,   52.66,   58.34,   41.31,   54.36,   59.24,   44.97
05/01/2013 02:55:00,   50.95,   58.28,   40.39,   52.42,   59.33,   44.73
05/01/2013 03:00:00,   52.51,   57.86,   44.14,   54.03,   59.69,   46.80
05/01/2013 03:05:00,   51.28,   57.18,   42.77,   53.06,   58.49,   45.74
05/01/2013 03:10:00,   50.85,   57.38,   42.76,   52.83,   58.07,   46.11
05/01/2013 03:15:00,   50.01,   57.13,   42.28,   52.45,   58.64,   45.81
05/01/2013 03:20:00,   49.75,   55.95,   41.32,   52.70,   57.96,   45.20
05/01/2013 03:25:00,   48.76,   53.99,   42.17,   51.77,   57.42,   45.88
05/01/2013 03:30:00,   48.86,   55.79,   39.92,   50.68,   56.60,   43.74
05/01/2013 03:35:00,   48.87,   56.31,   40.16,   50.71,   57.05,   44.04
05/01/2013 03:40:00,   49.04,   56.37,   40.95,   51.10,   57.95,   44.77
05/01/2013 03:45:00,   49.16,   56.31,   41.42,   51.15,   56.99,   44.81
05/01/2013 03:50:00,   50.41,   57.34,   42.16,   52.89,   59.07,   45.76
05/01/2013 03:55:00,   51.10,   57.39,   42.92,   53.79,   59.64,   46.17
05/01/2013 04:00:00,   49.72,   55.90,   40.18,   52.21,   57.69,   44.53
05/01/2013 04:05:00,   50.81,   57.34,   40.68,   53.05,   58.89,   44.49
05/01/2013 04:10:00,   52.07,   58.30,   42.43,   54.45,   60.51,   46.72
05/01/2013 04:15:00,   49.43,   54.73,   41.13,   51.89,   56.88,   45.04
05/01/2013 04:20:00,   49.67,   57.49,   41.18,   52.20,   58.78,   44.77
05/01/2013 04:25:00,   48.31,   54.24,   40.53,   53.49,   58.77,   44.45
05/01/2013 04:30:00,   50.61,   57.80,   40.74,   55.41,   61.89,   45.00
05/01/2013 04:35:00,   49.07,   55.86,   41.75,   51.72,   57.59,   45.47
05/01/2013 04:40:00,   49.20,   56.18,   41.35,   51.11,   56.78,   45.73
05/01/2013 04:45:00,   48.75,   55.27,   41.84,   52.43,   57.32,   45.89
05/01/2013 04:50:00,   47.85,   52.88,   40.14,   51.80,   56.73,   44.63
05/01/2013 04:55:00,   51.11,   58.20,   43.09,   57.24,   62.36,   47.24
05/01/2013 05:00:00,   50.55,   56.98,   40.10,   56.92,   63.56,   45.13
05/01/2013 05:05:00,   48.74,   55.34,   41.37,   53.52,   59.21,   45.37
05/01/2013 05:10:00,   46.71,   51.00,   41.32,   51.16,   54.23,   45.58
05/01/2013 05:15:00,   48.85,   54.60,   40.98,   55.08,   60.70,   45.17
05/01/2013 05:20:00,   49.86,   56.30,   41.00,   54.11,   59.95,   44.89
05/01/2013 05:25:00,   47.84,   54.44,   41.00,   53.31,   60.08,   44.82
05/01/2013 05:30:00,   49.52,   57.42,   41.90,   53.15,   59.63,   45.29
05/01/2013 05:35:00,   49.51,   55.80,   41.01,   52.57,   58.15,   44.86
05/01/2013 05:40:00,   45.71,   48.37,   41.52,   50.23,   55.82,   45.34
05/01/2013 05:45:00,   50.60,   56.77,   42.07,   53.13,   58.90,   46.02
05/01/2013 05:50:00,   49.90,   57.34,   42.26,   51.92,   57.70,   45.93
05/01/2013 05:55:00,   48.40,   54.06,   42.51,   54.86,   60.62,   47.17
05/01/2013 06:00:00,   48.87,   54.60,   42.45,   54.57,   59.63,   47.07
05/01/2013 06:05:00,   48.47,   54.13,   41.27,   53.48,   58.28,   45.85
05/01/2013 06:10:00,   50.61,   56.39,   43.19,   53.81,   58.71,   47.64
05/01/2013 06:15:00,   48.53,   54.64,   42.55,   53.60,   58.64,   47.40
05/01/2013 06:20:00,   52.69,   58.92,   43.44,   55.88,   61.23,   47.14
05/01/2013 06:25:00,   49.41,   55.20,   44.45,   52.54,   57.20,   48.17
05/01/2013 06:30:00,   51.27,   58.43,   44.13,   53.87,   59.88,   48.37
05/01/2013 06:35:00,   49.15,   55.72,   44.03,   52.31,   57.70,   48.56
05/01/2013 06:40:00,   51.63,   57.90,   45.18,   55.39,   60.49,   49.20
05/01/2013 06:45:00,   52.22,   57.94,   46.03,   56.70,   62.18,   50.21
05/01/2013 06:50:00,   52.18,   57.02,   45.39,   56.09,   61.23,   49.43
05/01/2013 06:55:00,   53.55,   58.41,   46.44,   57.84,   62.79,   51.14
05/01/2013 07:00:00,   51.94,   56.81,   45.35,   56.18,   60.36,   50.14
05/01/2013 07:05:00,   53.21,   58.57,   45.18,   58.39,   62.39,   50.20
05/01/2013 07:10:00,   54.88,   59.46,   46.47,   59.27,   64.19,   51.49
05/01/2013 07:15:00,   51.27,   56.45,   45.14,   56.00,   60.78,   50.22
05/01/2013 07:20:00,   52.38,   57.10,   45.68,   57.33,   62.25,   49.58
05/01/2013 07:25:00,   52.52,   58.26,   44.73,   55.55,   60.51,   48.66
05/01/2013 07:30:00,   53.97,   58.82,   46.41,   57.89,   63.11,   50.35
05/01/2013 07:35:00,   50.91,   55.07,   45.25,   55.55,   59.28,   50.58
05/01/2013 07:40:00,   53.65,   57.96,   45.07,   56.02,   60.08,   49.10
05/01/2013 07:45:00,   55.83,   60.64,   47.36,   60.18,   65.41,   50.98
05/01/2013 07:50:00,   53.50,   58.03,   46.06,   57.58,   61.94,   50.29
05/01/2013 07:55:00,   52.79,   58.38,   44.77,   57.26,   62.03,   49.66
05/01/2013 08:00:00,   52.11,   57.55,   44.67,   55.65,   60.08,   49.74
05/01/2013 08:05:00,   53.32,   58.09,   46.67,   56.11,   60.88,   50.44
05/01/2013 08:10:00,   54.79,   60.50,   44.70,   57.63,   62.53,   51.04
05/01/2013 08:15:00,   54.13,   58.94,   46.87,   57.04,   61.23,   50.67
05/01/2013 08:20:00,   54.17,   58.18,   46.56,   58.80,   62.99,   50.63
05/01/2013 08:25:00,   55.51,   60.63,   45.73,   59.29,   63.04,   50.03
05/01/2013 08:30:00,   53.47,   57.30,   45.96,   56.01,   58.83,   50.08
05/01/2013 08:35:00,   54.90,   59.38,   47.95,   57.66,   61.05,   51.45
05/01/2013 08:40:00,   54.53,   58.29,   47.96,   56.58,   59.65,   51.11
05/01/2013 08:45:00,   55.14,   59.89,   47.88,   57.46,   62.07,   51.55
05/01/2013 08:50:00,   57.73,   61.46,   52.70,   60.79,   63.60,   56.33
05/01/2013 08:55:00,   57.43,   60.95,   52.72,   60.38,   63.81,   55.34
05/01/2013 09:00:00,   56.43,   59.52,   51.75,   59.31,   61.62,   55.68
05/01/2013 09:05:00,   56.84,   60.68,   51.06,   60.32,   63.82,   54.87
05/01/2013 09:10:00,   55.58,   59.03,   50.45,   58.29,   61.39,   54.19
05/01/2013 09:15:00,   56.53,   60.63,   49.98,   60.17,   64.19,   53.38
05/01/2013 09:20:00,   55.57,   59.54,   49.21,   60.74,   65.48,   54.01
05/01/2013 09:25:00,   56.67,   60.21,   49.68,   61.03,   63.37,   53.45
05/01/2013 09:30:00,   61.00,   67.24,   52.78,   64.49,   70.73,   55.53
05/01/2013 09:35:00,   65.63,   68.18,   62.91,   70.18,   71.27,   68.85
05/01/2013 09:40:00,   59.85,   63.19,   52.59,   62.32,   66.11,   55.09
05/01/2013 09:45:00,   57.32,   60.38,   52.27,   59.56,   61.99,   54.88
05/01/2013 09:50:00,   56.50,   59.99,   49.50,   59.63,   63.32,   52.57
05/01/2013 09:55:00,   57.92,   61.77,   51.45,   59.62,   62.87,   55.08
05/01/2013 10:00:00,   55.68,   60.35,   49.28,   58.25,   62.39,   52.04
05/01/2013 10:05:00,   57.32,   61.21,   50.92,   60.17,   63.31,   55.04
05/01/2013 10:10:00,   56.91,   61.04,   49.96,   59.23,   63.02,   52.97
05/01/2013 10:15:00,   55.40,   59.10,   49.38,   57.61,   60.77,   52.36
05/01/2013 10:20:00,   56.64,   60.90,   50.46,   58.57,   61.91,   53.07
05/01/2013 10:25:00,   56.76,   60.37,   51.08,   59.34,   62.40,   54.04
05/01/2013 10:30:00,   56.58,   59.92,   51.93,   59.37,   62.50,   53.85
05/01/2013 10:35:00,   57.26,   60.92,   51.78,   60.17,   63.37,   55.07
05/01/2013 10:40:00,   57.43,   61.09,   50.90,   60.20,   63.85,   54.11
05/01/2013 10:45:00,   57.34,   60.72,   52.36,   59.33,   62.21,   55.27
05/01/2013 10:50:00,   57.64,   60.83,   51.89,   60.49,   63.37,   55.64
05/01/2013 10:55:00,   57.28,   60.48,   51.23,   59.81,   62.17,   55.35
05/01/2013 11:00:00,   58.21,   61.33,   53.08,   61.67,   64.82,   55.55
05/01/2013 11:05:00,   57.66,   60.31,   52.98,   60.63,   62.94,   56.12
05/01/2013 11:10:00,   57.91,   60.80,   53.28,   59.91,   62.35,   56.33
05/01/2013 11:15:00,   57.86,   61.13,   53.04,   61.42,   64.90,   56.25
05/01/2013 11:20:00,   58.51,   61.34,   53.13,   60.87,   63.58,   56.51
05/01/2013 11:25:00,   58.23,   61.56,   53.55,   61.29,   64.33,   56.25
05/01/2013 11:30:00,   57.48,   61.11,   52.21,   60.33,   63.22,   55.69
05/01/2013 11:35:00,   57.57,   60.48,   52.96,   61.97,   65.64,   56.42
05/01/2013 11:40:00,   57.84,   60.72,   53.25,   61.45,   64.07,   56.55
05/01/2013 11:45:00,   58.98,   61.85,   53.39,   63.57,   67.72,   56.41
05/01/2013 11:50:00,   58.55,   60.92,   53.78,   62.42,   67.01,   56.70
05/01/2013 11:55:00,   57.96,   61.00,   53.22,   61.89,   64.82,   56.61
05/01/2013 12:00:00,   59.44,   62.34,   55.23,   62.61,   65.18,   58.83
05/01/2013 12:05:00,   58.00,   60.92,   53.82,   61.71,   64.35,   57.48
05/01/2013 12:10:00,   58.29,   60.98,   53.10,   61.74,   63.79,   56.75
05/01/2013 12:15:00,   58.64,   61.39,   52.98,   61.33,   63.73,   56.09
05/01/2013 12:20:00,   58.58,   61.43,   52.09,   61.36,   64.79,   55.41
05/01/2013 12:25:00,   58.11,   61.36,   52.09,   61.97,   65.32,   55.61
05/01/2013 12:30:00,   59.03,   61.78,   53.42,   63.36,   65.85,   57.85
05/01/2013 12:35:00,   58.53,   61.67,   53.14,   61.66,   64.28,   55.73
05/01/2013 12:40:00,   59.30,   62.30,   53.49,   63.53,   69.09,   56.31
05/01/2013 12:45:00,   58.20,   61.37,   52.69,   61.93,   64.61,   55.49
05/01/2013 12:50:00,   56.92,   59.90,   52.09,   61.48,   64.88,   55.16
05/01/2013 12:55:00,   58.55,   61.46,   54.12,   62.57,   65.40,   57.26
05/01/2013 13:00:00,   58.44,   61.05,   53.50,   61.28,   63.37,   56.65
05/01/2013 13:05:00,   58.73,   60.87,   55.43,   62.33,   64.59,   58.38
05/01/2013 13:10:00,   58.83,   61.18,   54.22,   61.37,   63.69,   57.07
05/01/2013 13:15:00,   57.96,   61.12,   52.87,   62.08,   64.93,   56.75
05/01/2013 13:20:00,   59.58,   62.19,   55.90,   61.71,   64.51,   57.93
05/01/2013 13:25:00,   58.22,   61.34,   53.52,   60.99,   63.65,   56.54
05/01/2013 13:30:00,   57.55,   60.12,   53.44,   59.84,   62.02,   56.22
05/01/2013 13:35:00,   57.08,   59.87,   53.23,   60.54,   63.04,   57.15
05/01/2013 13:40:00,   58.29,   61.16,   53.72,   62.20,   64.34,   58.10
05/01/2013 13:45:00,   58.82,   62.32,   53.73,   61.74,   64.91,   56.69
05/01/2013 13:50:00,   58.08,   60.76,   53.28,   61.17,   63.89,   57.30
05/01/2013 13:55:00,   58.38,   61.70,   51.98,   62.31,   65.71,   56.34
05/01/2013 14:00:00,   58.38,   60.95,   53.19,   61.76,   64.10,   57.59
05/01/2013 14:05:00,   57.83,   60.42,   52.68,   60.85,   63.00,   56.55
05/01/2013 14:10:00,   57.94,   60.27,   54.29,   61.99,   64.59,   58.65
05/01/2013 14:15:00,   58.74,   61.89,   53.90,   62.07,   66.22,   57.44
05/01/2013 14:20:00,   58.94,   61.18,   55.48,   61.62,   63.87,   57.83
05/01/2013 14:25:00,   58.53,   61.29,   53.96,   61.90,   64.41,   58.01
05/01/2013 14:30:00,   59.02,   61.25,   55.19,   61.59,   63.63,   58.12
05/01/2013 14:35:00,   57.91,   60.58,   53.11,   60.81,   62.93,   57.20
05/01/2013 14:40:00,   58.40,   60.89,   54.56,   61.54,   63.97,   57.56
05/01/2013 14:45:00,   59.14,   61.37,   55.38,   61.83,   64.90,   57.52
05/01/2013 14:50:00,   58.71,   61.01,   54.76,   62.55,   65.80,   58.38
05/01/2013 14:55:00,   58.69,   61.32,   55.25,   62.49,   65.14,   58.23
05/01/2013 15:00:00,   58.76,   61.17,   54.31,   61.79,   63.88,   57.80
05/01/2013 15:05:00,   58.32,   60.57,   53.04,   62.10,   64.39,   57.05
05/01/2013 15:10:00,   59.43,   61.71,   56.27,   63.21,   66.07,   59.46
05/01/2013 15:15:00,   59.49,   62.07,   54.42,   63.37,   66.72,   57.90
05/01/2013 15:20:00,   59.55,   62.13,   56.10,   63.72,   66.52,   59.39
05/01/2013 15:25:00,   58.82,   61.14,   54.54,   61.88,   64.55,   57.48
05/01/2013 15:30:00,   58.23,   61.25,   53.29,   61.74,   64.50,   56.33
05/01/2013 15:35:00,   58.75,   61.79,   54.62,   62.40,   64.84,   58.15
05/01/2013 15:40:00,   59.15,   61.91,   54.82,   62.49,   65.03,   58.77
05/01/2013 15:45:00,   60.04,   62.56,   54.49,   63.71,   67.81,   58.20
05/01/2013 15:50:00,   60.10,   62.97,   56.79,   64.23,   67.67,   60.21
05/01/2013 15:55:00,   59.32,   61.47,   55.69,   63.62,   66.44,   60.12
05/01/2013 16:00:00,   63.75,   63.78,   54.45,   65.66,   67.69,   58.18
05/01/2013 16:05:00,   58.88,   61.57,   54.83,   61.94,   64.00,   58.87
05/01/2013 16:10:00,   57.80,   60.43,   53.29,   61.65,   63.63,   57.50
05/01/2013 16:15:00,   59.11,   61.47,   54.18,   62.46,   64.80,   57.69
05/01/2013 16:20:00,   57.95,   60.53,   54.18,   62.39,   64.86,   57.33
05/01/2013 16:25:00,   57.62,   60.70,   53.22,   60.83,   63.38,   56.78
05/01/2013 16:30:00,   59.23,   61.89,   53.95,   62.97,   66.13,   57.59
05/01/2013 16:35:00,   58.42,   60.84,   53.80,   62.31,   64.77,   57.74
05/01/2013 16:40:00,   58.15,   60.99,   53.90,   63.24,   66.67,   58.04
05/01/2013 16:45:00,   58.27,   60.29,   54.50,   61.93,   64.34,   58.50
05/01/2013 16:50:00,   60.12,   61.88,   54.64,   63.82,   66.77,   58.73
05/01/2013 16:55:00,   57.76,   60.64,   52.89,   62.23,   65.26,   56.97
05/01/2013 17:00:00,   58.65,   60.88,   54.30,   62.68,   65.52,   58.02
05/01/2013 17:05:00,   59.15,   62.01,   54.91,   64.12,   67.54,   58.93
05/01/2013 17:10:00,   58.82,   61.56,   55.17,   64.39,   67.22,   59.77
05/01/2013 17:15:00,   57.81,   60.00,   54.33,   61.54,   63.91,   57.68
05/01/2013 17:20:00,   58.01,   60.67,   53.71,   61.89,   63.69,   57.79
05/01/2013 17:25:00,   58.86,   61.46,   54.34,   63.06,   66.49,   57.67
05/01/2013 17:30:00,   58.08,   61.09,   53.30,   60.81,   63.38,   56.63
05/01/2013 17:35:00,   58.28,   60.99,   53.25,   61.68,   65.16,   56.81
05/01/2013 17:40:00,   57.99,   60.82,   53.74,   61.64,   64.63,   57.25
05/01/2013 17:45:00,   58.53,   61.27,   54.58,   61.63,   64.47,   57.97
05/01/2013 17:50:00,   57.76,   60.70,   52.82,   60.67,   63.63,   55.85
05/01/2013 17:55:00,   57.90,   60.72,   53.08,   61.04,   63.40,   57.11
05/01/2013 18:00:00,   58.17,   61.24,   52.51,   61.03,   64.56,   55.47
05/01/2013 18:05:00,   57.15,   60.15,   53.07,   60.19,   62.78,   56.57
05/01/2013 18:10:00,   57.38,   59.96,   53.41,   60.62,   62.50,   57.07
05/01/2013 18:15:00,   58.45,   61.39,   53.94,   62.21,   65.46,   57.85
05/01/2013 18:20:00,   59.57,   62.45,   55.50,   62.40,   65.13,   58.30
05/01/2013 18:25:00,   59.75,   62.63,   54.95,   62.50,   65.16,   58.61
05/01/2013 18:30:00,   58.37,   60.53,   54.87,   61.83,   64.23,   58.12
05/01/2013 18:35:00,   58.09,   61.48,   53.59,   60.59,   63.20,   57.00
05/01/2013 18:40:00,   58.08,   60.64,   53.83,   61.68,   64.03,   57.96
05/01/2013 18:45:00,   58.89,   61.96,   54.64,   61.50,   63.95,   58.22
05/01/2013 18:50:00,   58.25,   60.87,   53.60,   61.04,   63.58,   56.52
05/01/2013 18:55:00,   58.22,   60.77,   54.00,   60.69,   63.07,   56.93
05/01/2013 19:00:00,   57.41,   59.97,   52.58,   60.88,   63.68,   55.82
05/01/2013 19:05:00,   58.43,   61.06,   54.38,   61.33,   63.84,   57.83
05/01/2013 19:10:00,   59.35,   62.21,   53.60,   62.55,   66.55,   56.83
05/01/2013 19:15:00,   57.39,   60.54,   52.25,   60.51,   63.23,   55.63
05/01/2013 19:20:00,   57.98,   60.72,   54.75,   61.76,   64.52,   57.76
05/01/2013 19:25:00,   58.85,   62.33,   54.13,   61.13,   63.63,   57.08
05/01/2013 19:30:00,   58.37,   61.01,   53.49,   61.47,   64.05,   57.18
05/01/2013 19:35:00,   57.84,   61.01,   53.92,   61.08,   64.05,   57.35
05/01/2013 19:40:00,   57.24,   60.13,   53.68,   59.79,   62.10,   56.76
05/01/2013 19:45:00,   58.14,   60.80,   54.12,   60.65,   63.23,   57.75
05/01/2013 19:50:00,   57.60,   60.24,   53.02,   60.61,   62.93,   56.44
05/01/2013 19:55:00,   57.53,   60.44,   53.41,   59.37,   61.82,   56.17
05/01/2013 20:00:00,   58.80,   61.44,   54.29,   61.23,   64.05,   57.40
05/01/2013 20:05:00,   60.93,   65.94,   54.07,   63.73,   69.46,   56.62
05/01/2013 20:10:00,   59.74,   63.36,   52.30,   61.97,   67.39,   55.74
05/01/2013 20:15:00,   58.02,   61.15,   53.22,   60.68,   64.39,   56.07
05/01/2013 20:20:00,   57.53,   60.94,   52.10,   60.52,   63.52,   54.55
05/01/2013 20:25:00,   57.93,   61.35,   52.77,   60.09,   63.28,   55.21
05/01/2013 20:30:00,   59.19,   62.00,   53.24,   62.84,   67.44,   56.47
05/01/2013 20:35:00,   57.09,   60.45,   52.19,   60.06,   62.71,   55.30
05/01/2013 20:40:00,   57.65,   60.50,   52.98,   59.85,   61.87,   55.61
05/01/2013 20:45:00,   56.17,   59.97,   50.58,   59.35,   63.32,   54.00
05/01/2013 20:50:00,   57.16,   60.39,   50.69,   60.25,   63.32,   54.66
05/01/2013 20:55:00,   56.87,   60.25,   52.21,   59.40,   62.93,   54.44
05/01/2013 21:00:00,   56.04,   60.44,   49.43,   57.80,   61.91,   52.29
05/01/2013 21:05:00,   56.80,   59.65,   51.93,   60.26,   62.57,   55.40
05/01/2013 21:10:00,   56.18,   60.41,   48.54,   59.09,   62.34,   52.17
05/01/2013 21:15:00,   57.93,   60.95,   51.65,   60.19,   63.29,   54.15
05/01/2013 21:20:00,   54.95,   58.90,   47.26,   57.45,   61.15,   51.20
05/01/2013 21:25:00,   56.15,   61.20,   45.14,   58.58,   62.79,   48.64
05/01/2013 21:30:00,   57.09,   60.56,   48.85,   59.81,   63.65,   52.76
05/01/2013 21:35:00,   54.67,   58.86,   46.50,   57.17,   60.93,   49.23
05/01/2013 21:40:00,   55.53,   59.03,   47.69,   58.71,   61.66,   50.76
05/01/2013 21:45:00,   54.72,   58.92,   47.05,   57.25,   60.85,   50.15
05/01/2013 21:50:00,   56.00,   60.37,   49.39,   58.53,   62.13,   51.88
05/01/2013 21:55:00,   55.49,   59.64,   47.46,   58.38,   62.01,   50.89
05/01/2013 22:00:00,   54.88,   59.51,   45.82,   57.48,   61.88,   49.13
05/01/2013 22:05:00,   54.68,   58.91,   47.13,   57.63,   61.30,   50.83
05/01/2013 22:10:00,   54.46,   58.53,   46.01,   57.43,   60.80,   49.78
05/01/2013 22:15:00,   54.50,   59.07,   44.18,   57.11,   61.28,   47.79
05/01/2013 22:20:00,   53.04,   58.54,   43.66,   57.16,   61.94,   47.20
05/01/2013 22:25:00,   54.26,   59.39,   44.32,   57.54,   61.63,   48.72
05/01/2013 22:30:00,   53.49,   59.40,   42.82,   57.52,   61.69,   46.17
05/01/2013 22:35:00,   56.27,   60.19,   46.85,   58.73,   62.48,   49.08
05/01/2013 22:40:00,   54.56,   59.69,   45.38,   57.83,   61.64,   48.95
05/01/2013 22:45:00,   55.11,   59.62,   46.94,   57.36,   61.84,   49.20
05/01/2013 22:50:00,   55.30,   60.06,   45.57,   58.86,   61.97,   48.42
05/01/2013 22:55:00,   55.06,   59.37,   45.40,   56.66,   60.67,   48.21
05/01/2013 23:00:00,   55.23,   59.42,   47.27,   57.05,   60.96,   49.68
05/01/2013 23:05:00,   55.97,   60.42,   47.36,   58.27,   62.34,   49.66
05/01/2013 23:10:00,   54.86,   58.33,   48.10,   57.60,   60.93,   51.56
05/01/2013 23:15:00,   55.10,   59.86,   45.47,   57.47,   61.58,   48.87
05/01/2013 23:20:00,   55.34,   58.57,   47.80,   57.71,   61.09,   50.89
05/01/2013 23:25:00,   55.94,   60.50,   46.84,   57.28,   61.25,   49.66
05/01/2013 23:30:00,   55.07,   60.72,   46.89,   56.32,   61.59,   48.90
05/01/2013 23:35:00,   56.25,   60.17,   50.09,   59.49,   63.09,   52.51
05/01/2013 23:40:00,   56.28,   60.03,   48.11,   59.01,   62.99,   50.90
05/01/2013 23:45:00,   56.08,   60.18,   49.73,   57.95,   61.75,   51.74
05/01/2013 23:50:00,   53.85,   58.86,   45.70,   55.27,   60.22,   47.12
05/01/2013 23:55:00,   53.96,   58.25,   46.79,   55.58,   59.54,   48.57

