# noise_analysis run from DCC-NOISE-001014 at Sat Feb 16 00:00:00 2013
# Monitoring unit located at 53.278938N 6.315392W
# logfile   = /home/root/noise_analysis.log
# cfg_dir   = /home/root/config
# outputdir = /home/root/noise
# Sensitivity = -26.577707
# Gain = 1.000000
# Time should be in local format (i.e. daylight savings time)
# dd/mm/yyyy hh:mm:ss, A Leq,   A L10,   A L95,   C Leq,   C L10,   C L95
16/02/2013 00:05:00,   53.14,   57.72,   45.70,   55.43,   59.47,   49.09
16/02/2013 00:10:00,   53.77,   59.20,   47.03,   56.19,   61.55,   50.25
16/02/2013 00:15:00,   53.00,   58.25,   45.82,   55.72,   60.82,   49.07
16/02/2013 00:20:00,   53.85,   59.11,   47.03,   56.21,   60.77,   50.26
16/02/2013 00:25:00,   52.92,   57.34,   46.48,   55.10,   59.01,   50.05
16/02/2013 00:30:00,   54.01,   58.23,   47.74,   56.40,   60.02,   50.94
16/02/2013 00:35:00,   52.39,   57.06,   45.60,   54.83,   58.94,   48.92
16/02/2013 00:40:00,   52.30,   58.13,   44.72,   54.63,   60.04,   48.53
16/02/2013 00:45:00,   53.74,   58.90,   44.21,   56.02,   60.39,   48.01
16/02/2013 00:50:00,   52.93,   58.09,   45.03,   55.95,   60.93,   48.61
16/02/2013 00:55:00,   52.24,   57.83,   42.78,   54.20,   58.99,   46.82
16/02/2013 01:00:00,   51.93,   57.36,   44.16,   54.34,   58.52,   48.19
16/02/2013 01:05:00,   51.93,   57.65,   43.18,   54.14,   58.77,   47.62
16/02/2013 01:10:00,   53.76,   60.04,   43.97,   55.93,   61.17,   48.18
16/02/2013 01:15:00,   53.57,   59.27,   42.25,   55.54,   60.34,   46.47
16/02/2013 01:20:00,   53.72,   58.51,   45.19,   56.11,   60.31,   49.27
16/02/2013 01:25:00,   52.60,   58.31,   45.31,   55.44,   60.41,   48.73
16/02/2013 01:30:00,   53.28,   58.41,   44.43,   55.57,   59.92,   47.85
16/02/2013 01:35:00,   51.41,   57.48,   43.84,   54.33,   59.49,   47.78
16/02/2013 01:40:00,   51.79,   58.05,   44.02,   54.80,   60.55,   48.04
16/02/2013 01:45:00,   53.01,   58.10,   45.95,   54.69,   59.27,   49.25
16/02/2013 01:50:00,   53.56,   58.75,   46.84,   55.65,   60.24,   49.59
16/02/2013 01:55:00,   54.87,   60.10,   46.68,   57.45,   62.56,   50.08
16/02/2013 02:00:00,   52.58,   57.75,   44.88,   54.50,   59.29,   48.58
16/02/2013 02:05:00,   54.38,   59.11,   46.61,   56.13,   60.00,   49.43
16/02/2013 02:10:00,   53.40,   58.05,   45.13,   55.40,   59.81,   48.86
16/02/2013 02:15:00,   52.28,   58.13,   45.69,   54.26,   59.66,   48.95
16/02/2013 02:20:00,   53.87,   58.68,   45.42,   56.32,   60.88,   48.63
16/02/2013 02:25:00,   52.32,   57.68,   45.51,   54.52,   59.34,   48.64
16/02/2013 02:30:00,   53.78,   59.68,   46.40,   55.32,   60.60,   49.37
16/02/2013 02:35:00,   52.44,   57.35,   45.36,   54.45,   58.77,   48.65
16/02/2013 02:40:00,   51.40,   57.73,   43.48,   53.28,   58.64,   47.68
16/02/2013 02:45:00,   51.88,   58.30,   43.68,   53.91,   59.84,   47.37
16/02/2013 02:50:00,   51.94,   56.95,   44.97,   53.81,   57.83,   48.16
16/02/2013 02:55:00,   49.76,   55.13,   44.22,   52.16,   57.30,   48.12
16/02/2013 03:00:00,   54.09,   59.83,   45.99,   55.94,   60.89,   49.22
16/02/2013 03:05:00,   51.57,   58.04,   45.21,   55.08,   60.08,   49.44
16/02/2013 03:10:00,   49.96,   55.35,   44.70,   53.16,   57.23,   49.56
16/02/2013 03:15:00,   50.32,   56.40,   44.68,   53.27,   58.50,   49.09
16/02/2013 03:20:00,   53.07,   58.81,   45.57,   55.44,   60.71,   49.22
16/02/2013 03:25:00,   51.77,   57.92,   45.40,   54.13,   59.43,   49.08
16/02/2013 03:30:00,   52.15,   56.68,   45.91,   55.05,   58.55,   49.37
16/02/2013 03:35:00,   51.12,   56.15,   46.21,   53.62,   58.18,   49.47
16/02/2013 03:40:00,   50.70,   56.24,   45.68,   53.13,   57.76,   49.10
16/02/2013 03:45:00,   48.15,   51.97,   43.16,   51.20,   54.98,   46.50
16/02/2013 03:50:00,   49.75,   55.61,   43.75,   52.15,   56.73,   47.30
16/02/2013 03:55:00,   52.47,   58.57,   45.37,   54.71,   59.99,   48.65
16/02/2013 04:00:00,   51.72,   58.78,   44.92,   54.04,   59.76,   48.11
16/02/2013 04:05:00,   51.45,   56.85,   45.36,   53.80,   58.69,   48.96
16/02/2013 04:10:00,   50.52,   56.42,   44.55,   53.23,   58.49,   48.04
16/02/2013 04:15:00,   51.13,   56.62,   44.00,   53.59,   58.77,   47.60
16/02/2013 04:20:00,   50.38,   55.78,   44.55,   54.07,   60.54,   48.09
16/02/2013 04:25:00,   50.96,   57.39,   43.73,   53.05,   58.38,   47.46
16/02/2013 04:30:00,   51.24,   57.49,   43.47,   53.50,   58.87,   47.00
16/02/2013 04:35:00,   51.00,   56.91,   44.08,   54.49,   59.99,   47.39
16/02/2013 04:40:00,   52.99,   58.62,   44.33,   54.71,   59.46,   47.60
16/02/2013 04:45:00,   53.35,   59.43,   44.82,   55.11,   60.48,   47.91
16/02/2013 04:50:00,   50.14,   55.09,   44.63,   52.13,   56.18,   47.78
16/02/2013 04:55:00,   51.79,   57.58,   45.86,   53.65,   58.45,   48.87
16/02/2013 05:00:00,   51.12,   55.21,   45.69,   54.55,   59.31,   49.04
16/02/2013 05:05:00,   49.67,   54.72,   44.38,   51.82,   56.05,   47.37
16/02/2013 05:10:00,   49.04,   53.58,   43.79,   51.81,   56.93,   47.29
16/02/2013 05:15:00,   47.01,   50.18,   42.32,   49.61,   52.30,   46.13
16/02/2013 05:20:00,   49.64,   56.35,   43.94,   51.47,   56.11,   47.35
16/02/2013 05:25:00,   50.79,   57.00,   43.39,   53.37,   58.51,   47.24
16/02/2013 05:30:00,   48.60,   54.69,   43.65,   51.65,   55.96,   47.73
16/02/2013 05:35:00,   50.53,   56.58,   44.24,   53.27,   58.49,   48.21
16/02/2013 05:40:00,   50.61,   56.42,   44.29,   53.90,   58.91,   48.36
16/02/2013 05:45:00,   49.78,   55.32,   44.60,   53.29,   57.86,   48.50
16/02/2013 05:50:00,   51.15,   58.76,   44.09,   53.42,   59.91,   47.94
16/02/2013 05:55:00,   50.00,   55.33,   44.99,   53.72,   58.96,   48.72
16/02/2013 06:00:00,   49.13,   54.86,   42.92,   51.76,   56.48,   46.94
16/02/2013 06:05:00,   51.51,   57.07,   44.53,   53.63,   58.00,   48.58
16/02/2013 06:10:00,   51.43,   56.44,   44.63,   53.52,   57.79,   48.57
16/02/2013 06:15:00,   51.48,   57.34,   44.38,   53.87,   60.12,   48.52
16/02/2013 06:20:00,   51.74,   57.66,   45.01,   55.06,   59.99,   49.02
16/02/2013 06:25:00,   52.03,   57.91,   46.80,   53.86,   58.55,   49.94
16/02/2013 06:30:00,   54.08,   59.17,   48.65,   56.02,   60.03,   51.77
16/02/2013 06:35:00,   55.53,   61.81,   49.68,   59.59,   66.06,   53.18
16/02/2013 06:40:00,   52.38,   56.06,   48.83,   55.25,   58.81,   52.00
16/02/2013 06:45:00,   57.38,   62.16,   50.51,   61.07,   66.65,   53.36
16/02/2013 06:50:00,   52.65,   57.24,   48.18,   56.16,   60.58,   51.93
16/02/2013 06:55:00,   54.59,   58.34,   49.80,   57.87,   61.91,   53.33
16/02/2013 07:00:00,   54.58,   58.84,   49.13,   57.91,   62.14,   52.59
16/02/2013 07:05:00,   55.07,   59.35,   49.41,   57.93,   61.94,   53.11
16/02/2013 07:10:00,   54.93,   58.85,   50.38,   58.07,   61.39,   54.37
16/02/2013 07:15:00,   55.39,   58.97,   50.67,   57.79,   61.23,   53.94
16/02/2013 07:20:00,   54.48,   59.36,   48.38,   57.78,   61.67,   51.92
16/02/2013 07:25:00,   54.38,   58.02,   49.62,   57.52,   60.64,   53.39
16/02/2013 07:30:00,   56.32,   61.65,   50.38,   59.91,   64.97,   53.90
16/02/2013 07:35:00,   56.94,   60.87,   51.97,   60.91,   64.39,   55.69
16/02/2013 07:40:00,   55.50,   60.60,   50.34,   59.20,   63.54,   54.39
16/02/2013 07:45:00,   57.48,   61.95,   51.21,   60.28,   63.70,   54.55
16/02/2013 07:50:00,   56.70,   61.39,   49.80,   60.00,   64.93,   53.19
16/02/2013 07:55:00,   55.06,   59.18,   49.94,   58.15,   62.03,   53.37
16/02/2013 08:00:00,   56.21,   60.07,   50.08,   58.90,   62.54,   53.47
16/02/2013 08:05:00,   57.07,   61.08,   50.60,   60.60,   64.72,   54.26
16/02/2013 08:10:00,   54.36,   58.55,   48.87,   57.14,   60.94,   51.85
16/02/2013 08:15:00,   55.96,   60.38,   50.82,   58.32,   63.02,   53.59
16/02/2013 08:20:00,   57.01,   61.21,   51.47,   60.61,   64.56,   54.89
16/02/2013 08:25:00,   56.07,   60.29,   50.67,   59.62,   64.21,   53.21
16/02/2013 08:30:00,   55.44,   59.44,   49.16,   58.60,   63.20,   51.89
16/02/2013 08:35:00,   56.39,   59.73,   50.75,   60.01,   63.81,   54.49
16/02/2013 08:40:00,   57.96,   62.44,   52.09,   61.51,   66.79,   55.42
16/02/2013 08:45:00,   57.98,   60.85,   53.19,   60.82,   64.09,   56.38
16/02/2013 08:50:00,   56.96,   60.83,   52.04,   59.29,   62.56,   55.01
16/02/2013 08:55:00,   57.76,   61.98,   52.06,   60.34,   63.84,   55.58
16/02/2013 09:00:00,   57.35,   60.57,   51.28,   60.02,   63.43,   53.88
16/02/2013 09:05:00,   58.57,   62.54,   53.89,   60.83,   64.32,   56.25
16/02/2013 09:10:00,   59.50,   62.42,   54.81,   61.39,   64.25,   56.91
16/02/2013 09:15:00,   58.41,   62.62,   52.48,   60.31,   64.19,   55.14
16/02/2013 09:20:00,   59.34,   63.40,   52.46,   61.45,   64.89,   54.80
16/02/2013 09:25:00,   57.25,   61.24,   52.43,   59.66,   63.20,   55.20
16/02/2013 09:30:00,   57.37,   61.64,   52.38,   59.32,   63.20,   54.87
16/02/2013 09:35:00,   59.24,   63.26,   53.60,   61.33,   64.61,   56.22
16/02/2013 09:40:00,   60.07,   63.60,   55.06,   62.18,   65.00,   58.31
16/02/2013 09:45:00,   58.77,   62.22,   51.96,   61.43,   64.71,   55.50
16/02/2013 09:50:00,   58.39,   61.51,   53.54,   60.63,   63.40,   56.72
16/02/2013 09:55:00,   58.51,   61.53,   54.19,   61.33,   64.14,   56.89
16/02/2013 10:00:00,   57.82,   61.39,   52.44,   60.38,   63.37,   55.71
16/02/2013 10:05:00,   58.76,   61.90,   52.24,   63.18,   67.19,   56.58
16/02/2013 10:10:00,   58.80,   62.64,   53.24,   61.32,   64.23,   56.63
16/02/2013 10:15:00,   56.96,   60.90,   51.29,   59.88,   63.04,   54.37
16/02/2013 10:20:00,   57.33,   60.36,   50.88,   60.57,   63.46,   55.03
16/02/2013 10:25:00,   57.39,   61.03,   51.94,   60.50,   63.24,   56.33
16/02/2013 10:30:00,   57.58,   61.54,   50.01,   60.24,   63.68,   54.12
16/02/2013 10:35:00,   56.55,   60.85,   49.53,   59.83,   63.41,   53.97
16/02/2013 10:40:00,   57.78,   61.55,   51.55,   60.88,   63.47,   55.85
16/02/2013 10:45:00,   57.25,   60.98,   51.27,   60.58,   63.24,   55.58
16/02/2013 10:50:00,   57.84,   61.39,   51.55,   61.10,   64.23,   55.55
16/02/2013 10:55:00,   56.41,   61.03,   47.57,   59.50,   63.20,   51.98
16/02/2013 11:00:00,   57.18,   60.79,   52.20,   60.43,   63.51,   55.57
16/02/2013 11:05:00,   58.18,   61.00,   51.92,   60.55,   63.07,   55.11
16/02/2013 11:10:00,   56.84,   60.56,   49.55,   60.13,   63.31,   54.14
16/02/2013 11:15:00,   56.20,   59.74,   48.72,   59.66,   62.35,   54.32
16/02/2013 11:20:00,   57.63,   60.86,   51.76,   60.82,   63.58,   56.15
16/02/2013 11:25:00,   58.72,   61.80,   51.94,   60.19,   63.21,   54.05
16/02/2013 11:30:00,   56.87,   61.07,   49.50,   60.06,   63.67,   53.89
16/02/2013 11:35:00,   61.18,   66.88,   54.41,   65.83,   71.91,   58.01
16/02/2013 11:40:00,   62.01,   64.58,   57.09,   66.22,   69.52,   61.29
16/02/2013 11:45:00,   60.50,   63.54,   54.84,   62.95,   66.12,   57.44
16/02/2013 11:50:00,   59.55,   62.48,   53.12,   63.28,   66.65,   57.58
16/02/2013 11:55:00,   59.11,   61.46,   53.41,   62.30,   64.98,   56.76
16/02/2013 12:00:00,   58.31,   61.44,   53.69,   61.72,   65.32,   56.77
16/02/2013 12:05:00,   57.80,   60.98,   52.69,   61.53,   64.43,   56.22
16/02/2013 12:10:00,   57.30,   60.58,   51.41,   61.15,   64.40,   55.60
16/02/2013 12:15:00,   57.23,   60.56,   52.55,   60.27,   63.10,   55.79
16/02/2013 12:20:00,   57.82,   60.89,   53.62,   62.70,   66.29,   57.59
16/02/2013 12:25:00,   57.50,   60.23,   53.15,   61.01,   63.62,   56.72
16/02/2013 12:30:00,   59.02,   61.82,   54.02,   62.01,   65.20,   56.65
16/02/2013 12:35:00,   57.00,   60.29,   52.00,   60.75,   63.45,   56.41
16/02/2013 12:40:00,   58.38,   61.92,   50.93,   62.55,   66.97,   56.09
16/02/2013 12:45:00,   57.99,   61.17,   51.51,   62.08,   65.28,   55.88
16/02/2013 12:50:00,   57.31,   60.57,   49.52,   60.40,   63.37,   53.14
16/02/2013 12:55:00,   56.98,   60.59,   49.54,   60.43,   63.70,   54.32
16/02/2013 13:00:00,   56.14,   59.15,   49.06,   60.42,   63.17,   54.00
16/02/2013 13:05:00,   56.51,   59.73,   49.58,   60.46,   62.95,   55.77
16/02/2013 13:10:00,   57.71,   60.26,   49.62,   61.18,   64.04,   54.33
16/02/2013 13:15:00,   57.77,   60.79,   52.08,   60.84,   63.41,   56.86
16/02/2013 13:20:00,   57.72,   60.79,   52.57,   61.12,   63.89,   56.85
16/02/2013 13:25:00,   57.13,   60.56,   51.83,   62.52,   66.31,   56.15
16/02/2013 13:30:00,   58.44,   61.52,   52.27,   61.74,   64.48,   56.69
16/02/2013 13:35:00,   58.23,   61.54,   53.69,   61.31,   63.89,   57.05
16/02/2013 13:40:00,   58.15,   60.90,   53.26,   62.22,   65.03,   57.77
16/02/2013 13:45:00,   58.91,   61.68,   52.74,   61.92,   64.94,   56.53
16/02/2013 13:50:00,   59.11,   61.64,   55.45,   62.56,   65.19,   58.11
16/02/2013 13:55:00,   57.64,   61.39,   50.45,   61.56,   65.61,   53.45
16/02/2013 14:00:00,   59.05,   62.28,   52.85,   62.94,   65.71,   57.30
16/02/2013 14:05:00,   57.63,   60.42,   52.58,   61.02,   63.96,   55.05
16/02/2013 14:10:00,   58.15,   60.63,   54.54,   62.80,   65.44,   59.07
16/02/2013 14:15:00,   58.80,   61.61,   53.22,   63.59,   66.74,   57.77
16/02/2013 14:20:00,   57.99,   60.71,   53.25,   61.54,   63.79,   57.80
16/02/2013 14:25:00,   58.10,   60.87,   52.91,   61.37,   63.53,   57.30
16/02/2013 14:30:00,   63.37,   69.43,   53.49,   63.95,   68.67,   56.45
16/02/2013 14:35:00,   68.53,   70.84,   65.44,   68.47,   70.69,   65.40
16/02/2013 14:40:00,   68.18,   70.12,   65.09,   67.63,   69.31,   64.55
16/02/2013 14:45:00,   63.97,   68.70,   55.48,   64.43,   67.95,   57.34
16/02/2013 14:50:00,   58.74,   61.34,   53.69,   61.81,   64.48,   57.81
16/02/2013 14:55:00,   57.20,   60.55,   52.05,   60.68,   63.10,   56.35
16/02/2013 15:00:00,   57.27,   59.98,   52.07,   60.55,   63.20,   56.16
16/02/2013 15:05:00,   57.34,   60.52,   52.30,   62.30,   64.99,   57.65
16/02/2013 15:10:00,   58.49,   61.94,   54.17,   64.01,   67.87,   58.03
16/02/2013 15:15:00,   57.51,   60.82,   53.16,   61.97,   64.68,   57.20
16/02/2013 15:20:00,   58.57,   61.04,   53.91,   61.39,   63.28,   57.31
16/02/2013 15:25:00,   58.66,   61.58,   54.04,   63.03,   66.72,   57.91
16/02/2013 15:30:00,   57.78,   60.69,   52.69,   61.12,   64.59,   56.20
16/02/2013 15:35:00,   58.65,   61.17,   55.04,   61.73,   63.61,   57.72
16/02/2013 15:40:00,   58.72,   60.92,   54.60,   62.64,   65.44,   58.12
16/02/2013 15:45:00,   57.17,   59.97,   50.75,   60.72,   63.05,   55.37
16/02/2013 15:50:00,   57.90,   61.41,   51.94,   60.94,   63.99,   55.19
16/02/2013 15:55:00,   58.04,   60.67,   53.45,   60.38,   62.98,   56.24
16/02/2013 16:00:00,   58.66,   61.09,   53.85,   61.72,   63.68,   58.15
16/02/2013 16:05:00,   57.48,   60.71,   50.35,   60.66,   62.99,   55.28
16/02/2013 16:10:00,   57.90,   61.13,   51.33,   61.87,   65.10,   56.28
16/02/2013 16:15:00,   57.41,   60.11,   51.51,   60.53,   63.39,   55.62
16/02/2013 16:20:00,   57.64,   60.91,   51.26,   60.51,   63.59,   54.47
16/02/2013 16:25:00,   56.29,   60.04,   50.31,   61.07,   64.04,   55.94
16/02/2013 16:30:00,   55.97,   59.55,   50.21,   60.95,   64.00,   55.11
16/02/2013 16:35:00,   57.34,   60.08,   51.56,   62.70,   65.60,   57.19
16/02/2013 16:40:00,   57.49,   61.14,   51.36,   60.98,   63.82,   56.10
16/02/2013 16:45:00,   57.97,   60.64,   53.31,   60.96,   63.07,   57.44
16/02/2013 16:50:00,   57.14,   59.69,   53.10,   61.84,   64.49,   57.83
16/02/2013 16:55:00,   57.42,   60.37,   51.12,   61.76,   63.77,   55.59
16/02/2013 17:00:00,   57.55,   61.19,   51.35,   62.88,   66.15,   56.02
16/02/2013 17:05:00,   59.36,   61.14,   52.17,   63.26,   65.28,   56.57
16/02/2013 17:10:00,   57.20,   60.44,   51.14,   61.72,   64.87,   56.53
16/02/2013 17:15:00,   57.74,   60.94,   51.06,   61.57,   64.27,   55.82
16/02/2013 17:20:00,   57.01,   59.87,   51.99,   60.44,   62.93,   56.06
16/02/2013 17:25:00,   57.77,   61.47,   51.84,   61.77,   64.40,   57.08
16/02/2013 17:30:00,   56.64,   60.53,   49.44,   60.54,   63.94,   53.98
16/02/2013 17:35:00,   57.95,   61.31,   51.71,   61.47,   64.65,   56.44
16/02/2013 17:40:00,   57.98,   60.97,   53.26,   61.54,   63.89,   56.61
16/02/2013 17:45:00,   56.75,   60.61,   51.13,   59.94,   63.26,   55.29
16/02/2013 17:50:00,   57.39,   60.33,   52.80,   61.20,   63.58,   57.41
16/02/2013 17:55:00,   57.07,   60.99,   52.06,   60.21,   63.30,   55.77
16/02/2013 18:00:00,   57.39,   61.37,   49.77,   60.06,   63.45,   52.93
16/02/2013 18:05:00,   56.60,   59.56,   51.39,   60.44,   63.10,   56.12
16/02/2013 18:10:00,   57.54,   60.60,   48.54,   60.92,   63.72,   53.32
16/02/2013 18:15:00,   61.88,   68.57,   51.74,   62.86,   67.66,   56.14
16/02/2013 18:20:00,   57.30,   60.28,   51.26,   60.49,   62.82,   56.63
16/02/2013 18:25:00,   58.07,   61.42,   52.51,   60.63,   63.64,   56.20
16/02/2013 18:30:00,   57.11,   60.52,   51.42,   60.19,   63.02,   55.62
16/02/2013 18:35:00,   56.07,   60.50,   49.54,   59.53,   63.41,   53.12
16/02/2013 18:40:00,   57.47,   60.47,   51.91,   62.28,   65.60,   56.63
16/02/2013 18:45:00,   56.19,   59.79,   50.45,   59.51,   62.61,   54.73
16/02/2013 18:50:00,   57.09,   60.96,   50.54,   59.56,   62.97,   54.54
16/02/2013 18:55:00,   57.00,   61.08,   50.31,   59.77,   62.57,   53.99
16/02/2013 19:00:00,   57.23,   59.92,   52.58,   61.24,   63.99,   56.69
16/02/2013 19:05:00,   56.84,   60.39,   51.40,   60.73,   63.31,   56.55
16/02/2013 19:10:00,   57.86,   61.55,   52.36,   62.33,   65.65,   57.18
16/02/2013 19:15:00,   58.95,   61.31,   51.03,   62.58,   66.12,   55.69
16/02/2013 19:20:00,   56.37,   60.39,   51.03,   60.88,   63.61,   56.19
16/02/2013 19:25:00,   56.49,   60.33,   50.16,   59.68,   63.59,   54.27
16/02/2013 19:30:00,   58.87,   61.80,   54.40,   62.62,   65.50,   58.14
16/02/2013 19:35:00,   57.67,   61.32,   50.83,   61.26,   65.28,   55.17
16/02/2013 19:40:00,   56.65,   59.28,   52.31,   59.88,   61.80,   56.44
16/02/2013 19:45:00,   56.91,   60.31,   51.54,   60.10,   62.83,   56.00
16/02/2013 19:50:00,   57.22,   60.79,   50.91,   61.11,   64.11,   54.75
16/02/2013 19:55:00,   55.75,   60.24,   49.79,   58.90,   63.15,   52.98
16/02/2013 20:00:00,   56.33,   60.06,   50.64,   59.60,   63.10,   54.60
16/02/2013 20:05:00,   56.09,   59.56,   50.06,   59.27,   61.94,   54.47
16/02/2013 20:10:00,   56.70,   60.58,   49.75,   59.90,   63.18,   53.65
16/02/2013 20:15:00,   56.82,   60.96,   49.63,   60.86,   65.10,   53.85
16/02/2013 20:20:00,   56.17,   60.60,   48.57,   59.90,   63.48,   52.20
16/02/2013 20:25:00,   56.14,   59.64,   49.73,   59.94,   62.94,   54.19
16/02/2013 20:30:00,   57.59,   61.29,   51.07,   61.98,   65.60,   55.19
16/02/2013 20:35:00,   56.14,   60.96,   48.55,   59.90,   63.64,   52.23
16/02/2013 20:40:00,   56.41,   60.13,   51.34,   60.12,   63.47,   54.92
16/02/2013 20:45:00,   55.11,   58.44,   49.74,   57.75,   60.58,   52.91
16/02/2013 20:50:00,   56.41,   60.25,   49.84,   59.10,   62.50,   53.94
16/02/2013 20:55:00,   56.31,   60.75,   48.91,   59.25,   62.82,   51.95
16/02/2013 21:00:00,   56.30,   60.11,   50.24,   59.56,   62.91,   53.83
16/02/2013 21:05:00,   56.60,   60.81,   49.61,   59.14,   63.14,   53.02
16/02/2013 21:10:00,   55.99,   59.37,   50.57,   59.88,   63.12,   54.83
16/02/2013 21:15:00,   56.28,   60.37,   49.42,   59.40,   62.64,   53.66
16/02/2013 21:20:00,   56.42,   59.90,   50.23,   60.40,   63.65,   55.01
16/02/2013 21:25:00,   56.90,   60.44,   49.64,   60.18,   63.10,   52.93
16/02/2013 21:30:00,   56.63,   60.15,   50.60,   60.69,   63.95,   54.75
16/02/2013 21:35:00,   57.12,   60.88,   47.56,   60.20,   63.84,   51.90
16/02/2013 21:40:00,   54.69,   59.58,   46.33,   58.17,   62.29,   50.86
16/02/2013 21:45:00,   55.79,   60.67,   49.73,   58.68,   62.43,   53.52
16/02/2013 21:50:00,   55.97,   59.62,   47.23,   59.04,   62.44,   50.28
16/02/2013 21:55:00,   55.84,   59.86,   50.14,   59.98,   63.16,   53.97
16/02/2013 22:00:00,   55.31,   59.42,   47.13,   59.64,   63.64,   51.77
16/02/2013 22:05:00,   55.96,   60.50,   49.61,   59.23,   62.34,   53.86
16/02/2013 22:10:00,   56.10,   60.11,   48.31,   59.14,   63.25,   51.55
16/02/2013 22:15:00,   54.87,   59.16,   47.48,   58.93,   63.17,   50.49
16/02/2013 22:20:00,   55.41,   59.90,   47.32,   58.78,   62.89,   51.83
16/02/2013 22:25:00,   54.06,   58.97,   47.17,   56.76,   61.01,   50.74
16/02/2013 22:30:00,   54.74,   59.60,   45.98,   57.50,   61.40,   50.07
16/02/2013 22:35:00,   55.22,   59.26,   48.49,   58.69,   61.98,   52.78
16/02/2013 22:40:00,   55.49,   59.92,   48.60,   61.81,   66.05,   53.05
16/02/2013 22:45:00,   55.74,   60.70,   48.84,   61.73,   66.47,   53.94
16/02/2013 22:50:00,   55.58,   59.82,   49.13,   61.43,   64.83,   55.49
16/02/2013 22:55:00,   55.70,   60.04,   47.33,   59.75,   63.70,   52.57
16/02/2013 23:00:00,   54.30,   58.58,   46.27,   59.35,   63.60,   52.90
16/02/2013 23:05:00,   54.26,   58.91,   46.88,   57.88,   62.08,   51.04
16/02/2013 23:10:00,   54.59,   59.29,   45.88,   59.28,   63.02,   52.03
16/02/2013 23:15:00,   53.44,   57.61,   47.10,   57.56,   62.19,   50.69
16/02/2013 23:20:00,   51.92,   57.36,   42.71,   55.78,   60.09,   46.94
16/02/2013 23:25:00,   53.07,   58.26,   45.69,   58.58,   62.76,   50.54
16/02/2013 23:30:00,   53.66,   58.61,   45.99,   57.01,   61.37,   50.27
16/02/2013 23:35:00,   53.96,   58.40,   46.99,   57.09,   61.33,   51.11
16/02/2013 23:40:00,   53.86,   58.94,   44.85,   56.95,   62.33,   47.88
16/02/2013 23:45:00,   55.23,   59.22,   47.41,   57.33,   60.92,   50.39
16/02/2013 23:50:00,   53.70,   58.43,   43.59,   57.21,   61.20,   48.97
16/02/2013 23:55:00,   51.68,   57.71,   43.14,   55.60,   59.83,   46.50

