# noise_analysis run from DCC-NOISE-001003 at Wed Mar 20 00:00:00 2013
# Monitoring unit located at 53.342609N 6.340721W
# logfile   = /home/root/noise_analysis.log
# cfg_dir   = /home/root/config
# outputdir = /home/root/noise
# Sensitivity = -26.271103
# Gain = 1.000000
# Time should be in local format (i.e. daylight savings time)
# dd/mm/yyyy hh:mm:ss, A Leq,   A L10,   A L95,   C Leq,   C L10,   C L95
20/03/2013 00:05:00,   52.63,   59.42,   44.60,   54.53,   60.64,   47.39
20/03/2013 00:10:00,   50.65,   56.14,   44.91,   52.61,   57.08,   47.75
20/03/2013 00:15:00,   53.09,   58.53,   46.47,   54.65,   58.96,   49.41
20/03/2013 00:20:00,   52.83,   58.71,   46.29,   54.53,   59.84,   49.28
20/03/2013 00:25:00,   53.54,   59.07,   45.02,   55.16,   59.96,   48.28
20/03/2013 00:30:00,   55.03,   62.01,   45.74,   56.48,   62.36,   48.62
20/03/2013 00:35:00,   53.12,   57.88,   45.84,   55.32,   59.94,   48.67
20/03/2013 00:40:00,   51.97,   57.33,   46.20,   53.82,   58.66,   49.35
20/03/2013 00:45:00,   50.39,   55.71,   43.73,   53.33,   57.61,   47.61
20/03/2013 00:50:00,   51.77,   58.78,   42.99,   53.37,   59.51,   47.17
20/03/2013 00:55:00,   49.27,   53.62,   42.31,   51.05,   55.02,   46.01
20/03/2013 01:00:00,   53.68,   59.36,   46.27,   54.88,   59.82,   48.74
20/03/2013 01:05:00,   51.21,   57.47,   44.11,   53.03,   58.14,   48.00
20/03/2013 01:10:00,   51.90,   57.70,   41.78,   53.40,   58.30,   45.47
20/03/2013 01:15:00,   53.80,   60.59,   42.07,   55.07,   61.37,   46.34
20/03/2013 01:20:00,   52.17,   57.75,   45.10,   54.33,   58.66,   49.43
20/03/2013 01:25:00,   52.24,   57.61,   45.38,   53.64,   58.43,   48.11
20/03/2013 01:30:00,   51.16,   57.97,   43.11,   53.24,   59.10,   47.64
20/03/2013 01:35:00,   48.36,   53.19,   42.61,   51.26,   54.84,   46.86
20/03/2013 01:40:00,   49.57,   54.58,   43.32,   51.78,   56.15,   46.99
20/03/2013 01:45:00,   49.32,   55.24,   42.31,   53.25,   58.24,   46.79
20/03/2013 01:50:00,   50.03,   56.20,   41.31,   52.05,   57.15,   45.97
20/03/2013 01:55:00,   47.60,   49.98,   42.14,   50.07,   51.43,   46.09
20/03/2013 02:00:00,   50.29,   57.13,   41.54,   51.99,   57.96,   45.30
20/03/2013 02:05:00,   47.31,   52.60,   42.18,   49.67,   53.52,   45.89
20/03/2013 02:10:00,   48.59,   55.03,   43.09,   50.86,   56.11,   47.13
20/03/2013 02:15:00,   47.24,   49.88,   42.20,   49.99,   51.96,   46.09
20/03/2013 02:20:00,   45.68,   48.04,   41.34,   48.65,   50.83,   45.43
20/03/2013 02:25:00,   47.76,   53.17,   41.11,   50.24,   54.62,   45.30
20/03/2013 02:30:00,   46.71,   50.44,   40.98,   49.22,   51.74,   45.24
20/03/2013 02:35:00,   45.61,   47.14,   39.46,   48.37,   49.80,   43.96
20/03/2013 02:40:00,   45.73,   48.33,   39.01,   48.31,   51.19,   43.16
20/03/2013 02:45:00,   46.94,   53.61,   39.66,   49.67,   54.85,   44.40
20/03/2013 02:50:00,   45.09,   48.89,   39.28,   48.84,   52.60,   43.68
20/03/2013 02:55:00,   43.59,   44.63,   39.20,   46.75,   47.98,   43.61
20/03/2013 03:00:00,   46.55,   53.28,   37.53,   49.20,   54.96,   42.95
20/03/2013 03:05:00,   45.47,   48.93,   38.03,   48.43,   50.99,   43.56
20/03/2013 03:10:00,   42.29,   43.44,   39.06,   47.21,   49.92,   44.30
20/03/2013 03:15:00,   45.00,   51.29,   39.07,   49.16,   54.14,   44.38
20/03/2013 03:20:00,   43.37,   45.64,   38.68,   46.92,   48.51,   43.18
20/03/2013 03:25:00,   47.43,   54.74,   39.16,   49.68,   56.70,   43.60
20/03/2013 03:30:00,   43.97,   48.99,   38.75,   47.60,   51.06,   43.37
20/03/2013 03:35:00,   47.89,   54.47,   39.97,   49.76,   55.20,   44.13
20/03/2013 03:40:00,   46.97,   54.79,   38.80,   49.09,   55.33,   43.63
20/03/2013 03:45:00,   41.84,   43.72,   37.69,   46.08,   48.68,   42.66
20/03/2013 03:50:00,   47.54,   55.86,   37.53,   50.48,   57.27,   42.39
20/03/2013 03:55:00,   46.56,   52.95,   38.15,   48.98,   54.65,   42.18
20/03/2013 04:00:00,   47.46,   55.17,   37.10,   50.23,   57.46,   41.78
20/03/2013 04:05:00,   48.98,   57.22,   39.28,   50.88,   58.42,   42.76
20/03/2013 04:10:00,   49.44,   57.58,   37.52,   50.82,   58.11,   41.67
20/03/2013 04:15:00,   42.38,   44.85,   38.39,   45.84,   47.82,   43.01
20/03/2013 04:20:00,   44.35,   46.91,   39.48,   46.95,   50.11,   43.19
20/03/2013 04:25:00,   47.50,   54.96,   39.49,   49.30,   55.83,   43.50
20/03/2013 04:30:00,   49.68,   56.25,   40.78,   54.23,   60.77,   44.30
20/03/2013 04:35:00,   51.58,   58.62,   43.14,   57.79,   64.78,   46.31
20/03/2013 04:40:00,   49.89,   55.81,   41.23,   52.50,   58.91,   44.53
20/03/2013 04:45:00,   46.11,   51.30,   40.10,   47.66,   52.28,   43.16
20/03/2013 04:50:00,   49.46,   54.81,   42.75,   50.57,   55.72,   45.44
20/03/2013 04:55:00,   48.49,   53.49,   42.78,   50.39,   55.49,   45.56
20/03/2013 05:00:00,   50.26,   56.26,   43.36,   50.93,   56.47,   45.87
20/03/2013 05:05:00,   49.73,   54.19,   40.95,   50.15,   54.41,   44.17
20/03/2013 05:10:00,   47.11,   51.11,   41.42,   49.56,   53.70,   45.00
20/03/2013 05:15:00,   48.98,   52.26,   41.78,   49.53,   51.94,   45.39
20/03/2013 05:20:00,   54.19,   59.44,   45.79,   55.20,   60.62,   47.73
20/03/2013 05:25:00,   51.13,   55.51,   43.38,   52.63,   57.12,   46.00
20/03/2013 05:30:00,   50.82,   54.19,   43.16,   51.10,   54.48,   45.85
20/03/2013 05:35:00,   54.16,   59.32,   45.28,   56.35,   61.63,   46.43
20/03/2013 05:40:00,   54.33,   59.97,   45.65,   56.39,   61.98,   47.95
20/03/2013 05:45:00,   54.71,   60.80,   45.29,   56.31,   62.09,   48.12
20/03/2013 05:50:00,   55.15,   60.37,   46.74,   56.81,   62.53,   49.50
20/03/2013 05:55:00,   54.83,   59.11,   48.29,   56.25,   60.18,   50.64
20/03/2013 06:00:00,   54.81,   59.63,   47.57,   56.57,   61.01,   49.50
20/03/2013 06:05:00,   55.56,   60.42,   48.38,   58.08,   63.40,   50.75
20/03/2013 06:10:00,   54.76,   60.33,   47.37,   56.26,   61.58,   49.79
20/03/2013 06:15:00,   56.93,   61.69,   49.87,   58.62,   63.11,   52.52
20/03/2013 06:20:00,   58.57,   64.95,   48.82,   58.61,   63.80,   51.30
20/03/2013 06:25:00,   57.78,   62.46,   49.31,   59.18,   63.37,   52.55
20/03/2013 06:30:00,   56.14,   60.93,   49.59,   57.44,   62.19,   51.41
20/03/2013 06:35:00,   55.96,   60.68,   48.97,   58.19,   62.97,   51.58
20/03/2013 06:40:00,   57.73,   62.48,   50.25,   59.35,   63.33,   53.25
20/03/2013 06:45:00,   57.28,   61.63,   49.59,   59.29,   63.26,   52.31
20/03/2013 06:50:00,   57.84,   61.99,   51.20,   60.23,   65.42,   52.54
20/03/2013 06:55:00,   58.64,   62.34,   51.45,   60.11,   63.69,   53.15
20/03/2013 07:00:00,   57.92,   61.84,   51.51,   60.80,   66.21,   54.77
20/03/2013 07:05:00,   58.45,   62.05,   52.02,   60.98,   64.45,   53.89
20/03/2013 07:10:00,   57.99,   61.92,   50.64,   60.84,   65.78,   53.68
20/03/2013 07:15:00,   59.16,   62.72,   53.03,   62.13,   65.97,   55.42
20/03/2013 07:20:00,   58.91,   62.55,   51.92,   61.96,   67.08,   54.11
20/03/2013 07:25:00,   59.28,   63.35,   52.35,   61.32,   65.19,   56.11
20/03/2013 07:30:00,   59.83,   63.18,   52.71,   63.41,   67.76,   57.16
20/03/2013 07:35:00,   59.19,   62.84,   54.07,   61.96,   65.11,   57.93
20/03/2013 07:40:00,   59.93,   62.62,   56.35,   63.10,   65.58,   58.95
20/03/2013 07:45:00,   60.56,   63.78,   56.27,   63.56,   66.60,   58.51
20/03/2013 07:50:00,   59.99,   63.39,   54.64,   63.30,   66.58,   57.57
20/03/2013 07:55:00,   60.05,   63.42,   54.30,   62.96,   66.25,   58.08
20/03/2013 08:00:00,   59.65,   63.49,   53.73,   62.74,   67.27,   57.19
20/03/2013 08:05:00,   59.52,   63.63,   52.88,   61.78,   65.41,   56.23
20/03/2013 08:10:00,   59.30,   62.25,   55.07,   62.35,   64.68,   58.67
20/03/2013 08:15:00,   59.58,   62.70,   54.60,   63.14,   66.36,   58.24
20/03/2013 08:20:00,   58.91,   62.54,   53.65,   62.18,   64.98,   58.23
20/03/2013 08:25:00,   60.42,   64.33,   54.75,   62.49,   65.41,   58.15
20/03/2013 08:30:00,   59.55,   62.49,   54.70,   63.91,   66.32,   59.03
20/03/2013 08:35:00,   59.40,   62.34,   54.39,   63.45,   66.20,   58.83
20/03/2013 08:40:00,   58.86,   61.92,   54.29,   62.52,   64.98,   59.17
20/03/2013 08:45:00,   59.35,   62.23,   54.79,   63.79,   66.29,   59.21
20/03/2013 08:50:00,   59.41,   62.14,   54.95,   63.78,   66.71,   60.10
20/03/2013 08:55:00,   64.35,   69.78,   55.35,   68.66,   73.20,   60.93
20/03/2013 09:00:00,   61.77,   63.76,   57.73,   65.47,   68.16,   62.04
20/03/2013 09:05:00,   62.11,   63.39,   60.20,   65.04,   66.60,   63.24
20/03/2013 09:10:00,   61.42,   63.51,   56.13,   64.16,   66.70,   58.80
20/03/2013 09:15:00,   61.88,   65.15,   54.98,   65.42,   68.44,   58.11
20/03/2013 09:20:00,   63.07,   65.38,   58.38,   66.68,   69.04,   62.22
20/03/2013 09:25:00,   65.30,   67.26,   58.85,   69.42,   71.89,   61.78
20/03/2013 09:30:00,   67.28,   70.75,   63.39,   71.14,   74.00,   67.51
20/03/2013 09:35:00,   62.15,   66.70,   51.52,   65.48,   70.45,   55.61
20/03/2013 09:40:00,   59.32,   62.51,   53.60,   63.77,   66.95,   57.84
20/03/2013 09:45:00,   60.66,   62.81,   58.26,   64.06,   65.97,   62.03
20/03/2013 09:50:00,   59.77,   63.19,   53.26,   62.70,   65.42,   57.75
20/03/2013 09:55:00,   57.66,   61.12,   52.66,   60.99,   63.54,   57.00
20/03/2013 10:00:00,   58.52,   61.48,   53.56,   62.35,   64.90,   57.70
20/03/2013 10:05:00,   60.04,   63.83,   53.49,   62.87,   65.96,   57.47
20/03/2013 10:10:00,   58.81,   62.15,   52.41,   61.56,   64.03,   56.58
20/03/2013 10:15:00,   60.68,   64.57,   54.32,   64.78,   68.59,   58.83
20/03/2013 10:20:00,   63.11,   66.86,   53.97,   66.79,   71.23,   58.18
20/03/2013 10:25:00,   65.88,   68.89,   57.25,   69.07,   72.46,   59.85
20/03/2013 10:30:00,   66.44,   69.73,   58.98,   69.57,   72.62,   62.72
20/03/2013 10:35:00,   68.29,   70.71,   60.33,   71.77,   74.94,   64.01
20/03/2013 10:40:00,   67.33,   69.00,   65.10,   70.86,   72.41,   68.95
20/03/2013 10:45:00,   64.60,   68.19,   56.98,   67.86,   71.67,   60.84
20/03/2013 10:50:00,   67.89,   70.70,   57.38,   71.62,   74.49,   62.06
20/03/2013 10:55:00,   60.98,   64.76,   53.19,   65.00,   69.36,   57.59
20/03/2013 11:00:00,   69.23,   76.10,   57.32,   71.14,   76.75,   60.42
20/03/2013 11:05:00,   69.14,   73.54,   61.96,   71.93,   75.50,   65.50
20/03/2013 11:10:00,   67.83,   70.92,   56.64,   71.06,   74.66,   60.61
20/03/2013 11:15:00,   63.66,   68.54,   55.32,   67.99,   73.42,   58.46
20/03/2013 11:20:00,   67.99,   72.81,   62.11,   70.96,   75.03,   65.36
20/03/2013 11:25:00,   63.46,   67.17,   55.36,   67.26,   70.83,   60.15
20/03/2013 11:30:00,   64.31,   66.21,   58.24,   67.93,   70.22,   63.92
20/03/2013 11:35:00,   62.72,   66.36,   57.09,   67.63,   71.37,   61.52
20/03/2013 11:40:00,   64.88,   67.94,   55.60,   70.33,   74.34,   62.65
20/03/2013 11:45:00,   63.61,   66.70,   53.60,   68.60,   73.47,   58.84
20/03/2013 11:50:00,   64.86,   66.38,   60.19,   70.14,   73.29,   64.34
20/03/2013 11:55:00,   63.88,   66.89,   54.40,   68.52,   73.24,   59.34
20/03/2013 12:00:00,   65.96,   67.37,   63.15,   71.01,   73.93,   67.86
20/03/2013 12:05:00,   62.18,   66.79,   53.97,   67.10,   71.80,   58.78
20/03/2013 12:10:00,   64.01,   66.20,   58.16,   69.02,   71.58,   63.47
20/03/2013 12:15:00,   64.86,   67.97,   56.63,   68.96,   72.22,   61.75
20/03/2013 12:20:00,   65.56,   67.35,   59.01,   69.94,   72.13,   62.20
20/03/2013 12:25:00,   62.51,   66.35,   53.61,   66.07,   70.36,   58.29
20/03/2013 12:30:00,   65.35,   68.75,   57.51,   68.88,   71.83,   62.43
20/03/2013 12:35:00,   66.95,   68.59,   64.94,   70.48,   72.63,   68.35
20/03/2013 12:40:00,   65.79,   72.28,   54.43,   70.24,   76.74,   59.56
20/03/2013 12:45:00,   57.68,   61.49,   51.58,   62.81,   66.41,   57.71
20/03/2013 12:50:00,   57.41,   60.36,   52.24,   61.85,   65.18,   57.02
20/03/2013 12:55:00,   58.71,   62.67,   53.05,   61.35,   64.20,   56.78
20/03/2013 13:00:00,   60.29,   62.98,   54.38,   62.48,   65.00,   58.56
20/03/2013 13:05:00,   58.65,   61.12,   52.18,   61.30,   64.06,   56.07
20/03/2013 13:10:00,   57.59,   60.80,   51.85,   62.14,   65.60,   57.12
20/03/2013 13:15:00,   57.43,   60.41,   49.73,   61.08,   64.20,   54.70
20/03/2013 13:20:00,   57.91,   61.04,   52.41,   63.58,   69.23,   57.75
20/03/2013 13:25:00,   58.17,   60.76,   52.91,   61.77,   64.30,   57.36
20/03/2013 13:30:00,   58.38,   61.61,   52.36,   61.12,   64.23,   55.80
20/03/2013 13:35:00,   57.77,   60.55,   53.22,   62.20,   64.40,   58.02
20/03/2013 13:40:00,   63.28,   65.64,   59.04,   67.18,   69.46,   63.79
20/03/2013 13:45:00,   63.12,   65.11,   56.26,   66.83,   68.96,   58.58
20/03/2013 13:50:00,   61.66,   65.11,   54.03,   65.73,   69.35,   58.16
20/03/2013 13:55:00,   62.60,   67.90,   54.71,   66.02,   73.22,   57.61
20/03/2013 14:00:00,   64.63,   70.84,   55.66,   67.16,   74.03,   59.22
20/03/2013 14:05:00,   60.62,   64.83,   54.32,   64.03,   68.65,   58.58
20/03/2013 14:10:00,   64.24,   65.52,   62.57,   67.98,   68.97,   66.89
20/03/2013 14:15:00,   64.17,   65.23,   62.54,   67.86,   68.87,   66.64
20/03/2013 14:20:00,   64.73,   66.05,   63.18,   68.14,   69.37,   66.77
20/03/2013 14:25:00,   63.83,   64.81,   62.50,   67.29,   68.24,   66.27
20/03/2013 14:30:00,   63.83,   64.55,   62.76,   67.25,   67.93,   66.40
20/03/2013 14:35:00,   64.91,   68.72,   62.67,   68.56,   71.15,   66.42
20/03/2013 14:40:00,   65.44,   66.62,   60.25,   68.93,   69.83,   66.62
20/03/2013 14:45:00,   59.87,   62.78,   53.55,   65.47,   69.04,   58.51
20/03/2013 14:50:00,   58.69,   61.36,   54.17,   62.43,   65.33,   57.71
20/03/2013 14:55:00,   58.05,   60.75,   52.32,   61.11,   64.15,   56.39
20/03/2013 15:00:00,   63.45,   65.76,   51.26,   66.48,   69.04,   55.29
20/03/2013 15:05:00,   65.78,   66.79,   64.47,   68.49,   69.22,   67.47
20/03/2013 15:10:00,   67.58,   70.13,   64.45,   71.01,   75.08,   67.41
20/03/2013 15:15:00,   66.65,   72.02,   57.60,   69.86,   74.63,   62.96
20/03/2013 15:20:00,   64.59,   70.27,   56.21,   68.02,   74.95,   61.41
20/03/2013 15:25:00,   61.18,   65.81,   55.24,   64.64,   68.76,   59.89
20/03/2013 15:30:00,   64.87,   72.65,   54.89,   68.56,   76.38,   60.28
20/03/2013 15:35:00,   66.13,   71.45,   56.62,   70.39,   76.30,   60.77
20/03/2013 15:40:00,   63.70,   69.09,   52.91,   68.22,   73.48,   57.68
20/03/2013 15:45:00,   65.90,   73.79,   53.07,   69.94,   76.65,   58.76
20/03/2013 15:50:00,   60.42,   62.76,   54.69,   64.75,   67.65,   59.39
20/03/2013 15:55:00,   57.27,   60.58,   50.00,   61.32,   63.63,   55.55
20/03/2013 16:00:00,   56.46,   60.31,   49.29,   60.15,   63.20,   54.24
20/03/2013 16:05:00,   58.31,   61.35,   51.79,   62.94,   66.13,   56.89
20/03/2013 16:10:00,   58.09,   60.99,   53.55,   61.97,   64.85,   56.94
20/03/2013 16:15:00,   57.91,   60.46,   53.55,   60.67,   63.10,   56.58
20/03/2013 16:20:00,   59.49,   62.45,   54.61,   61.87,   65.05,   57.06
20/03/2013 16:25:00,   61.11,   62.90,   57.91,   61.79,   63.96,   58.04
20/03/2013 16:30:00,   60.30,   62.90,   55.39,   63.44,   66.25,   58.18
20/03/2013 16:35:00,   57.75,   61.04,   50.58,   60.65,   63.99,   54.52
20/03/2013 16:40:00,   59.15,   61.72,   53.52,   61.73,   64.41,   57.58
20/03/2013 16:45:00,   58.53,   61.19,   54.36,   61.26,   63.63,   57.35
20/03/2013 16:50:00,   59.15,   61.76,   51.56,   62.23,   65.34,   54.91
20/03/2013 16:55:00,   57.68,   60.81,   51.53,   60.47,   63.07,   55.30
20/03/2013 17:00:00,   57.39,   60.93,   51.82,   62.28,   66.35,   57.18
20/03/2013 17:05:00,   57.53,   60.91,   51.02,   60.88,   63.83,   55.26
20/03/2013 17:10:00,   58.05,   61.04,   49.99,   61.85,   64.55,   55.24
20/03/2013 17:15:00,   58.19,   61.12,   53.06,   62.89,   65.84,   57.19
20/03/2013 17:20:00,   62.36,   63.48,   55.93,   64.33,   65.46,   58.63
20/03/2013 17:25:00,   59.03,   61.92,   53.57,   62.45,   65.43,   57.59
20/03/2013 17:30:00,   57.93,   60.91,   52.25,   60.81,   63.53,   55.67
20/03/2013 17:35:00,   57.97,   61.16,   52.99,   61.22,   64.32,   56.94
20/03/2013 17:40:00,   58.66,   61.71,   52.93,   61.75,   64.47,   56.63
20/03/2013 17:45:00,   57.67,   61.34,   51.32,   61.65,   64.42,   57.12
20/03/2013 17:50:00,   57.60,   60.22,   51.82,   61.60,   63.94,   56.65
20/03/2013 17:55:00,   58.24,   61.12,   50.93,   61.47,   64.13,   54.92
20/03/2013 18:00:00,   58.35,   61.43,   52.70,   60.88,   63.57,   56.19
20/03/2013 18:05:00,   57.93,   61.27,   50.83,   61.04,   63.89,   55.88
20/03/2013 18:10:00,   57.36,   60.67,   52.18,   61.55,   64.15,   56.13
20/03/2013 18:15:00,   56.90,   60.31,   51.79,   60.44,   63.15,   55.83
20/03/2013 18:20:00,   57.44,   60.63,   50.99,   60.46,   63.71,   54.76
20/03/2013 18:25:00,   57.78,   61.18,   51.59,   62.09,   64.28,   57.03
20/03/2013 18:30:00,   57.89,   61.00,   52.37,   61.27,   63.98,   55.91
20/03/2013 18:35:00,   57.52,   60.79,   51.79,   60.62,   63.54,   55.05
20/03/2013 18:40:00,   57.03,   59.76,   51.53,   60.40,   62.77,   55.69
20/03/2013 18:45:00,   56.92,   60.79,   50.08,   60.36,   63.50,   54.28
20/03/2013 18:50:00,   57.42,   60.68,   51.02,   60.76,   63.92,   55.35
20/03/2013 18:55:00,   57.77,   61.16,   50.41,   61.58,   65.49,   54.84
20/03/2013 19:00:00,   57.47,   60.50,   52.38,   60.93,   63.60,   56.88
20/03/2013 19:05:00,   57.15,   60.51,   50.55,   60.88,   63.77,   55.25
20/03/2013 19:10:00,   57.06,   60.36,   50.91,   60.19,   63.47,   55.65
20/03/2013 19:15:00,   56.81,   60.30,   50.38,   60.50,   63.72,   54.07
20/03/2013 19:20:00,   58.15,   61.89,   51.19,   61.28,   64.10,   55.15
20/03/2013 19:25:00,   57.13,   60.40,   51.06,   60.19,   62.93,   55.06
20/03/2013 19:30:00,   57.57,   60.92,   50.92,   60.64,   63.60,   55.41
20/03/2013 19:35:00,   57.36,   60.74,   51.02,   61.07,   63.88,   55.41
20/03/2013 19:40:00,   56.49,   60.26,   51.22,   60.11,   63.34,   54.82
20/03/2013 19:45:00,   57.49,   60.89,   51.13,   60.66,   63.64,   54.91
20/03/2013 19:50:00,   57.24,   61.13,   50.52,   59.91,   63.40,   53.62
20/03/2013 19:55:00,   57.63,   61.86,   51.13,   60.00,   63.42,   54.06
20/03/2013 20:00:00,   56.12,   59.61,   51.75,   58.92,   61.49,   55.63
20/03/2013 20:05:00,   56.96,   61.00,   50.18,   60.37,   63.25,   55.15
20/03/2013 20:10:00,   57.72,   61.18,   50.79,   61.06,   64.26,   55.16
20/03/2013 20:15:00,   57.04,   60.54,   50.95,   60.27,   63.36,   54.99
20/03/2013 20:20:00,   56.56,   59.81,   50.66,   60.05,   62.92,   54.18
20/03/2013 20:25:00,   56.64,   60.99,   49.65,   58.82,   62.32,   52.13
20/03/2013 20:30:00,   57.37,   60.88,   50.43,   61.25,   64.55,   53.93
20/03/2013 20:35:00,   56.58,   60.81,   48.13,   59.66,   63.43,   52.36
20/03/2013 20:40:00,   57.10,   60.76,   50.94,   59.59,   62.75,   54.31
20/03/2013 20:45:00,   55.87,   59.52,   49.87,   59.29,   61.88,   53.23
20/03/2013 20:50:00,   56.52,   60.37,   49.98,   59.12,   62.98,   53.54
20/03/2013 20:55:00,   57.32,   60.98,   49.72,   59.92,   63.02,   55.04
20/03/2013 21:00:00,   58.24,   61.52,   51.59,   60.66,   63.64,   55.46
20/03/2013 21:05:00,   57.78,   61.47,   50.75,   61.17,   64.31,   53.84
20/03/2013 21:10:00,   57.12,   60.13,   49.80,   60.03,   62.78,   53.67
20/03/2013 21:15:00,   56.88,   61.24,   51.06,   59.71,   63.07,   53.89
20/03/2013 21:20:00,   56.30,   59.67,   50.44,   58.93,   62.10,   52.98
20/03/2013 21:25:00,   57.35,   61.34,   50.27,   59.56,   62.73,   53.55
20/03/2013 21:30:00,   56.28,   59.96,   48.58,   59.25,   62.70,   52.56
20/03/2013 21:35:00,   55.75,   60.16,   48.71,   58.98,   62.91,   52.54
20/03/2013 21:40:00,   55.92,   59.39,   50.07,   59.04,   62.76,   52.71
20/03/2013 21:45:00,   56.83,   60.43,   50.85,   59.71,   62.73,   54.69
20/03/2013 21:50:00,   56.05,   60.66,   49.57,   58.85,   62.54,   53.38
20/03/2013 21:55:00,   56.69,   60.10,   50.14,   59.82,   62.17,   53.44
20/03/2013 22:00:00,   56.20,   60.35,   47.77,   58.34,   61.91,   51.42
20/03/2013 22:05:00,   56.18,   61.61,   48.99,   59.55,   63.61,   51.93
20/03/2013 22:10:00,   56.10,   59.84,   48.69,   58.75,   62.01,   52.10
20/03/2013 22:15:00,   56.91,   60.92,   50.57,   60.20,   64.23,   53.90
20/03/2013 22:20:00,   55.04,   60.30,   47.68,   58.56,   63.73,   51.04
20/03/2013 22:25:00,   55.81,   60.81,   48.98,   57.89,   61.85,   52.33
20/03/2013 22:30:00,   55.12,   59.02,   48.71,   57.59,   60.85,   52.10
20/03/2013 22:35:00,   55.49,   60.67,   46.35,   58.51,   63.45,   49.68
20/03/2013 22:40:00,   54.79,   59.48,   48.72,   58.00,   61.53,   52.37
20/03/2013 22:45:00,   54.44,   59.99,   47.15,   56.50,   61.23,   49.96
20/03/2013 22:50:00,   54.53,   58.91,   46.63,   57.60,   61.14,   51.48
20/03/2013 22:55:00,   54.66,   59.85,   47.44,   58.89,   62.88,   51.74
20/03/2013 23:00:00,   55.50,   58.69,   50.79,   57.36,   60.80,   52.71
20/03/2013 23:05:00,   55.03,   58.85,   50.80,   56.84,   60.95,   52.32
20/03/2013 23:10:00,   55.85,   59.67,   50.80,   58.40,   62.48,   52.60
20/03/2013 23:15:00,   54.14,   59.60,   46.23,   57.44,   61.89,   49.94
20/03/2013 23:20:00,   51.99,   57.51,   45.29,   54.84,   59.43,   49.52
20/03/2013 23:25:00,   53.27,   58.27,   44.62,   56.30,   61.24,   48.47
20/03/2013 23:30:00,   52.27,   56.59,   44.80,   55.55,   59.35,   49.18
20/03/2013 23:35:00,   54.66,   59.79,   46.20,   57.34,   61.70,   49.73
20/03/2013 23:40:00,   51.55,   56.46,   42.99,   54.37,   58.88,   48.33
20/03/2013 23:45:00,   52.04,   58.63,   43.15,   54.35,   59.67,   48.01
20/03/2013 23:50:00,   52.99,   59.63,   44.61,   55.30,   60.82,   48.51
20/03/2013 23:57:00,   53.20,   58.16,   44.88,   56.30,   60.82,   48.75

