# noise_analysis run from DCC-NOISE-001003 at Mon Dec  2 00:00:00 2013
# Monitoring unit located at 53.342609N 6.340721W
# logfile   = /home/root/noise_analysis.log
# cfg_dir   = /home/root/config
# outputdir = /home/root/noise
# Sensitivity = -26.271103
# Gain = 1.000000
# Time should be in local format (i.e. daylight savings time)
# dd/mm/yyyy hh:mm:ss, A Leq,   A L10,   A L95,   C Leq,   C L10,   C L95
02/12/2013 00:05:00,   52.26,   57.89,   43.19,   55.18,   59.63,   45.93
02/12/2013 00:10:00,   51.33,   57.13,   44.17,   53.02,   58.78,   46.21
02/12/2013 00:15:00,   51.74,   57.09,   44.69,   53.63,   58.65,   46.47
02/12/2013 00:20:00,   53.87,   58.97,   44.61,   55.26,   59.74,   46.46
02/12/2013 00:25:00,   54.34,   60.60,   43.34,   55.76,   60.87,   46.73
02/12/2013 00:30:00,   53.05,   57.96,   44.00,   54.08,   58.67,   45.95
02/12/2013 00:35:00,   51.19,   57.61,   41.07,   52.73,   58.79,   43.26
02/12/2013 00:40:00,   53.68,   59.20,   43.04,   54.89,   60.52,   45.58
02/12/2013 00:45:00,   50.79,   57.26,   41.09,   51.95,   57.73,   43.51
02/12/2013 00:50:00,   53.98,   58.60,   45.41,   55.69,   60.23,   48.11
02/12/2013 00:55:00,   53.56,   59.47,   41.77,   57.63,   61.95,   44.67
02/12/2013 01:00:00,   51.35,   56.84,   40.61,   52.62,   57.79,   43.16
02/12/2013 01:07:00,   52.20,   57.70,   43.62,   53.57,   58.61,   45.82
02/12/2013 01:12:00,   52.90,   58.70,   43.66,   54.19,   59.54,   45.98
02/12/2013 01:17:00,   53.05,   58.75,   43.69,   54.82,   60.43,   46.31
02/12/2013 01:22:00,   54.16,   59.96,   44.37,   55.73,   61.19,   47.85
02/12/2013 01:27:00,   53.04,   58.67,   44.11,   55.21,   60.95,   47.06
02/12/2013 01:32:00,   51.59,   58.17,   39.16,   53.20,   59.58,   42.71
02/12/2013 01:37:00,   49.19,   56.64,   39.33,   50.96,   57.64,   42.81
02/12/2013 01:42:00,   51.22,   57.11,   42.40,   52.64,   58.33,   44.81
02/12/2013 01:47:00,   45.72,   52.76,   38.25,   47.70,   53.85,   41.51
02/12/2013 01:52:00,   48.66,   55.67,   38.27,   50.32,   57.24,   41.36
02/12/2013 01:57:00,   49.14,   56.27,   40.07,   50.51,   57.06,   42.57
02/12/2013 02:02:00,   49.54,   56.22,   39.78,   50.97,   57.70,   42.77
02/12/2013 02:07:00,   50.94,   57.53,   39.57,   53.50,   59.69,   43.55
02/12/2013 02:12:00,   44.23,   48.31,   37.08,   46.56,   50.06,   41.26
02/12/2013 02:17:00,   48.68,   56.89,   37.03,   50.23,   57.76,   41.76
02/12/2013 02:22:00,   47.40,   54.61,   37.57,   49.06,   55.32,   41.59
02/12/2013 02:27:00,   44.47,   51.83,   35.96,   46.47,   52.45,   39.51
02/12/2013 02:32:00,   44.57,   50.45,   35.37,   46.60,   52.06,   38.94
02/12/2013 02:37:00,   43.47,   43.81,   36.25,   45.89,   46.09,   39.96
02/12/2013 02:42:00,   47.89,   56.42,   37.07,   49.77,   57.49,   41.15
02/12/2013 02:47:00,   47.40,   55.12,   37.90,   49.11,   55.54,   41.67
02/12/2013 02:52:00,   43.03,   47.45,   37.52,   46.64,   50.49,   42.08
02/12/2013 02:57:00,   47.29,   55.66,   38.35,   49.24,   56.57,   42.88
02/12/2013 03:02:00,   46.78,   53.86,   37.62,   49.01,   54.87,   41.81
02/12/2013 03:07:00,   42.68,   44.73,   36.83,   45.88,   48.34,   40.77
02/12/2013 03:12:00,   45.63,   52.59,   37.04,   47.23,   53.40,   40.49
02/12/2013 03:17:00,   49.50,   58.19,   37.07,   51.84,   59.85,   40.21
02/12/2013 03:22:00,   47.69,   55.65,   36.20,   49.33,   57.05,   39.43
02/12/2013 03:27:00,   42.60,   47.70,   35.73,   44.57,   49.76,   38.47
02/12/2013 03:32:00,   45.97,   54.29,   34.99,   46.86,   54.47,   37.72
02/12/2013 03:37:00,   46.07,   52.46,   35.61,   47.74,   54.13,   38.59
02/12/2013 03:42:00,   47.63,   55.53,   36.57,   49.09,   57.02,   38.93
02/12/2013 03:47:00,   43.97,   50.15,   35.78,   47.21,   54.03,   38.61
02/12/2013 03:52:00,   41.98,   46.34,   35.34,   43.69,   47.27,   38.41
02/12/2013 03:57:00,   49.28,   56.54,   38.29,   50.44,   57.71,   41.50
02/12/2013 04:02:00,   47.29,   53.11,   38.28,   49.28,   55.59,   40.99
02/12/2013 04:07:00,   47.48,   53.63,   39.03,   48.84,   54.74,   42.07
02/12/2013 04:12:00,   45.27,   50.76,   39.01,   47.18,   51.82,   42.19
02/12/2013 04:17:00,   44.19,   48.51,   39.73,   46.76,   51.17,   42.60
02/12/2013 04:22:00,   44.86,   49.05,   38.91,   46.78,   50.55,   42.10
02/12/2013 04:27:00,   45.91,   50.71,   40.33,   47.81,   51.61,   43.54
02/12/2013 04:32:00,   43.12,   48.59,   38.51,   45.93,   50.03,   41.71
02/12/2013 04:37:00,   46.15,   52.70,   37.93,   47.94,   53.70,   41.03
02/12/2013 04:42:00,   47.37,   54.63,   39.77,   49.28,   56.28,   42.52
02/12/2013 04:47:00,   47.60,   54.68,   40.69,   49.42,   55.99,   43.95
02/12/2013 04:52:00,   47.75,   54.39,   40.32,   49.54,   56.03,   43.61
02/12/2013 04:57:00,   49.16,   53.01,   43.98,   51.29,   55.32,   46.40
02/12/2013 05:02:00,   46.94,   52.58,   41.73,   50.30,   55.68,   45.52
02/12/2013 05:07:00,   48.90,   54.73,   41.08,   51.13,   55.82,   45.07
02/12/2013 05:12:00,   50.41,   57.09,   42.37,   52.29,   58.45,   45.67
02/12/2013 05:17:00,   48.28,   53.85,   43.50,   50.38,   54.49,   47.17
02/12/2013 05:22:00,   49.72,   55.12,   43.37,   52.88,   58.61,   47.06
02/12/2013 05:27:00,   49.60,   55.49,   41.43,   51.87,   57.40,   45.29
02/12/2013 05:32:00,   51.88,   58.24,   41.93,   55.27,   60.33,   46.10
02/12/2013 05:37:00,   50.63,   57.70,   39.98,   52.90,   59.32,   44.42
02/12/2013 05:42:00,   51.46,   57.27,   43.09,   53.31,   58.62,   46.79
02/12/2013 05:47:00,   52.58,   58.10,   43.80,   54.43,   59.81,   46.65
02/12/2013 05:52:00,   51.88,   57.59,   45.63,   53.94,   58.52,   48.83
02/12/2013 05:57:00,   52.52,   56.48,   45.68,   54.43,   58.00,   49.07
02/12/2013 06:02:00,   53.37,   57.57,   47.67,   55.71,   59.38,   51.01
02/12/2013 06:07:00,   55.14,   60.58,   48.40,   57.78,   63.23,   51.74
02/12/2013 06:12:00,   52.94,   56.82,   48.82,   56.43,   60.43,   52.07
02/12/2013 06:17:00,   53.88,   58.19,   48.78,   56.30,   60.99,   51.94
02/12/2013 06:22:00,   53.94,   58.11,   48.71,   56.90,   60.85,   52.60
02/12/2013 06:27:00,   53.95,   57.38,   49.24,   56.61,   59.65,   52.54
02/12/2013 06:32:00,   54.88,   57.88,   51.23,   57.77,   60.17,   54.45
02/12/2013 06:37:00,   55.77,   59.36,   49.62,   58.48,   62.35,   52.85
02/12/2013 06:42:00,   55.39,   60.26,   49.27,   58.01,   62.44,   52.79
02/12/2013 06:47:00,   55.32,   58.41,   51.26,   58.47,   62.00,   54.59
02/12/2013 06:52:00,   56.33,   60.29,   50.28,   59.43,   63.20,   53.45
02/12/2013 06:57:00,   56.45,   60.95,   51.03,   58.76,   62.29,   53.55
02/12/2013 07:02:00,   57.38,   61.48,   51.28,   60.75,   64.71,   54.89
02/12/2013 07:07:00,   57.38,   60.43,   51.38,   60.66,   63.76,   54.68
02/12/2013 07:12:00,   57.42,   60.96,   52.11,   59.23,   62.49,   54.29
02/12/2013 07:17:00,   56.84,   60.94,   51.96,   59.35,   63.87,   54.56
02/12/2013 07:22:00,   56.70,   60.27,   51.32,   58.95,   62.04,   54.38
02/12/2013 07:27:00,   57.35,   59.86,   52.99,   60.66,   63.16,   56.17
02/12/2013 07:32:00,   57.88,   61.23,   52.89,   61.46,   64.41,   56.89
02/12/2013 07:37:00,   57.64,   60.56,   52.79,   59.94,   62.64,   55.71
02/12/2013 07:42:00,   58.34,   61.80,   53.88,   61.72,   64.29,   57.96
02/12/2013 07:47:00,   58.04,   61.41,   53.60,   61.96,   64.51,   57.94
02/12/2013 07:52:00,   57.96,   61.02,   52.98,   62.03,   64.96,   57.58
02/12/2013 07:57:00,   59.34,   62.95,   53.40,   61.97,   65.26,   57.07
02/12/2013 08:02:00,   59.08,   61.88,   54.94,   61.77,   64.52,   58.16
02/12/2013 08:07:00,   58.63,   61.79,   54.40,   60.62,   63.30,   57.50
02/12/2013 08:12:00,   58.37,   61.79,   53.21,   61.89,   64.51,   57.21
02/12/2013 08:17:00,   57.82,   60.63,   53.98,   62.22,   64.78,   57.96
02/12/2013 08:22:00,   58.85,   61.74,   54.56,   61.71,   64.31,   57.95
02/12/2013 08:27:00,   58.69,   62.53,   53.64,   62.26,   65.12,   56.98
02/12/2013 08:32:00,   58.90,   61.55,   54.51,   61.72,   64.34,   58.14
02/12/2013 08:37:00,   58.41,   61.23,   54.07,   63.23,   66.66,   57.79
02/12/2013 08:42:00,   58.34,   61.80,   54.34,   61.34,   63.73,   58.25
02/12/2013 08:47:00,   57.32,   60.68,   53.60,   60.89,   63.50,   57.99
02/12/2013 08:52:00,   57.74,   60.60,   54.13,   61.95,   64.31,   58.94
02/12/2013 08:57:00,   59.15,   62.03,   55.30,   63.84,   67.33,   59.99
02/12/2013 09:02:00,   57.80,   61.11,   53.98,   61.96,   64.82,   58.91
02/12/2013 09:07:00,   58.46,   61.00,   54.30,   62.23,   64.69,   58.33
02/12/2013 09:12:00,   59.04,   62.32,   54.52,   62.21,   65.47,   58.57
02/12/2013 09:17:00,   59.10,   62.17,   53.21,   61.72,   64.50,   57.22
02/12/2013 09:22:00,   59.91,   62.49,   55.46,   62.91,   65.47,   58.83
02/12/2013 09:27:00,   58.07,   60.65,   53.62,   61.87,   64.27,   57.51
02/12/2013 09:32:00,   57.52,   60.64,   53.09,   61.43,   64.03,   57.56
02/12/2013 09:37:00,   58.79,   61.70,   55.01,   61.64,   63.81,   58.40
02/12/2013 09:42:00,   60.01,   62.56,   55.47,   62.60,   65.02,   58.81
02/12/2013 09:47:00,   57.34,   61.03,   52.48,   60.64,   63.82,   56.51
02/12/2013 09:52:00,   58.82,   61.93,   54.16,   62.05,   64.53,   57.75
02/12/2013 09:57:00,   59.21,   63.23,   52.44,   63.85,   66.77,   56.62
02/12/2013 10:02:00,   57.97,   61.36,   51.55,   61.14,   63.82,   57.27
02/12/2013 10:07:00,   58.95,   62.32,   53.38,   61.55,   64.13,   57.69
02/12/2013 10:12:00,   58.06,   61.65,   52.43,   62.64,   65.49,   57.84
02/12/2013 10:17:00,   57.95,   61.38,   52.98,   62.51,   65.40,   57.38
02/12/2013 10:22:00,   58.78,   61.65,   52.51,   62.31,   65.29,   57.41
02/12/2013 10:27:00,   57.97,   61.25,   51.77,   61.02,   63.61,   55.67
02/12/2013 10:32:00,   57.91,   61.23,   51.20,   61.52,   64.52,   56.13
02/12/2013 10:37:00,   57.76,   60.99,   52.84,   60.39,   62.61,   56.44
02/12/2013 10:42:00,   58.32,   61.59,   52.13,   62.16,   65.32,   56.98
02/12/2013 10:47:00,   57.48,   60.51,   51.92,   60.50,   63.31,   55.75
02/12/2013 10:52:00,   59.24,   62.44,   50.95,   61.34,   64.30,   54.57
02/12/2013 10:57:00,   58.22,   60.95,   52.45,   61.20,   64.05,   56.14
02/12/2013 11:02:00,   58.97,   61.83,   54.22,   61.20,   63.74,   56.74
02/12/2013 11:07:00,   59.86,   62.87,   54.10,   63.27,   67.39,   56.34
02/12/2013 11:12:00,   60.83,   63.73,   56.06,   62.64,   65.32,   58.40
02/12/2013 11:17:00,   60.00,   63.11,   54.02,   61.80,   64.63,   57.39
02/12/2013 11:22:00,   58.71,   62.06,   53.13,   61.58,   64.44,   55.66
02/12/2013 11:27:00,   62.30,   64.06,   58.78,   63.36,   65.72,   60.12
02/12/2013 11:32:00,   61.45,   63.21,   57.61,   62.97,   65.40,   59.34
02/12/2013 11:37:00,   58.72,   61.19,   54.65,   61.25,   63.68,   57.53
02/12/2013 11:42:00,   58.92,   62.10,   52.83,   63.03,   66.74,   57.07
02/12/2013 11:47:00,   59.39,   62.00,   54.41,   62.48,   65.14,   57.97
02/12/2013 11:52:00,   59.31,   62.29,   53.19,   61.62,   64.32,   56.58
02/12/2013 11:57:00,   58.59,   61.50,   53.92,   61.61,   63.82,   58.33
02/12/2013 12:02:00,   58.81,   61.43,   54.46,   62.42,   64.82,   58.39
02/12/2013 12:07:00,   59.34,   61.62,   54.23,   62.93,   66.85,   58.06
02/12/2013 12:12:00,   59.16,   62.82,   52.80,   62.94,   66.77,   57.12
02/12/2013 12:17:00,   60.49,   62.44,   52.72,   63.17,   66.08,   57.52
02/12/2013 12:22:00,   58.85,   61.92,   54.57,   61.87,   65.00,   57.86
02/12/2013 12:27:00,   59.17,   61.75,   53.52,   61.57,   64.19,   56.83
02/12/2013 12:32:00,   59.85,   61.96,   56.04,   62.30,   64.69,   59.22
02/12/2013 12:37:00,   60.32,   63.17,   55.66,   61.66,   64.51,   58.09
02/12/2013 12:42:00,   60.28,   62.58,   55.53,   62.23,   64.47,   59.23
02/12/2013 12:47:00,   62.48,   63.90,   59.31,   63.41,   65.10,   60.16
02/12/2013 12:52:00,   62.86,   64.77,   60.01,   63.63,   65.77,   60.61
02/12/2013 12:57:00,   61.29,   63.07,   58.53,   62.25,   64.11,   59.38
02/12/2013 13:02:00,   60.22,   61.99,   56.94,   61.97,   63.99,   58.46
02/12/2013 13:07:00,   59.37,   61.79,   55.29,   62.02,   64.07,   57.58
02/12/2013 13:12:00,   57.42,   60.48,   52.40,   61.65,   64.59,   57.49
02/12/2013 13:17:00,   59.17,   61.96,   54.52,   62.41,   64.52,   58.50
02/12/2013 13:22:00,   61.85,   63.92,   58.04,   63.52,   66.01,   59.52
02/12/2013 13:27:00,   61.73,   63.93,   57.55,   63.98,   66.14,   59.64
02/12/2013 13:32:00,   61.70,   64.14,   57.31,   63.19,   65.69,   59.62
02/12/2013 13:37:00,   63.21,   64.85,   61.05,   64.02,   66.40,   60.86
02/12/2013 13:42:00,   62.76,   64.29,   59.99,   63.90,   66.15,   60.75
02/12/2013 13:47:00,   61.17,   63.28,   58.09,   62.78,   65.08,   59.12
02/12/2013 13:52:00,   59.70,   62.03,   53.67,   62.15,   64.41,   57.66
02/12/2013 13:57:00,   60.27,   62.54,   56.36,   62.58,   65.22,   57.90
02/12/2013 14:02:00,   58.31,   61.14,   52.71,   61.23,   63.28,   58.01
02/12/2013 14:07:00,   57.23,   60.10,   51.08,   61.24,   63.76,   55.52
02/12/2013 14:12:00,   57.74,   61.37,   50.63,   61.47,   64.58,   55.69
02/12/2013 14:17:00,   58.90,   61.31,   54.40,   62.15,   64.47,   57.69
02/12/2013 14:22:00,   59.81,   62.56,   55.05,   62.59,   65.56,   57.80
02/12/2013 14:27:00,   59.99,   61.78,   56.09,   62.85,   65.66,   58.05
02/12/2013 14:32:00,   59.56,   61.62,   56.74,   63.39,   65.89,   59.61
02/12/2013 14:37:00,   59.01,   61.31,   54.70,   62.54,   65.42,   58.78
02/12/2013 14:42:00,   59.63,   62.02,   56.22,   62.83,   65.88,   58.97
02/12/2013 14:47:00,   61.23,   63.12,   58.32,   64.15,   66.97,   59.11
02/12/2013 14:52:00,   59.58,   61.43,   55.99,   62.34,   64.27,   59.08
02/12/2013 14:57:00,   58.73,   61.61,   52.71,   62.14,   65.47,   56.60
02/12/2013 15:02:00,   57.54,   60.76,   53.15,   61.34,   64.44,   57.28
02/12/2013 15:07:00,   57.96,   60.19,   49.77,   61.68,   64.44,   54.30
02/12/2013 15:12:00,   57.64,   60.65,   53.23,   61.23,   63.53,   57.53
02/12/2013 15:17:00,   56.39,   59.00,   51.76,   60.43,   62.94,   56.83
02/12/2013 15:22:00,   57.28,   60.76,   51.22,   62.03,   65.59,   56.97
02/12/2013 15:27:00,   56.89,   59.62,   51.05,   60.95,   63.73,   56.07
02/12/2013 15:32:00,   56.08,   59.40,   51.24,   60.72,   63.19,   57.05
02/12/2013 15:37:00,   56.28,   59.07,   51.46,   61.21,   64.10,   55.95
02/12/2013 15:42:00,   56.70,   59.57,   50.66,   60.34,   63.00,   55.18
02/12/2013 15:47:00,   57.53,   60.24,   52.26,   62.03,   64.30,   57.81
02/12/2013 15:52:00,   55.87,   59.58,   50.12,   60.12,   62.86,   55.20
02/12/2013 15:57:00,   57.65,   61.30,   52.50,   61.41,   64.52,   56.85
02/12/2013 16:02:00,   57.96,   61.05,   52.29,   61.28,   64.20,   56.48
02/12/2013 16:07:00,   57.18,   60.32,   52.01,   60.32,   63.20,   55.32
02/12/2013 16:12:00,   58.09,   60.13,   53.16,   61.96,   64.04,   57.17
02/12/2013 16:17:00,   57.44,   60.66,   51.85,   61.78,   64.45,   56.57
02/12/2013 16:22:00,   57.10,   60.40,   51.19,   60.83,   64.67,   55.23
02/12/2013 16:27:00,   57.90,   60.42,   52.31,   61.86,   64.22,   57.06
02/12/2013 16:32:00,   57.92,   60.01,   54.07,   62.56,   65.21,   58.35
02/12/2013 16:37:00,   57.59,   61.00,   51.75,   61.23,   64.33,   55.73
02/12/2013 16:42:00,   58.25,   60.51,   53.39,   62.58,   65.26,   57.08
02/12/2013 16:47:00,   58.20,   61.49,   52.41,   61.18,   63.82,   56.32
02/12/2013 16:52:00,   57.96,   61.18,   50.85,   61.46,   64.52,   55.36
02/12/2013 16:57:00,   58.37,   60.79,   53.64,   62.31,   65.27,   56.97
02/12/2013 17:02:00,   58.61,   60.94,   53.60,   61.96,   64.63,   56.97
02/12/2013 17:07:00,   58.38,   61.37,   53.39,   61.17,   63.42,   56.73
02/12/2013 17:12:00,   58.87,   61.45,   52.96,   62.58,   64.42,   57.30
02/12/2013 17:17:00,   57.01,   59.87,   52.28,   61.09,   64.25,   56.22
02/12/2013 17:22:00,   58.34,   60.80,   53.16,   60.85,   63.21,   56.26
02/12/2013 17:27:00,   57.43,   60.62,   52.69,   60.88,   63.63,   56.68
02/12/2013 17:32:00,   57.10,   60.30,   52.07,   60.57,   64.10,   56.10
02/12/2013 17:37:00,   57.79,   61.52,   52.65,   60.97,   63.98,   56.02
02/12/2013 17:42:00,   57.61,   60.63,   51.59,   60.00,   62.54,   54.93
02/12/2013 17:47:00,   58.73,   61.31,   54.17,   62.55,   64.78,   58.80
02/12/2013 17:52:00,   57.85,   60.35,   53.15,   60.99,   63.34,   57.07
02/12/2013 17:57:00,   58.63,   61.21,   53.77,   62.59,   65.95,   58.00
02/12/2013 18:02:00,   58.11,   61.11,   53.14,   61.28,   64.04,   57.05
02/12/2013 18:07:00,   58.06,   61.06,   52.29,   61.02,   64.04,   55.46
02/12/2013 18:12:00,   57.78,   61.31,   52.02,   61.77,   64.81,   57.34
02/12/2013 18:17:00,   58.00,   60.63,   53.57,   60.97,   63.38,   56.77
02/12/2013 18:22:00,   57.30,   60.33,   52.84,   60.76,   62.85,   56.44
02/12/2013 18:27:00,   57.50,   60.53,   53.62,   61.13,   63.72,   56.39
02/12/2013 18:32:00,   58.09,   61.22,   52.21,   60.87,   63.52,   54.91
02/12/2013 18:37:00,   58.88,   60.97,   53.91,   61.03,   63.21,   56.68
02/12/2013 18:42:00,   58.05,   60.37,   53.44,   60.86,   63.27,   57.00
02/12/2013 18:47:00,   58.05,   60.81,   52.62,   60.96,   63.37,   56.01
02/12/2013 18:52:00,   57.61,   60.81,   51.43,   60.46,   63.62,   54.46
02/12/2013 18:57:00,   57.98,   60.74,   52.10,   60.90,   63.56,   55.13
02/12/2013 19:02:00,   56.90,   60.38,   52.15,   60.32,   63.38,   55.90
02/12/2013 19:07:00,   58.12,   60.93,   54.56,   61.06,   63.45,   57.48
02/12/2013 19:12:00,   58.00,   60.86,   53.67,   61.78,   64.80,   57.46
02/12/2013 19:17:00,   57.46,   60.53,   52.86,   60.38,   63.10,   55.81
02/12/2013 19:22:00,   58.62,   61.73,   52.83,   60.98,   63.81,   56.78
02/12/2013 19:27:00,   57.27,   60.48,   51.38,   60.12,   63.24,   54.72
02/12/2013 19:32:00,   57.79,   60.76,   53.38,   62.26,   65.34,   56.03
02/12/2013 19:37:00,   57.38,   60.33,   52.53,   60.65,   63.15,   56.01
02/12/2013 19:42:00,   59.14,   62.42,   54.34,   62.71,   65.86,   57.93
02/12/2013 19:47:00,   57.97,   61.02,   52.05,   60.80,   63.52,   56.13
02/12/2013 19:52:00,   57.10,   60.73,   52.58,   59.82,   63.27,   55.69
02/12/2013 19:57:00,   56.86,   60.24,   51.71,   60.59,   63.91,   55.23
02/12/2013 20:02:00,   57.80,   61.10,   52.41,   60.32,   63.33,   55.50
02/12/2013 20:07:00,   57.60,   60.39,   53.33,   61.72,   65.08,   56.53
02/12/2013 20:12:00,   58.11,   61.13,   52.16,   61.39,   64.73,   54.36
02/12/2013 20:17:00,   58.22,   61.54,   51.35,   62.13,   65.04,   55.52
02/12/2013 20:22:00,   56.54,   59.45,   50.58,   59.06,   61.55,   54.07
02/12/2013 20:27:00,   57.34,   60.20,   52.70,   59.92,   62.96,   55.44
02/12/2013 20:32:00,   56.66,   60.16,   50.13,   59.34,   62.09,   53.98
02/12/2013 20:37:00,   57.36,   60.98,   52.48,   60.18,   64.18,   55.35
02/12/2013 20:42:00,   56.24,   59.39,   50.89,   58.83,   62.12,   54.06
02/12/2013 20:47:00,   57.30,   60.47,   52.49,   61.28,   64.55,   56.30
02/12/2013 20:52:00,   57.86,   61.02,   52.87,   60.19,   62.96,   55.93
02/12/2013 20:57:00,   57.15,   60.47,   50.92,   60.73,   64.20,   55.07
02/12/2013 21:02:00,   56.95,   60.48,   51.45,   60.27,   64.40,   54.83
02/12/2013 21:07:00,   55.57,   59.56,   49.08,   57.79,   61.77,   51.87
02/12/2013 21:12:00,   56.13,   59.72,   48.99,   59.15,   62.32,   53.44
02/12/2013 21:17:00,   56.58,   60.10,   51.49,   59.34,   62.49,   54.09
02/12/2013 21:22:00,   57.10,   60.39,   51.97,   60.96,   64.81,   54.95
02/12/2013 21:27:00,   55.80,   59.31,   49.13,   58.11,   60.81,   52.93
02/12/2013 21:32:00,   56.51,   60.60,   48.93,   58.70,   62.20,   52.47
02/12/2013 21:37:00,   56.42,   60.21,   49.63,   58.66,   62.17,   52.98
02/12/2013 21:42:00,   56.23,   60.54,   49.81,   58.90,   62.52,   53.44
02/12/2013 21:47:00,   56.73,   60.44,   50.77,   58.68,   61.89,   53.72
02/12/2013 21:52:00,   56.79,   59.79,   51.91,   59.58,   62.95,   55.03
02/12/2013 21:57:00,   56.76,   60.10,   50.84,   59.30,   62.64,   53.96
02/12/2013 22:02:00,   55.93,   59.44,   50.09,   58.05,   61.04,   53.12
02/12/2013 22:07:00,   55.54,   59.64,   49.92,   57.92,   61.36,   53.28
02/12/2013 22:12:00,   56.31,   59.86,   50.93,   58.58,   62.07,   53.91
02/12/2013 22:17:00,   55.88,   59.50,   50.08,   58.15,   61.71,   52.84
02/12/2013 22:22:00,   59.29,   61.08,   49.72,   61.75,   64.22,   52.18
02/12/2013 22:27:00,   55.33,   59.59,   47.98,   57.39,   61.00,   51.41
02/12/2013 22:32:00,   54.31,   58.61,   47.22,   57.29,   60.80,   50.23
02/12/2013 22:37:00,   54.31,   59.57,   47.15,   57.53,   61.93,   50.28
02/12/2013 22:42:00,   54.05,   59.02,   47.59,   56.10,   60.31,   50.68
02/12/2013 22:47:00,   55.71,   59.91,   48.35,   57.74,   61.90,   51.02
02/12/2013 22:52:00,   55.64,   59.60,   50.02,   57.29,   60.82,   52.36
02/12/2013 22:57:00,   55.70,   60.11,   50.21,   58.56,   62.29,   53.37
02/12/2013 23:02:00,   54.25,   58.63,   48.55,   57.20,   61.60,   51.89
02/12/2013 23:07:00,   55.53,   60.41,   49.08,   57.88,   62.11,   52.11
02/12/2013 23:12:00,   54.33,   58.43,   48.05,   56.49,   60.24,   50.86
02/12/2013 23:17:00,   54.35,   59.25,   47.69,   56.77,   61.38,   50.79
02/12/2013 23:22:00,   52.39,   56.22,   46.32,   55.45,   59.46,   50.19
02/12/2013 23:27:00,   54.78,   59.80,   46.73,   57.23,   61.66,   50.93
02/12/2013 23:32:00,   54.33,   59.00,   48.09,   56.78,   60.83,   51.37
02/12/2013 23:37:00,   54.67,   59.70,   47.59,   56.88,   61.20,   50.58
02/12/2013 23:42:00,   54.89,   59.78,   48.12,   56.87,   61.28,   50.79
02/12/2013 23:47:00,   52.64,   58.24,   45.81,   54.48,   59.17,   49.38
02/12/2013 23:52:00,   54.85,   59.57,   46.64,   56.65,   60.30,   50.11
02/12/2013 23:57:00,   54.76,   60.00,   48.04,   56.64,   61.22,   50.81

