# noise_analysis run from DCC-NOISE-001003 at Tue Mar  5 00:00:00 2013
# Monitoring unit located at 53.342609N 6.340721W
# logfile   = /home/root/noise_analysis.log
# cfg_dir   = /home/root/config
# outputdir = /home/root/noise
# Sensitivity = -26.271103
# Gain = 1.000000
# Time should be in local format (i.e. daylight savings time)
# dd/mm/yyyy hh:mm:ss, A Leq,   A L10,   A L95,   C Leq,   C L10,   C L95
05/03/2013 00:05:00,   53.22,   59.44,   43.85,   54.86,   60.46,   47.15
05/03/2013 00:10:00,   52.99,   58.61,   42.73,   54.66,   59.81,   46.15
05/03/2013 00:15:00,   53.23,   57.87,   45.43,   54.69,   59.57,   48.22
05/03/2013 00:20:00,   51.73,   57.57,   43.24,   53.84,   59.28,   46.96
05/03/2013 00:25:00,   51.93,   58.77,   41.41,   53.57,   59.83,   44.81
05/03/2013 00:30:00,   50.85,   56.50,   42.01,   52.49,   57.68,   45.39
05/03/2013 00:35:00,   52.20,   57.47,   44.25,   54.10,   58.69,   47.35
05/03/2013 00:40:00,   53.89,   60.25,   44.95,   55.22,   61.28,   47.62
05/03/2013 00:45:00,   54.36,   59.00,   47.40,   56.13,   60.09,   49.63
05/03/2013 00:50:00,   51.17,   56.40,   43.07,   52.88,   57.74,   46.56
05/03/2013 00:55:00,   52.61,   57.73,   44.95,   54.66,   59.65,   47.74
05/03/2013 01:00:00,   52.02,   57.27,   45.02,   53.61,   58.30,   47.59
05/03/2013 01:05:00,   52.27,   57.49,   45.90,   54.35,   59.30,   49.31
05/03/2013 01:10:00,   52.30,   58.87,   44.02,   53.80,   59.35,   47.38
05/03/2013 01:15:00,   55.31,   60.74,   45.86,   57.77,   63.29,   48.68
05/03/2013 01:20:00,   53.39,   58.41,   46.43,   56.62,   60.75,   49.28
05/03/2013 01:25:00,   51.42,   58.34,   41.79,   53.40,   59.51,   46.29
05/03/2013 01:30:00,   51.32,   57.77,   43.93,   53.48,   58.79,   48.01
05/03/2013 01:35:00,   49.76,   55.72,   43.10,   52.76,   57.30,   48.59
05/03/2013 01:40:00,   47.67,   52.29,   41.74,   51.05,   54.39,   47.28
05/03/2013 01:45:00,   48.50,   55.00,   40.58,   50.62,   56.03,   44.58
05/03/2013 01:50:00,   46.83,   50.32,   40.92,   49.30,   52.05,   45.45
05/03/2013 01:55:00,   50.28,   58.14,   41.81,   54.55,   59.70,   46.77
05/03/2013 02:00:00,   50.26,   56.40,   42.56,   52.26,   57.48,   47.19
05/03/2013 02:05:00,   47.89,   54.33,   40.82,   50.81,   55.32,   45.46
05/03/2013 02:10:00,   45.03,   48.20,   40.69,   48.31,   50.19,   44.71
05/03/2013 02:15:00,   49.53,   56.68,   42.06,   52.52,   58.31,   46.84
05/03/2013 02:20:00,   44.88,   49.32,   40.34,   47.93,   50.49,   44.80
05/03/2013 02:25:00,   43.98,   46.42,   40.49,   47.24,   49.42,   44.74
05/03/2013 02:30:00,   46.14,   51.61,   40.79,   48.84,   52.82,   45.76
05/03/2013 02:35:00,   48.68,   54.44,   43.02,   50.77,   55.61,   46.64
05/03/2013 02:40:00,   47.70,   52.80,   40.49,   50.02,   54.06,   44.96
05/03/2013 02:45:00,   44.74,   50.23,   38.42,   47.73,   51.48,   43.44
05/03/2013 02:50:00,   46.27,   52.97,   39.02,   48.76,   54.18,   43.77
05/03/2013 02:55:00,   44.39,   48.27,   40.32,   47.72,   50.89,   44.46
05/03/2013 03:00:00,   47.79,   52.52,   40.30,   50.35,   54.54,   45.58
05/03/2013 03:05:00,   49.89,   56.77,   41.10,   52.40,   58.22,   46.81
05/03/2013 03:10:00,   50.85,   58.00,   41.87,   53.12,   59.08,   46.97
05/03/2013 03:15:00,   43.74,   45.50,   40.75,   48.21,   49.10,   46.38
05/03/2013 03:20:00,   49.90,   55.10,   42.28,   52.27,   57.25,   46.71
05/03/2013 03:25:00,   45.82,   51.16,   40.66,   48.93,   52.94,   44.55
05/03/2013 03:30:00,   47.29,   51.43,   43.10,   50.10,   53.19,   46.71
05/03/2013 03:35:00,   49.08,   54.65,   43.61,   52.01,   56.89,   47.62
05/03/2013 03:40:00,   47.37,   52.82,   42.17,   51.01,   56.37,   46.70
05/03/2013 03:45:00,   46.18,   48.97,   41.85,   48.85,   50.48,   45.90
05/03/2013 03:50:00,   50.94,   57.10,   42.51,   52.41,   57.97,   45.52
05/03/2013 03:55:00,   50.38,   57.13,   42.13,   52.04,   58.64,   45.67
05/03/2013 04:00:00,   48.08,   55.33,   39.76,   50.51,   56.53,   44.65
05/03/2013 04:05:00,   49.08,   55.04,   41.67,   51.61,   56.73,   45.60
05/03/2013 04:10:00,   46.95,   53.78,   40.74,   49.23,   54.63,   44.82
05/03/2013 04:15:00,   49.73,   56.61,   42.00,   51.77,   57.98,   46.38
05/03/2013 04:20:00,   46.45,   50.92,   40.56,   49.37,   53.40,   44.66
05/03/2013 04:25:00,   48.86,   55.86,   41.34,   51.11,   58.04,   44.95
05/03/2013 04:30:00,   49.49,   56.50,   40.81,   51.37,   57.75,   44.94
05/03/2013 04:35:00,   47.61,   53.92,   40.33,   49.97,   54.88,   44.55
05/03/2013 04:40:00,   46.89,   49.44,   42.04,   49.77,   53.35,   46.30
05/03/2013 04:45:00,   45.57,   48.98,   40.32,   48.31,   50.98,   44.52
05/03/2013 04:50:00,   48.01,   54.04,   42.88,   51.07,   55.60,   46.68
05/03/2013 04:55:00,   47.17,   49.74,   43.45,   50.34,   51.97,   47.44
05/03/2013 05:00:00,   47.75,   51.09,   43.49,   50.41,   52.81,   47.30
05/03/2013 05:05:00,   48.37,   51.77,   44.15,   51.04,   53.96,   48.03
05/03/2013 05:10:00,   48.91,   53.96,   43.95,   51.03,   54.98,   47.31
05/03/2013 05:15:00,   48.86,   53.13,   45.48,   51.78,   55.59,   48.92
05/03/2013 05:20:00,   55.45,   61.87,   45.64,   59.03,   66.54,   48.84
05/03/2013 05:25:00,   49.72,   55.87,   44.95,   51.98,   56.87,   48.54
05/03/2013 05:30:00,   51.78,   56.39,   45.44,   54.52,   58.52,   49.13
05/03/2013 05:35:00,   53.93,   58.77,   48.93,   57.11,   61.66,   51.75
05/03/2013 05:40:00,   55.41,   59.83,   49.19,   58.01,   61.62,   51.83
05/03/2013 05:45:00,   53.36,   58.10,   48.48,   56.20,   60.32,   52.31
05/03/2013 05:50:00,   54.65,   60.03,   48.87,   57.09,   61.80,   52.53
05/03/2013 05:55:00,   53.81,   58.85,   48.74,   55.81,   60.13,   51.63
05/03/2013 06:00:00,   54.17,   58.42,   48.87,   56.54,   60.73,   51.85
05/03/2013 06:05:00,   56.31,   60.62,   50.86,   58.82,   62.85,   53.93
05/03/2013 06:10:00,   56.17,   59.92,   51.57,   58.29,   61.97,   53.79
05/03/2013 06:15:00,   54.60,   57.95,   50.66,   56.63,   59.55,   52.97
05/03/2013 06:20:00,   54.68,   58.58,   50.54,   57.62,   60.54,   53.99
05/03/2013 06:25:00,   56.41,   60.60,   51.64,   59.33,   62.95,   54.10
05/03/2013 06:30:00,   55.68,   58.68,   51.72,   58.45,   61.15,   54.98
05/03/2013 06:35:00,   56.44,   60.27,   51.16,   59.04,   62.26,   54.17
05/03/2013 06:40:00,   56.73,   59.90,   51.33,   59.16,   61.88,   54.21
05/03/2013 06:45:00,   55.59,   59.00,   50.98,   58.48,   61.78,   54.22
05/03/2013 06:50:00,   57.64,   61.63,   53.08,   60.33,   64.26,   55.86
05/03/2013 06:55:00,   58.11,   62.09,   52.29,   61.58,   65.37,   55.75
05/03/2013 07:00:00,   56.84,   60.27,   51.51,   59.77,   63.20,   54.40
05/03/2013 07:05:00,   59.00,   62.66,   51.75,   61.48,   65.02,   54.88
05/03/2013 07:10:00,   60.43,   64.15,   54.69,   62.42,   66.45,   57.21
05/03/2013 07:15:00,   58.52,   62.26,   53.83,   61.10,   64.58,   56.71
05/03/2013 07:20:00,   57.79,   60.40,   54.08,   59.93,   62.38,   56.94
05/03/2013 07:25:00,   58.81,   61.68,   54.83,   61.87,   64.67,   57.92
05/03/2013 07:30:00,   58.72,   61.47,   52.97,   61.56,   64.35,   55.57
05/03/2013 07:35:00,   58.89,   62.46,   54.09,   61.60,   64.20,   57.97
05/03/2013 07:40:00,   58.63,   62.41,   54.06,   61.79,   64.77,   57.80
05/03/2013 07:45:00,   59.39,   62.31,   55.18,   63.27,   67.09,   58.52
05/03/2013 07:50:00,   59.39,   62.51,   54.38,   63.53,   66.51,   58.77
05/03/2013 07:55:00,   58.56,   62.06,   53.85,   61.47,   63.99,   57.81
05/03/2013 08:00:00,   59.43,   62.87,   54.42,   64.04,   67.97,   59.42
05/03/2013 08:05:00,   58.63,   61.76,   55.11,   62.00,   64.81,   58.80
05/03/2013 08:10:00,   59.47,   63.31,   53.32,   63.34,   67.73,   57.08
05/03/2013 08:15:00,   58.61,   61.60,   54.32,   62.11,   64.90,   58.18
05/03/2013 08:20:00,   59.56,   62.79,   55.52,   62.86,   65.79,   58.72
05/03/2013 08:25:00,   60.12,   63.40,   55.07,   62.72,   65.72,   59.07
05/03/2013 08:30:00,   59.38,   61.76,   54.95,   63.76,   65.20,   58.97
05/03/2013 08:35:00,   59.31,   61.69,   55.94,   63.33,   64.96,   60.33
05/03/2013 08:40:00,   59.10,   61.89,   55.12,   62.88,   65.46,   59.01
05/03/2013 08:45:00,   58.59,   61.68,   53.38,   61.74,   64.64,   57.86
05/03/2013 08:50:00,   59.09,   62.79,   54.84,   62.58,   66.30,   58.13
05/03/2013 08:55:00,   59.43,   61.90,   56.36,   63.34,   66.22,   59.96
05/03/2013 09:00:00,   60.50,   63.11,   56.09,   64.25,   67.08,   60.19
05/03/2013 09:05:00,   59.35,   61.86,   54.58,   63.22,   65.78,   58.98
05/03/2013 09:10:00,   58.19,   61.42,   52.90,   61.48,   64.12,   56.62
05/03/2013 09:15:00,   57.61,   61.45,   51.45,   61.48,   64.68,   56.52
05/03/2013 09:20:00,   58.62,   61.58,   52.53,   62.38,   65.28,   57.31
05/03/2013 09:25:00,   58.72,   62.10,   53.54,   62.32,   65.13,   58.66
05/03/2013 09:30:00,   57.34,   60.72,   51.59,   60.79,   63.60,   55.04
05/03/2013 09:35:00,   58.96,   61.72,   54.89,   62.67,   65.15,   59.38
05/03/2013 09:40:00,   56.70,   59.42,   51.56,   61.41,   64.12,   57.07
05/03/2013 09:45:00,   57.35,   60.65,   52.46,   61.83,   64.87,   57.29
05/03/2013 09:50:00,   59.75,   62.69,   52.49,   63.01,   65.43,   55.90
05/03/2013 09:55:00,   57.19,   60.82,   51.82,   61.03,   65.16,   56.08
05/03/2013 10:00:00,   57.93,   61.10,   51.53,   62.47,   65.95,   55.74
05/03/2013 10:05:00,   56.87,   60.16,   51.40,   61.28,   64.82,   56.64
05/03/2013 10:10:00,   57.56,   61.31,   50.92,   61.01,   64.58,   55.35
05/03/2013 10:15:00,   57.18,   60.54,   52.34,   61.34,   64.48,   56.31
05/03/2013 10:20:00,   56.42,   60.59,   49.88,   61.27,   64.73,   54.93
05/03/2013 10:25:00,   56.12,   59.41,   50.46,   60.31,   63.44,   54.98
05/03/2013 10:30:00,   57.43,   60.84,   53.50,   61.11,   63.33,   57.54
05/03/2013 10:35:00,   57.89,   61.23,   51.48,   61.12,   64.19,   55.65
05/03/2013 10:40:00,   55.97,   59.84,   51.10,   60.45,   63.34,   56.16
05/03/2013 10:45:00,   58.13,   61.10,   52.42,   61.85,   64.57,   57.01
05/03/2013 10:50:00,   57.10,   60.28,   51.63,   60.69,   63.34,   56.29
05/03/2013 10:55:00,   60.37,   62.09,   53.33,   63.79,   66.02,   57.47
05/03/2013 11:00:00,   56.54,   60.04,   51.28,   61.59,   65.44,   56.69
05/03/2013 11:05:00,   57.90,   61.01,   51.53,   61.27,   64.97,   55.12
05/03/2013 11:10:00,   58.75,   61.57,   52.59,   63.13,   66.76,   56.82
05/03/2013 11:15:00,   57.38,   60.44,   51.78,   61.79,   65.16,   56.54
05/03/2013 11:20:00,   56.96,   59.98,   51.49,   60.77,   63.38,   56.29
05/03/2013 11:25:00,   57.08,   60.31,   49.84,   60.70,   63.73,   53.92
05/03/2013 11:30:00,   55.51,   59.32,   50.52,   59.32,   62.72,   54.69
05/03/2013 11:35:00,   58.82,   61.53,   53.04,   62.69,   65.01,   57.47
05/03/2013 11:40:00,   58.01,   60.89,   50.83,   61.91,   65.25,   55.93
05/03/2013 11:45:00,   57.03,   60.47,   51.68,   60.25,   63.25,   55.39
05/03/2013 11:50:00,   57.27,   60.19,   51.57,   60.94,   63.86,   56.30
05/03/2013 11:55:00,   57.21,   60.33,   51.16,   61.23,   64.23,   54.82
05/03/2013 12:00:00,   58.12,   60.75,   53.41,   62.12,   64.41,   58.29
05/03/2013 12:05:00,   59.08,   63.45,   53.15,   62.86,   66.64,   57.79
05/03/2013 12:10:00,   57.89,   60.29,   51.70,   62.18,   65.32,   56.61
05/03/2013 12:15:00,   57.45,   60.76,   50.99,   62.16,   65.26,   56.35
05/03/2013 12:20:00,   56.89,   60.43,   51.87,   61.25,   64.58,   55.88
05/03/2013 12:25:00,   58.49,   60.92,   52.91,   62.05,   64.44,   56.36
05/03/2013 12:30:00,   57.06,   60.02,   51.86,   60.63,   63.36,   56.21
05/03/2013 12:35:00,   57.83,   60.47,   52.01,   61.01,   63.81,   55.63
05/03/2013 12:40:00,   59.24,   61.56,   54.14,   62.18,   64.60,   58.62
05/03/2013 12:45:00,   59.86,   62.67,   55.08,   62.90,   64.62,   58.44
05/03/2013 12:50:00,   57.72,   60.57,   52.24,   61.64,   64.96,   56.32
05/03/2013 12:55:00,   57.49,   60.09,   51.82,   61.61,   64.79,   56.44
05/03/2013 13:00:00,   56.53,   59.49,   52.05,   60.65,   63.45,   56.58
05/03/2013 13:05:00,   57.03,   60.19,   51.79,   61.37,   64.31,   56.57
05/03/2013 13:10:00,   56.69,   59.97,   48.93,   61.43,   65.15,   53.69
05/03/2013 13:15:00,   57.18,   60.49,   51.71,   60.85,   63.89,   56.61
05/03/2013 13:20:00,   56.95,   59.38,   50.69,   61.17,   63.73,   55.79
05/03/2013 13:25:00,   59.38,   61.85,   51.08,   61.38,   64.25,   56.16
05/03/2013 13:30:00,   59.14,   61.35,   55.83,   62.56,   65.38,   59.02
05/03/2013 13:35:00,   58.15,   60.45,   53.70,   62.06,   64.67,   58.14
05/03/2013 13:40:00,   56.59,   59.07,   51.63,   60.20,   62.59,   55.23
05/03/2013 13:45:00,   57.13,   60.21,   51.20,   61.23,   64.02,   56.78
05/03/2013 13:50:00,   57.58,   60.01,   52.66,   61.85,   64.58,   57.20
05/03/2013 13:55:00,   56.55,   59.87,   50.73,   60.82,   64.35,   55.36
05/03/2013 14:00:00,   56.04,   59.45,   51.69,   59.99,   62.87,   55.79
05/03/2013 14:05:00,   56.17,   59.62,   49.80,   60.74,   63.81,   56.13
05/03/2013 14:10:00,   57.66,   60.65,   52.26,   62.88,   66.05,   58.23
05/03/2013 14:15:00,   56.92,   59.54,   51.80,   60.57,   62.63,   56.89
05/03/2013 14:20:00,   59.04,   61.35,   54.00,   63.11,   65.87,   57.76
05/03/2013 14:25:00,   60.64,   62.42,   54.43,   64.02,   65.89,   57.90
05/03/2013 14:30:00,   58.42,   61.31,   52.79,   63.53,   67.93,   57.02
05/03/2013 14:35:00,   58.09,   60.69,   53.44,   61.33,   63.83,   57.15
05/03/2013 14:40:00,   57.37,   60.62,   52.57,   61.43,   64.36,   56.85
05/03/2013 14:45:00,   58.78,   63.13,   52.54,   61.66,   64.78,   57.18
05/03/2013 14:50:00,   57.60,   60.47,   53.29,   61.24,   63.83,   56.24
05/03/2013 14:55:00,   56.77,   60.07,   50.21,   61.07,   64.40,   55.87
05/03/2013 15:00:00,   57.84,   61.00,   50.88,   62.06,   65.32,   55.78
05/03/2013 15:05:00,   56.51,   59.81,   50.76,   60.89,   63.73,   56.74
05/03/2013 15:10:00,   57.57,   59.98,   52.78,   61.49,   63.49,   57.31
05/03/2013 15:15:00,   57.68,   60.52,   52.23,   61.94,   64.98,   56.19
05/03/2013 15:20:00,   59.73,   62.79,   54.91,   62.48,   65.06,   57.51
05/03/2013 15:25:00,   59.84,   63.19,   53.81,   62.35,   65.20,   56.96
05/03/2013 15:30:00,   60.12,   62.76,   56.15,   62.00,   64.03,   59.12
05/03/2013 15:35:00,   60.35,   62.97,   56.04,   63.20,   65.82,   59.35
05/03/2013 15:40:00,   61.15,   63.38,   57.42,   63.89,   65.89,   60.29
05/03/2013 15:45:00,   60.44,   62.64,   57.33,   63.06,   65.72,   58.73
05/03/2013 15:50:00,   59.77,   61.54,   56.55,   62.08,   64.00,   58.81
05/03/2013 15:55:00,   60.00,   61.91,   56.98,   63.03,   65.05,   58.69
05/03/2013 16:00:00,   58.14,   60.97,   52.32,   60.94,   63.25,   57.05
05/03/2013 16:05:00,   58.89,   61.84,   52.54,   62.20,   65.11,   56.61
05/03/2013 16:10:00,   57.52,   61.10,   51.88,   61.45,   64.54,   57.06
05/03/2013 16:15:00,   57.90,   60.48,   52.08,   62.70,   64.99,   56.13
05/03/2013 16:20:00,   57.87,   61.15,   52.79,   61.72,   64.59,   57.38
05/03/2013 16:25:00,   58.41,   61.28,   53.54,   61.13,   63.94,   55.99
05/03/2013 16:30:00,   59.07,   61.49,   53.58,   61.98,   64.63,   57.38
05/03/2013 16:35:00,   59.05,   60.98,   55.26,   61.91,   64.07,   58.34
05/03/2013 16:40:00,   58.79,   61.31,   53.91,   61.82,   64.10,   56.64
05/03/2013 16:45:00,   58.76,   61.57,   53.14,   61.58,   64.70,   56.12
05/03/2013 16:50:00,   58.42,   61.48,   52.04,   61.78,   64.50,   56.15
05/03/2013 16:55:00,   57.83,   61.07,   51.57,   60.79,   63.37,   55.49
05/03/2013 17:00:00,   58.90,   63.00,   51.49,   62.06,   65.17,   55.57
05/03/2013 17:05:00,   58.18,   61.12,   52.78,   61.92,   64.91,   56.24
05/03/2013 17:10:00,   56.95,   60.37,   51.12,   61.18,   63.87,   56.24
05/03/2013 17:15:00,   57.99,   60.57,   53.27,   61.77,   63.95,   57.53
05/03/2013 17:20:00,   58.46,   62.11,   50.60,   61.53,   65.40,   54.31
05/03/2013 17:25:00,   57.15,   59.72,   53.36,   61.40,   63.77,   56.92
05/03/2013 17:30:00,   58.79,   63.55,   49.84,   61.36,   64.80,   53.93
05/03/2013 17:35:00,   56.70,   60.01,   50.55,   60.29,   62.74,   54.79
05/03/2013 17:40:00,   58.48,   61.52,   52.65,   62.18,   64.77,   57.72
05/03/2013 17:45:00,   59.27,   62.09,   51.98,   62.47,   65.92,   56.54
05/03/2013 17:50:00,   57.90,   62.05,   50.18,   62.33,   66.41,   54.42
05/03/2013 17:55:00,   57.21,   60.46,   50.30,   60.42,   63.07,   55.22
05/03/2013 18:00:00,   57.24,   60.40,   51.82,   61.03,   63.54,   56.80
05/03/2013 18:05:00,   56.87,   60.24,   49.94,   60.40,   63.10,   55.01
05/03/2013 18:10:00,   56.09,   59.87,   50.31,   60.11,   63.07,   54.80
05/03/2013 18:15:00,   57.91,   60.71,   53.59,   61.30,   63.88,   57.10
05/03/2013 18:20:00,   58.54,   62.06,   53.01,   61.78,   64.64,   57.60
05/03/2013 18:25:00,   58.55,   61.73,   52.78,   60.93,   63.51,   56.48
05/03/2013 18:30:00,   57.41,   60.66,   50.98,   60.70,   64.05,   55.14
05/03/2013 18:35:00,   56.48,   60.23,   49.94,   59.70,   62.96,   54.08
05/03/2013 18:40:00,   56.89,   59.73,   51.97,   60.98,   64.26,   56.54
05/03/2013 18:45:00,   57.75,   60.42,   50.29,   62.46,   64.73,   54.29
05/03/2013 18:50:00,   56.38,   60.57,   49.68,   59.68,   63.09,   54.37
05/03/2013 18:55:00,   57.22,   60.43,   49.15,   61.18,   64.46,   54.04
05/03/2013 19:00:00,   56.99,   60.19,   51.52,   60.75,   63.28,   56.57
05/03/2013 19:05:00,   56.86,   60.49,   51.15,   60.04,   63.06,   55.05
05/03/2013 19:10:00,   57.06,   60.84,   50.97,   60.03,   63.55,   54.86
05/03/2013 19:15:00,   56.62,   59.65,   51.87,   60.44,   63.27,   55.46
05/03/2013 19:20:00,   58.46,   61.72,   53.41,   61.47,   64.17,   57.28
05/03/2013 19:25:00,   57.03,   60.98,   50.70,   60.15,   63.63,   54.31
05/03/2013 19:30:00,   58.15,   61.69,   50.85,   61.44,   65.05,   53.74
05/03/2013 19:35:00,   56.45,   60.78,   48.57,   59.34,   62.85,   53.57
05/03/2013 19:40:00,   57.48,   60.66,   50.08,   60.97,   64.75,   54.36
05/03/2013 19:45:00,   57.28,   60.88,   50.29,   60.63,   63.99,   54.88
05/03/2013 19:50:00,   56.39,   60.23,   49.68,   59.94,   62.87,   54.12
05/03/2013 19:55:00,   55.74,   59.70,   49.63,   59.05,   62.73,   53.29
05/03/2013 20:00:00,   55.04,   59.55,   47.64,   57.53,   61.47,   51.35
05/03/2013 20:05:00,   56.99,   60.15,   52.28,   59.99,   63.14,   55.21
05/03/2013 20:10:00,   57.27,   60.81,   49.78,   60.55,   64.20,   53.93
05/03/2013 20:15:00,   56.57,   60.54,   49.42,   59.31,   63.30,   52.95
05/03/2013 20:20:00,   56.54,   60.41,   49.02,   59.14,   62.09,   53.02
05/03/2013 20:25:00,   56.22,   60.11,   48.31,   59.21,   62.90,   51.85
05/03/2013 20:30:00,   54.76,   59.65,   47.79,   57.63,   61.59,   51.71
05/03/2013 20:35:00,   55.06,   59.67,   48.14,   58.03,   61.90,   52.19
05/03/2013 20:40:00,   55.94,   59.96,   48.82,   59.53,   63.75,   52.56
05/03/2013 20:45:00,   54.91,   58.84,   48.41,   57.83,   61.06,   52.02
05/03/2013 20:50:00,   54.36,   58.68,   47.62,   56.99,   60.80,   51.33
05/03/2013 20:55:00,   55.10,   58.80,   49.85,   58.23,   61.45,   53.31
05/03/2013 21:00:00,   55.63,   60.01,   47.91,   57.97,   62.05,   51.37
05/03/2013 21:05:00,   55.90,   59.72,   48.50,   58.50,   61.91,   51.93
05/03/2013 21:10:00,   54.71,   59.63,   47.27,   57.68,   61.92,   50.66
05/03/2013 21:15:00,   56.23,   60.36,   47.89,   58.68,   62.48,   51.47
05/03/2013 21:20:00,   54.56,   59.34,   46.98,   57.35,   60.92,   50.18
05/03/2013 21:25:00,   55.57,   59.95,   48.14,   57.89,   61.65,   50.70
05/03/2013 21:30:00,   52.91,   57.67,   44.94,   55.46,   59.97,   49.07
05/03/2013 21:35:00,   54.64,   59.59,   45.77,   56.94,   61.63,   49.14
05/03/2013 21:40:00,   55.30,   61.05,   44.60,   57.36,   62.20,   48.07
05/03/2013 21:45:00,   55.03,   60.05,   46.55,   57.82,   62.15,   50.39
05/03/2013 21:50:00,   55.05,   58.89,   47.59,   57.85,   61.14,   51.46
05/03/2013 21:55:00,   55.85,   59.41,   48.98,   58.63,   62.31,   52.81
05/03/2013 22:00:00,   55.32,   60.37,   47.07,   57.87,   62.09,   50.68
05/03/2013 22:05:00,   55.12,   59.71,   47.43,   57.89,   61.83,   51.49
05/03/2013 22:10:00,   56.50,   59.94,   48.90,   59.10,   62.09,   53.03
05/03/2013 22:15:00,   55.54,   59.44,   47.48,   57.78,   61.30,   50.57
05/03/2013 22:20:00,   53.80,   58.16,   46.71,   56.68,   60.77,   49.79
05/03/2013 22:25:00,   54.41,   59.74,   44.46,   56.52,   61.63,   47.85
05/03/2013 22:30:00,   53.85,   58.23,   44.91,   56.51,   60.51,   47.82
05/03/2013 22:35:00,   51.65,   57.23,   43.56,   55.22,   60.56,   47.01
05/03/2013 22:40:00,   54.34,   58.92,   46.33,   57.24,   61.07,   49.92
05/03/2013 22:45:00,   53.29,   57.51,   45.52,   56.28,   60.16,   49.22
05/03/2013 22:50:00,   52.26,   58.02,   42.71,   54.22,   59.69,   45.54
05/03/2013 22:55:00,   52.03,   58.23,   43.89,   54.98,   60.58,   46.99
05/03/2013 23:00:00,   53.54,   58.36,   42.61,   55.48,   60.17,   46.87
05/03/2013 23:05:00,   53.12,   58.63,   42.36,   56.22,   60.96,   45.21
05/03/2013 23:10:00,   52.29,   56.96,   44.45,   54.94,   58.90,   47.30
05/03/2013 23:15:00,   53.16,   58.50,   44.60,   55.60,   60.45,   48.10
05/03/2013 23:20:00,   52.68,   58.00,   44.70,   54.96,   59.74,   47.59
05/03/2013 23:25:00,   53.21,   58.55,   43.95,   55.39,   60.21,   47.24
05/03/2013 23:30:00,   51.33,   56.82,   43.22,   53.47,   58.23,   46.39
05/03/2013 23:35:00,   53.85,   58.02,   45.79,   56.75,   61.35,   48.39
05/03/2013 23:40:00,   51.82,   57.45,   43.63,   55.03,   60.14,   47.13
05/03/2013 23:45:00,   50.93,   57.87,   42.68,   53.19,   59.52,   45.89
05/03/2013 23:50:00,   51.76,   57.84,   43.31,   53.68,   58.76,   47.18
05/03/2013 23:56:00,   51.49,   57.60,   40.41,   54.21,   59.34,   44.36

