# noise_analysis run from DCC-NOISE-001003 at Sun Aug 11 00:00:00 2013
# Monitoring unit located at 53.342609N 6.340721W
# logfile   = /home/root/noise_analysis.log
# cfg_dir   = /home/root/config
# outputdir = /home/root/noise
# Sensitivity = -26.271103
# Gain = 1.000000
# Time should be in local format (i.e. daylight savings time)
# dd/mm/yyyy hh:mm:ss, A Leq,   A L10,   A L95,   C Leq,   C L10,   C L95
11/08/2013 00:05:00,   53.21,   57.17,   47.10,   56.04,   59.94,   50.29
11/08/2013 00:10:00,   52.06,   55.92,   46.12,   54.41,   58.11,   49.14
11/08/2013 00:15:00,   52.70,   57.51,   46.28,   55.13,   59.78,   49.01
11/08/2013 00:20:00,   51.32,   55.73,   45.90,   53.40,   57.24,   48.01
11/08/2013 00:25:00,   54.38,   58.51,   46.78,   57.12,   60.66,   49.13
11/08/2013 00:30:00,   52.30,   56.06,   46.98,   55.19,   59.21,   49.83
11/08/2013 00:35:00,   53.19,   58.92,   45.56,   56.14,   61.67,   48.08
11/08/2013 00:40:00,   53.24,   57.41,   46.85,   56.14,   60.08,   49.49
11/08/2013 00:45:00,   52.75,   56.58,   47.06,   54.90,   58.45,   50.27
11/08/2013 00:50:00,   53.16,   57.67,   47.53,   56.89,   63.17,   50.37
11/08/2013 00:55:00,   53.29,   57.78,   46.86,   55.68,   59.90,   49.65
11/08/2013 01:00:00,   53.98,   57.19,   49.03,   56.42,   60.04,   51.29
11/08/2013 01:05:00,   53.47,   56.78,   48.09,   56.35,   59.49,   51.24
11/08/2013 01:10:00,   51.68,   56.54,   43.78,   54.03,   58.57,   46.30
11/08/2013 01:15:00,   52.93,   57.54,   46.34,   55.12,   59.71,   48.81
11/08/2013 01:20:00,   52.75,   56.42,   47.01,   55.86,   59.79,   50.11
11/08/2013 01:25:00,   53.58,   57.66,   48.47,   56.52,   60.79,   51.22
11/08/2013 01:30:00,   53.18,   57.27,   46.60,   55.93,   60.19,   49.69
11/08/2013 01:35:00,   53.21,   58.11,   46.23,   55.35,   60.12,   48.53
11/08/2013 01:40:00,   52.90,   57.84,   44.77,   54.88,   59.32,   47.03
11/08/2013 01:45:00,   49.69,   55.77,   42.16,   51.95,   57.71,   45.37
11/08/2013 01:50:00,   51.05,   56.10,   44.55,   53.00,   57.76,   47.30
11/08/2013 01:55:00,   51.69,   56.02,   46.08,   53.79,   57.82,   48.61
11/08/2013 02:00:00,   52.08,   56.96,   43.92,   54.16,   58.57,   46.35
11/08/2013 02:05:00,   52.37,   56.91,   44.46,   54.43,   59.29,   46.86
11/08/2013 02:10:00,   50.93,   56.56,   42.50,   52.62,   57.63,   45.69
11/08/2013 02:15:00,   52.00,   57.51,   44.37,   53.98,   58.93,   47.53
11/08/2013 02:20:00,   51.84,   56.74,   44.08,   54.54,   59.24,   46.38
11/08/2013 02:25:00,   53.49,   57.98,   46.27,   55.42,   59.85,   48.66
11/08/2013 02:30:00,   52.89,   57.39,   46.08,   54.85,   58.89,   48.52
11/08/2013 02:35:00,   49.43,   55.72,   43.02,   51.39,   57.01,   46.08
11/08/2013 02:40:00,   53.33,   57.46,   45.49,   55.15,   58.85,   47.83
11/08/2013 02:45:00,   52.81,   57.52,   45.38,   55.24,   60.13,   47.96
11/08/2013 02:50:00,   51.68,   56.78,   43.69,   53.99,   58.82,   46.22
11/08/2013 02:55:00,   51.53,   55.52,   46.29,   53.88,   57.69,   48.96
11/08/2013 03:00:00,   50.20,   55.14,   44.66,   52.61,   57.23,   47.39
11/08/2013 03:05:00,   50.71,   56.36,   43.38,   53.18,   57.97,   46.69
11/08/2013 03:10:00,   51.50,   56.78,   43.41,   53.95,   59.39,   46.10
11/08/2013 03:15:00,   50.36,   55.47,   44.46,   52.76,   57.72,   47.08
11/08/2013 03:20:00,   52.23,   57.27,   45.61,   54.22,   58.86,   48.38
11/08/2013 03:25:00,   50.84,   54.57,   45.46,   53.40,   57.10,   48.47
11/08/2013 03:30:00,   50.63,   57.11,   42.75,   53.89,   60.46,   45.57
11/08/2013 03:35:00,   49.63,   54.86,   43.77,   52.90,   57.78,   46.63
11/08/2013 03:40:00,   48.05,   54.32,   41.57,   50.48,   56.67,   44.53
11/08/2013 03:45:00,   49.61,   55.96,   42.87,   51.87,   56.90,   45.81
11/08/2013 03:50:00,   49.61,   55.53,   43.04,   52.12,   57.47,   45.52
11/08/2013 03:55:00,   49.87,   56.06,   43.70,   52.21,   58.12,   46.61
11/08/2013 04:00:00,   48.70,   54.52,   42.29,   51.19,   56.70,   45.61
11/08/2013 04:05:00,   50.97,   56.25,   44.36,   53.36,   58.07,   47.58
11/08/2013 04:10:00,   50.80,   57.82,   43.51,   52.69,   58.86,   46.69
11/08/2013 04:15:00,   49.21,   54.96,   43.03,   51.24,   56.44,   46.12
11/08/2013 04:20:00,   49.34,   55.55,   42.97,   51.47,   56.58,   45.87
11/08/2013 04:25:00,   50.12,   55.85,   43.57,   52.02,   57.04,   46.02
11/08/2013 04:30:00,   46.96,   51.05,   42.66,   49.16,   53.79,   45.32
11/08/2013 04:35:00,   50.10,   56.19,   43.80,   52.12,   58.32,   46.31
11/08/2013 04:40:00,   51.59,   57.75,   42.65,   53.36,   58.71,   46.00
11/08/2013 04:45:00,   51.26,   56.67,   42.74,   52.87,   57.85,   45.66
11/08/2013 04:50:00,   49.12,   55.30,   42.30,   51.08,   56.54,   45.47
11/08/2013 04:55:00,   49.75,   55.37,   43.25,   52.93,   57.87,   46.49
11/08/2013 05:00:00,   50.16,   55.99,   43.24,   51.79,   57.16,   46.10
11/08/2013 05:05:00,   49.01,   53.46,   43.70,   51.39,   54.96,   46.64
11/08/2013 05:10:00,   49.82,   55.76,   43.36,   52.76,   57.87,   46.62
11/08/2013 05:15:00,   51.25,   56.74,   42.95,   53.28,   58.85,   46.30
11/08/2013 05:20:00,   50.24,   55.28,   44.78,   52.43,   56.81,   47.14
11/08/2013 05:25:00,   51.73,   57.73,   43.12,   53.94,   59.38,   46.62
11/08/2013 05:30:00,   50.03,   55.38,   44.75,   52.32,   57.50,   47.35
11/08/2013 05:35:00,   54.75,   62.04,   44.49,   58.81,   67.30,   46.96
11/08/2013 05:40:00,   52.27,   56.29,   44.18,   54.69,   57.32,   47.34
11/08/2013 05:45:00,   48.93,   52.97,   44.19,   52.21,   55.28,   47.52
11/08/2013 05:50:00,   54.18,   58.76,   47.39,   58.30,   63.40,   50.13
11/08/2013 05:55:00,   53.81,   58.81,   47.20,   58.64,   63.03,   50.60
11/08/2013 06:00:00,   53.00,   56.83,   48.41,   55.77,   59.24,   51.52
11/08/2013 06:05:00,   52.77,   56.96,   47.53,   55.98,   60.49,   51.20
11/08/2013 06:10:00,   54.20,   59.06,   47.19,   57.97,   62.92,   50.27
11/08/2013 06:15:00,   52.05,   55.97,   46.20,   55.47,   60.11,   49.10
11/08/2013 06:20:00,   54.74,   58.63,   48.52,   58.46,   62.37,   52.06
11/08/2013 06:25:00,   53.36,   57.74,   46.40,   58.10,   61.82,   51.60
11/08/2013 06:30:00,   52.70,   58.42,   46.27,   55.84,   60.58,   49.02
11/08/2013 06:35:00,   55.11,   60.76,   45.29,   60.67,   68.76,   49.41
11/08/2013 06:40:00,   51.92,   56.62,   44.52,   55.88,   61.20,   48.86
11/08/2013 06:45:00,   56.09,   60.37,   47.54,   60.08,   65.28,   51.10
11/08/2013 06:50:00,   53.04,   58.79,   45.99,   57.46,   62.89,   50.34
11/08/2013 06:55:00,   53.88,   60.69,   44.73,   58.23,   64.28,   47.81
11/08/2013 07:00:00,   53.18,   58.12,   45.70,   57.96,   63.09,   49.73
11/08/2013 07:05:00,   53.31,   57.45,   47.99,   55.56,   59.39,   50.55
11/08/2013 07:10:00,   54.12,   59.43,   46.28,   58.17,   63.09,   49.26
11/08/2013 07:15:00,   52.01,   56.99,   45.60,   56.00,   60.90,   49.06
11/08/2013 07:20:00,   57.02,   63.49,   46.86,   61.29,   66.59,   51.96
11/08/2013 07:25:00,   58.61,   64.97,   50.17,   62.28,   68.49,   54.17
11/08/2013 07:30:00,   59.18,   63.59,   49.74,   62.89,   66.80,   53.85
11/08/2013 07:35:00,   57.12,   64.06,   48.48,   61.09,   69.22,   50.58
11/08/2013 07:40:00,   50.79,   54.11,   45.84,   53.49,   56.80,   48.68
11/08/2013 07:45:00,   51.40,   56.71,   45.69,   55.43,   61.24,   48.68
11/08/2013 07:50:00,   53.74,   58.10,   46.63,   56.47,   61.26,   49.70
11/08/2013 07:55:00,   51.23,   55.14,   46.47,   53.60,   57.52,   49.32
11/08/2013 08:00:00,   52.76,   57.17,   46.32,   56.20,   60.32,   49.79
11/08/2013 08:05:00,   51.03,   56.12,   44.12,   54.72,   59.87,   47.56
11/08/2013 08:10:00,   52.35,   56.38,   46.55,   56.10,   59.84,   50.30
11/08/2013 08:15:00,   52.53,   58.18,   46.55,   55.23,   60.00,   48.88
11/08/2013 08:20:00,   51.61,   55.93,   44.93,   55.25,   59.08,   48.50
11/08/2013 08:25:00,   50.53,   54.55,   45.18,   53.16,   56.43,   48.43
11/08/2013 08:30:00,   58.77,   58.53,   46.90,   59.51,   60.53,   49.56
11/08/2013 08:35:00,   52.23,   56.93,   46.54,   54.33,   58.78,   49.08
11/08/2013 08:40:00,   53.47,   57.68,   48.58,   56.90,   60.27,   52.38
11/08/2013 08:45:00,   51.51,   55.47,   46.18,   53.59,   57.33,   48.69
11/08/2013 08:50:00,   54.17,   58.07,   47.54,   57.56,   61.28,   50.36
11/08/2013 08:55:00,   53.55,   57.28,   46.48,   56.81,   60.31,   49.94
11/08/2013 09:00:00,   53.93,   58.41,   47.94,   56.92,   61.17,   50.86
11/08/2013 09:05:00,   54.41,   58.12,   48.62,   57.36,   61.02,   51.78
11/08/2013 09:10:00,   54.08,   58.12,   48.42,   57.71,   61.45,   51.83
11/08/2013 09:15:00,   55.70,   59.23,   49.55,   58.94,   63.04,   51.97
11/08/2013 09:20:00,   54.58,   58.03,   49.80,   57.48,   60.88,   52.80
11/08/2013 09:25:00,   54.14,   58.38,   46.70,   56.62,   60.56,   49.93
11/08/2013 09:30:00,   54.49,   58.22,   48.47,   57.68,   60.96,   51.85
11/08/2013 09:35:00,   55.43,   58.76,   49.50,   58.85,   62.08,   53.14
11/08/2013 09:40:00,   56.77,   59.77,   51.85,   59.96,   63.07,   54.86
11/08/2013 09:45:00,   55.20,   58.61,   49.92,   58.11,   61.33,   52.13
11/08/2013 09:50:00,   56.26,   58.99,   52.50,   59.00,   61.36,   54.85
11/08/2013 09:55:00,   55.42,   58.68,   50.98,   58.08,   61.21,   53.67
11/08/2013 10:00:00,   54.64,   58.15,   50.33,   57.53,   60.38,   53.55
11/08/2013 10:05:00,   55.40,   58.40,   50.71,   58.04,   60.63,   53.59
11/08/2013 10:10:00,   54.54,   57.71,   49.91,   57.61,   60.69,   53.43
11/08/2013 10:15:00,   53.17,   55.72,   49.10,   56.55,   59.17,   52.29
11/08/2013 10:20:00,   56.49,   59.87,   51.52,   59.80,   63.21,   54.89
11/08/2013 10:25:00,   55.74,   58.49,   52.30,   58.52,   61.21,   54.72
11/08/2013 10:30:00,   55.17,   58.31,   50.69,   59.07,   62.88,   53.67
11/08/2013 10:35:00,   54.24,   57.21,   49.69,   56.95,   60.03,   52.00
11/08/2013 10:40:00,   55.45,   58.07,   51.23,   58.70,   61.25,   54.50
11/08/2013 10:45:00,   54.76,   57.57,   51.60,   58.22,   61.09,   53.74
11/08/2013 10:50:00,   55.08,   57.64,   50.74,   58.36,   61.14,   53.53
11/08/2013 10:55:00,   54.45,   57.20,   50.18,   58.32,   61.83,   53.46
11/08/2013 11:00:00,   54.15,   57.67,   49.52,   57.21,   60.24,   52.46
11/08/2013 11:05:00,   55.49,   58.39,   51.07,   59.61,   63.42,   54.76
11/08/2013 11:10:00,   56.00,   58.42,   51.51,   59.68,   62.52,   55.06
11/08/2013 11:15:00,   57.81,   61.21,   52.26,   61.76,   65.19,   56.05
11/08/2013 11:20:00,   55.18,   57.82,   50.02,   58.75,   61.44,   54.01
11/08/2013 11:25:00,   56.70,   59.26,   52.94,   60.39,   62.70,   55.81
11/08/2013 11:30:00,   55.33,   58.10,   49.79,   58.71,   61.71,   54.23
11/08/2013 11:35:00,   55.37,   58.68,   51.00,   58.75,   61.38,   55.57
11/08/2013 11:40:00,   55.53,   58.37,   51.17,   59.52,   62.12,   53.92
11/08/2013 11:45:00,   56.32,   59.02,   52.55,   59.93,   62.76,   56.26
11/08/2013 11:50:00,   56.28,   59.21,   51.93,   59.76,   62.37,   55.73
11/08/2013 11:55:00,   56.32,   59.66,   50.59,   60.11,   63.67,   54.49
11/08/2013 12:00:00,   56.00,   59.18,   51.66,   59.92,   63.15,   54.94
11/08/2013 12:05:00,   55.67,   57.57,   51.97,   59.47,   61.09,   55.70
11/08/2013 12:10:00,   57.56,   60.27,   52.52,   62.32,   65.97,   56.87
11/08/2013 12:15:00,   56.34,   58.97,   52.15,   60.42,   63.45,   55.90
11/08/2013 12:20:00,   56.30,   59.13,   52.27,   59.48,   61.88,   55.30
11/08/2013 12:25:00,   55.64,   58.08,   51.60,   59.53,   62.43,   54.94
11/08/2013 12:30:00,   56.21,   58.60,   52.58,   60.28,   62.59,   56.16
11/08/2013 12:35:00,   55.21,   57.80,   50.94,   59.34,   62.37,   54.49
11/08/2013 12:40:00,   56.18,   59.00,   52.19,   59.86,   62.60,   55.73
11/08/2013 12:45:00,   56.38,   59.23,   52.30,   60.87,   64.16,   56.46
11/08/2013 12:50:00,   55.83,   58.48,   52.09,   60.02,   63.27,   55.43
11/08/2013 12:55:00,   57.42,   59.81,   53.11,   61.75,   65.22,   56.72
11/08/2013 13:00:00,   55.75,   57.86,   52.21,   59.64,   61.97,   55.82
11/08/2013 13:05:00,   55.43,   57.97,   51.31,   59.11,   60.86,   54.24
11/08/2013 13:10:00,   55.28,   57.78,   51.49,   58.90,   61.39,   54.87
11/08/2013 13:15:00,   55.09,   57.22,   51.26,   59.23,   61.65,   54.77
11/08/2013 13:20:00,   55.24,   57.43,   51.19,   59.92,   62.52,   55.78
11/08/2013 13:25:00,   56.48,   59.00,   52.18,   60.94,   64.36,   56.36
11/08/2013 13:30:00,   56.14,   58.10,   52.94,   59.89,   62.29,   55.79
11/08/2013 13:35:00,   55.96,   58.08,   51.84,   60.49,   62.10,   55.50
11/08/2013 13:40:00,   55.80,   58.50,   50.95,   59.15,   61.80,   53.52
11/08/2013 13:45:00,   55.54,   58.19,   51.46,   59.82,   62.66,   54.80
11/08/2013 13:50:00,   56.64,   59.83,   51.69,   60.81,   64.75,   55.26
11/08/2013 13:55:00,   56.92,   59.22,   52.68,   60.67,   64.10,   55.76
11/08/2013 14:00:00,   55.99,   58.88,   51.23,   60.54,   64.54,   55.42
11/08/2013 14:05:00,   55.48,   58.19,   51.01,   58.90,   61.27,   55.21
11/08/2013 14:10:00,   54.88,   57.77,   50.40,   58.63,   61.71,   54.05
11/08/2013 14:15:00,   56.17,   58.26,   53.35,   60.08,   62.39,   56.91
11/08/2013 14:20:00,   56.28,   58.57,   51.63,   60.45,   63.47,   55.02
11/08/2013 14:25:00,   55.99,   59.20,   51.55,   59.42,   62.84,   54.14
11/08/2013 14:30:00,   54.88,   57.73,   51.08,   58.19,   60.47,   54.87
11/08/2013 14:35:00,   55.21,   58.15,   50.81,   58.88,   61.85,   54.61
11/08/2013 14:40:00,   55.42,   58.18,   52.09,   58.58,   61.18,   54.98
11/08/2013 14:45:00,   56.62,   58.92,   53.29,   60.38,   63.22,   56.29
11/08/2013 14:50:00,   55.80,   58.28,   51.96,   59.40,   61.98,   55.72
11/08/2013 14:55:00,   56.26,   58.79,   52.39,   59.77,   62.91,   54.90
11/08/2013 15:00:00,   55.21,   58.15,   51.32,   58.07,   60.62,   54.05
11/08/2013 15:05:00,   56.93,   59.35,   53.67,   61.26,   64.56,   56.83
11/08/2013 15:10:00,   55.71,   57.90,   52.69,   59.14,   61.14,   55.25
11/08/2013 15:15:00,   55.61,   58.22,   51.49,   59.52,   61.92,   54.58
11/08/2013 15:20:00,   56.43,   58.43,   52.83,   60.16,   61.93,   57.13
11/08/2013 15:25:00,   56.23,   58.62,   51.91,   59.43,   62.22,   55.21
11/08/2013 15:30:00,   56.41,   59.60,   51.90,   59.74,   63.04,   54.04
11/08/2013 15:35:00,   55.61,   57.96,   51.66,   58.38,   60.46,   54.67
11/08/2013 15:40:00,   56.37,   59.35,   50.79,   60.36,   63.27,   54.37
11/08/2013 15:45:00,   56.25,   59.12,   52.56,   59.31,   62.30,   55.60
11/08/2013 15:50:00,   55.27,   57.70,   52.01,   58.73,   61.04,   55.45
11/08/2013 15:55:00,   55.37,   57.69,   51.59,   58.50,   60.70,   55.08
11/08/2013 16:00:00,   55.85,   59.06,   50.62,   58.74,   61.85,   53.17
11/08/2013 16:05:00,   55.60,   58.42,   52.03,   59.58,   62.87,   55.19
11/08/2013 16:10:00,   55.83,   58.19,   52.38,   58.69,   60.97,   54.59
11/08/2013 16:15:00,   56.05,   58.31,   52.76,   59.61,   61.85,   55.96
11/08/2013 16:20:00,   57.12,   60.12,   51.63,   60.77,   64.36,   55.52
11/08/2013 16:25:00,   56.79,   59.60,   52.37,   59.75,   62.18,   55.08
11/08/2013 16:30:00,   55.81,   58.90,   51.39,   59.60,   62.46,   54.63
11/08/2013 16:35:00,   56.46,   59.31,   53.01,   59.41,   62.19,   55.92
11/08/2013 16:40:00,   57.49,   59.90,   53.61,   60.89,   62.80,   56.93
11/08/2013 16:45:00,   56.49,   58.94,   52.34,   59.40,   61.66,   55.91
11/08/2013 16:50:00,   55.34,   58.31,   50.29,   59.16,   61.94,   54.15
11/08/2013 16:55:00,   56.15,   58.73,   52.01,   60.20,   63.81,   55.69
11/08/2013 17:00:00,   57.25,   59.92,   54.13,   60.44,   63.05,   57.16
11/08/2013 17:05:00,   55.98,   59.61,   51.09,   58.88,   62.12,   54.84
11/08/2013 17:10:00,   56.25,   59.09,   51.38,   59.07,   61.98,   54.90
11/08/2013 17:15:00,   57.68,   59.92,   54.58,   60.84,   63.20,   57.53
11/08/2013 17:20:00,   57.54,   60.03,   53.47,   60.47,   62.48,   56.33
11/08/2013 17:25:00,   58.13,   61.13,   53.73,   61.54,   64.62,   57.34
11/08/2013 17:30:00,   56.65,   59.13,   52.65,   60.45,   62.96,   56.30
11/08/2013 17:35:00,   57.05,   60.13,   52.52,   59.69,   62.42,   56.12
11/08/2013 17:40:00,   56.56,   58.92,   53.49,   59.81,   61.90,   56.86
11/08/2013 17:45:00,   56.91,   59.57,   53.47,   60.76,   63.77,   56.28
11/08/2013 17:50:00,   56.93,   59.70,   53.08,   60.07,   62.51,   56.23
11/08/2013 17:55:00,   58.03,   60.76,   53.60,   60.98,   63.70,   56.77
11/08/2013 18:00:00,   57.21,   60.14,   52.52,   59.82,   62.40,   55.57
11/08/2013 18:05:00,   56.68,   59.27,   52.91,   59.70,   62.02,   55.37
11/08/2013 18:10:00,   57.64,   60.23,   52.41,   60.60,   63.39,   55.71
11/08/2013 18:15:00,   56.04,   59.60,   51.32,   59.45,   63.20,   54.66
11/08/2013 18:20:00,   56.59,   58.88,   52.67,   60.06,   62.24,   56.24
11/08/2013 18:25:00,   56.55,   59.31,   52.47,   60.66,   62.89,   55.68
11/08/2013 18:30:00,   56.96,   59.81,   53.39,   60.04,   62.65,   56.51
11/08/2013 18:35:00,   57.62,   60.29,   52.35,   61.53,   65.34,   55.65
11/08/2013 18:40:00,   56.65,   59.30,   52.54,   59.72,   62.30,   55.11
11/08/2013 18:45:00,   55.47,   58.28,   51.78,   58.08,   60.74,   53.98
11/08/2013 18:50:00,   56.81,   59.18,   52.96,   60.56,   63.03,   56.59
11/08/2013 18:55:00,   55.64,   58.08,   51.15,   58.68,   61.21,   54.31
11/08/2013 19:00:00,   56.99,   59.69,   53.33,   60.89,   64.11,   56.91
11/08/2013 19:05:00,   55.79,   58.37,   51.96,   59.05,   61.88,   54.67
11/08/2013 19:10:00,   56.77,   59.48,   52.36,   59.47,   61.88,   55.49
11/08/2013 19:15:00,   56.16,   58.69,   52.45,   59.37,   62.84,   55.01
11/08/2013 19:20:00,   56.04,   58.74,   52.25,   59.06,   61.50,   55.11
11/08/2013 19:25:00,   55.46,   58.51,   51.30,   58.90,   61.67,   54.72
11/08/2013 19:30:00,   56.07,   59.10,   49.96,   58.72,   61.67,   52.76
11/08/2013 19:35:00,   56.29,   58.94,   52.47,   59.66,   61.96,   56.00
11/08/2013 19:40:00,   54.94,   57.92,   51.06,   58.13,   60.87,   54.78
11/08/2013 19:45:00,   56.17,   58.77,   52.91,   59.35,   61.44,   55.95
11/08/2013 19:50:00,   55.60,   58.41,   51.87,   59.67,   63.23,   54.86
11/08/2013 19:55:00,   55.27,   58.14,   51.08,   57.78,   60.51,   53.76
11/08/2013 20:00:00,   56.53,   59.58,   52.69,   60.42,   63.63,   56.02
11/08/2013 20:05:00,   55.24,   57.97,   51.23,   57.94,   60.77,   54.11
11/08/2013 20:10:00,   55.71,   58.23,   52.22,   58.80,   61.33,   55.20
11/08/2013 20:15:00,   56.78,   60.13,   51.46,   61.11,   65.51,   54.76
11/08/2013 20:20:00,   54.92,   57.02,   51.54,   58.56,   61.17,   54.68
11/08/2013 20:25:00,   55.60,   58.42,   50.75,   59.27,   62.20,   54.12
11/08/2013 20:30:00,   54.84,   57.51,   51.09,   58.07,   60.72,   53.97
11/08/2013 20:35:00,   54.05,   57.00,   49.20,   56.76,   59.14,   52.61
11/08/2013 20:40:00,   54.00,   57.27,   49.38,   57.50,   60.66,   51.82
11/08/2013 20:45:00,   54.27,   57.85,   49.09,   57.18,   59.95,   52.60
11/08/2013 20:50:00,   55.95,   60.28,   48.38,   59.84,   65.12,   51.73
11/08/2013 20:55:00,   55.22,   58.10,   50.66,   58.84,   62.45,   53.69
11/08/2013 21:00:00,   54.34,   57.45,   49.98,   57.45,   60.85,   52.69
11/08/2013 21:05:00,   53.94,   56.90,   49.92,   56.69,   59.59,   52.64
11/08/2013 21:10:00,   53.63,   57.28,   48.45,   57.21,   60.84,   51.79
11/08/2013 21:15:00,   54.23,   57.44,   48.25,   58.18,   61.36,   52.36
11/08/2013 21:20:00,   54.45,   57.74,   49.82,   57.53,   61.22,   52.37
11/08/2013 21:25:00,   53.98,   56.59,   49.61,   57.54,   60.27,   52.77
11/08/2013 21:30:00,   54.62,   58.06,   49.96,   57.25,   60.12,   52.51
11/08/2013 21:35:00,   54.78,   58.40,   50.07,   57.71,   60.97,   52.85
11/08/2013 21:40:00,   53.09,   57.00,   47.84,   56.31,   59.68,   50.73
11/08/2013 21:45:00,   53.93,   57.52,   48.51,   56.62,   60.08,   51.97
11/08/2013 21:50:00,   54.86,   58.40,   48.93,   57.56,   61.39,   51.67
11/08/2013 21:55:00,   52.89,   57.23,   47.05,   55.87,   60.10,   50.10
11/08/2013 22:00:00,   54.23,   57.97,   49.42,   57.47,   60.58,   52.72
11/08/2013 22:05:00,   53.37,   56.23,   48.79,   55.62,   58.01,   51.52
11/08/2013 22:10:00,   53.33,   56.43,   48.46,   56.52,   59.85,   51.59
11/08/2013 22:15:00,   54.76,   58.48,   49.27,   57.84,   61.48,   52.76
11/08/2013 22:20:00,   53.87,   57.03,   48.98,   56.94,   60.67,   51.72
11/08/2013 22:25:00,   53.07,   57.50,   48.02,   56.01,   60.28,   51.17
11/08/2013 22:30:00,   52.25,   56.28,   47.69,   55.13,   58.53,   51.40
11/08/2013 22:35:00,   52.93,   56.73,   46.90,   55.47,   59.27,   49.59
11/08/2013 22:40:00,   52.82,   57.37,   46.65,   55.16,   59.47,   49.75
11/08/2013 22:45:00,   52.84,   56.86,   48.02,   55.87,   59.98,   51.21
11/08/2013 22:50:00,   53.92,   57.50,   48.59,   56.91,   60.74,   51.30
11/08/2013 22:55:00,   53.49,   57.75,   47.21,   56.42,   60.37,   50.87
11/08/2013 23:00:00,   53.11,   57.72,   46.56,   55.14,   58.82,   49.39
11/08/2013 23:05:00,   51.71,   55.30,   47.49,   54.48,   57.55,   50.36
11/08/2013 23:10:00,   51.64,   55.65,   46.67,   54.37,   57.87,   49.66
11/08/2013 23:15:00,   51.69,   57.25,   46.30,   54.20,   58.79,   49.46
11/08/2013 23:20:00,   53.59,   57.19,   47.53,   56.13,   59.38,   50.77
11/08/2013 23:25:00,   52.79,   57.35,   47.28,   55.39,   60.08,   50.22
11/08/2013 23:30:00,   51.73,   55.60,   44.66,   54.31,   57.89,   47.63
11/08/2013 23:35:00,   53.08,   57.71,   46.53,   55.14,   59.51,   49.58
11/08/2013 23:40:00,   52.58,   57.32,   45.50,   55.28,   59.94,   48.95
11/08/2013 23:45:00,   53.57,   57.60,   46.29,   55.80,   59.41,   49.76
11/08/2013 23:50:00,   52.79,   57.02,   47.62,   55.47,   59.12,   50.78
11/08/2013 23:55:00,   52.86,   57.75,   45.89,   55.14,   59.45,   49.11

