# noise_analysis run from DCC-NOISE-001003 at Sat Nov  2 00:00:00 2013
# Monitoring unit located at 53.342609N 6.340721W
# logfile   = /home/root/noise_analysis.log
# cfg_dir   = /home/root/config
# outputdir = /home/root/noise
# Sensitivity = -26.271103
# Gain = 1.000000
# Time should be in local format (i.e. daylight savings time)
# dd/mm/yyyy hh:mm:ss, A Leq,   A L10,   A L95,   C Leq,   C L10,   C L95
02/11/2013 00:05:00,   54.45,   59.02,   47.41,   56.12,   60.39,   50.32
02/11/2013 00:10:00,   53.59,   58.44,   47.35,   55.87,   59.90,   50.29
02/11/2013 00:15:00,   53.92,   58.01,   47.90,   57.46,   60.85,   50.52
02/11/2013 00:20:00,   53.90,   57.58,   47.34,   56.15,   59.65,   50.31
02/11/2013 00:25:00,   53.75,   58.10,   47.96,   57.33,   61.49,   50.61
02/11/2013 00:30:00,   54.33,   60.28,   46.65,   56.89,   61.39,   50.14
02/11/2013 00:35:00,   53.78,   58.71,   47.44,   56.13,   60.08,   50.26
02/11/2013 00:40:00,   54.22,   58.21,   47.59,   57.40,   60.91,   51.35
02/11/2013 00:45:00,   53.91,   58.01,   48.41,   56.24,   60.22,   51.86
02/11/2013 00:50:00,   56.59,   62.07,   47.09,   60.01,   66.17,   49.98
02/11/2013 00:55:00,   60.95,   65.51,   51.10,   64.92,   68.29,   54.12
02/11/2013 01:00:00,   55.96,   60.64,   48.40,   59.35,   63.72,   52.58
02/11/2013 01:07:00,   60.33,   66.90,   50.21,   63.03,   70.74,   53.21
02/11/2013 01:12:00,   58.48,   60.12,   47.96,   62.17,   61.51,   50.30
02/11/2013 01:17:00,   53.67,   59.18,   46.51,   56.22,   60.57,   49.27
02/11/2013 01:22:00,   52.89,   58.93,   44.07,   54.76,   60.25,   47.69
02/11/2013 01:27:00,   54.57,   60.05,   45.13,   56.05,   61.03,   47.89
02/11/2013 01:32:00,   55.40,   61.05,   48.48,   57.35,   62.78,   51.36
02/11/2013 01:37:00,   54.94,   59.84,   47.60,   56.58,   61.04,   50.49
02/11/2013 01:42:00,   55.71,   59.89,   49.11,   57.71,   61.90,   51.86
02/11/2013 01:47:00,   54.07,   59.47,   46.34,   55.98,   60.89,   49.19
02/11/2013 01:52:00,   52.96,   59.14,   44.28,   54.51,   60.13,   47.85
02/11/2013 01:57:00,   53.72,   58.86,   44.54,   55.72,   60.93,   48.00
02/11/2013 02:02:00,   52.47,   58.52,   44.96,   54.30,   59.45,   48.53
02/11/2013 02:07:00,   52.94,   57.72,   46.79,   55.44,   59.73,   50.11
02/11/2013 02:12:00,   53.84,   59.82,   44.64,   56.80,   61.65,   48.11
02/11/2013 02:17:00,   53.12,   57.72,   46.78,   55.37,   59.95,   49.76
02/11/2013 02:22:00,   54.19,   59.95,   44.58,   56.50,   61.42,   48.40
02/11/2013 02:27:00,   51.04,   55.98,   45.07,   53.41,   57.58,   48.64
02/11/2013 02:32:00,   53.99,   59.60,   46.18,   55.65,   60.79,   49.03
02/11/2013 02:37:00,   50.30,   57.23,   42.29,   52.29,   58.31,   46.25
02/11/2013 02:42:00,   50.60,   57.08,   42.17,   53.27,   59.20,   45.54
02/11/2013 02:47:00,   50.41,   56.94,   41.38,   52.42,   58.55,   44.82
02/11/2013 02:52:00,   51.56,   57.92,   41.22,   52.92,   58.55,   44.46
02/11/2013 02:57:00,   50.37,   56.08,   39.88,   53.00,   58.37,   44.51
02/11/2013 03:02:00,   51.09,   56.60,   40.18,   53.50,   58.31,   44.07
02/11/2013 03:07:00,   49.63,   56.01,   42.46,   51.58,   57.38,   45.86
02/11/2013 03:12:00,   48.83,   55.07,   39.57,   51.10,   57.64,   43.13
02/11/2013 03:17:00,   51.54,   58.19,   41.94,   53.69,   59.74,   45.12
02/11/2013 03:22:00,   48.11,   54.59,   39.90,   50.09,   56.31,   43.71
02/11/2013 03:27:00,   49.90,   55.90,   42.24,   51.63,   56.71,   45.45
02/11/2013 03:32:00,   50.87,   57.35,   43.23,   52.97,   58.64,   46.76
02/11/2013 03:37:00,   48.33,   54.42,   42.75,   51.63,   56.53,   46.36
02/11/2013 03:42:00,   52.04,   59.52,   41.50,   53.57,   60.41,   45.05
02/11/2013 03:47:00,   51.04,   57.43,   41.61,   53.02,   59.00,   45.94
02/11/2013 03:52:00,   51.73,   57.97,   42.20,   53.65,   59.26,   45.88
02/11/2013 03:57:00,   50.47,   56.76,   41.22,   52.47,   58.37,   45.17
02/11/2013 04:02:00,   52.57,   58.97,   42.76,   54.40,   60.32,   46.07
02/11/2013 04:07:00,   49.20,   56.13,   39.95,   51.45,   57.35,   43.71
02/11/2013 04:12:00,   46.01,   52.44,   38.86,   48.93,   55.11,   43.06
02/11/2013 04:17:00,   47.86,   55.15,   39.24,   50.87,   57.38,   43.41
02/11/2013 04:22:00,   50.44,   59.32,   39.53,   51.83,   59.76,   42.83
02/11/2013 04:27:00,   46.90,   54.31,   38.85,   48.98,   55.31,   42.64
02/11/2013 04:32:00,   48.31,   56.35,   39.83,   49.94,   56.79,   43.53
02/11/2013 04:37:00,   45.83,   49.72,   40.92,   49.16,   53.16,   44.68
02/11/2013 04:42:00,   49.31,   55.34,   43.38,   52.06,   57.79,   46.88
02/11/2013 04:47:00,   49.90,   56.62,   43.19,   51.97,   58.19,   46.66
02/11/2013 04:52:00,   46.41,   51.26,   41.76,   49.09,   53.69,   45.10
02/11/2013 04:57:00,   52.54,   59.13,   43.56,   54.05,   60.29,   46.82
02/11/2013 05:02:00,   50.39,   57.12,   41.45,   52.32,   58.59,   45.43
02/11/2013 05:07:00,   49.12,   54.25,   42.84,   51.55,   56.83,   46.18
02/11/2013 05:12:00,   49.56,   57.37,   42.01,   51.93,   58.38,   46.45
02/11/2013 05:17:00,   50.96,   56.64,   42.65,   53.51,   58.99,   46.33
02/11/2013 05:22:00,   46.45,   49.90,   41.98,   49.39,   52.67,   45.45
02/11/2013 05:27:00,   50.40,   56.31,   43.89,   52.59,   57.94,   46.96
02/11/2013 05:32:00,   50.47,   56.27,   42.95,   52.88,   58.57,   46.32
02/11/2013 05:37:00,   50.85,   57.60,   43.52,   53.59,   59.34,   46.75
02/11/2013 05:42:00,   47.83,   52.18,   41.91,   50.60,   54.23,   45.59
02/11/2013 05:47:00,   52.19,   59.21,   42.37,   53.88,   60.30,   46.12
02/11/2013 05:52:00,   50.01,   56.30,   41.81,   52.17,   57.91,   45.57
02/11/2013 05:57:00,   51.14,   56.72,   43.24,   52.81,   57.23,   46.34
02/11/2013 06:02:00,   48.29,   54.11,   41.80,   51.25,   56.49,   45.77
02/11/2013 06:07:00,   50.29,   55.17,   42.99,   52.04,   56.32,   46.55
02/11/2013 06:12:00,   47.95,   54.85,   40.81,   50.92,   57.09,   45.09
02/11/2013 06:17:00,   47.75,   52.65,   43.00,   51.21,   56.16,   46.76
02/11/2013 06:22:00,   50.84,   56.71,   43.25,   53.04,   58.54,   46.88
02/11/2013 06:27:00,   51.38,   56.78,   43.75,   53.36,   58.18,   46.83
02/11/2013 06:32:00,   53.78,   56.74,   45.77,   55.19,   58.38,   48.96
02/11/2013 06:37:00,   52.53,   55.22,   49.43,   53.84,   56.61,   51.05
02/11/2013 06:42:00,   54.46,   58.16,   49.49,   56.45,   59.69,   51.82
02/11/2013 06:47:00,   53.51,   58.35,   47.43,   56.31,   60.79,   50.41
02/11/2013 06:52:00,   54.72,   59.38,   48.27,   57.64,   62.57,   51.19
02/11/2013 06:57:00,   55.10,   60.32,   48.85,   56.98,   61.62,   51.81
02/11/2013 07:02:00,   53.25,   57.00,   49.40,   55.75,   59.09,   52.11
02/11/2013 07:07:00,   54.90,   59.34,   48.91,   58.01,   62.39,   52.54
02/11/2013 07:12:00,   58.15,   61.34,   53.80,   62.76,   66.28,   56.19
02/11/2013 07:17:00,   56.98,   60.22,   51.98,   61.71,   65.52,   54.32
02/11/2013 07:22:00,   59.96,   63.54,   54.02,   65.53,   71.06,   56.91
02/11/2013 07:27:00,   58.70,   62.72,   52.67,   62.84,   67.03,   55.24
02/11/2013 07:32:00,   61.01,   64.61,   55.39,   65.94,   70.20,   57.36
02/11/2013 07:37:00,   59.06,   61.77,   54.68,   63.50,   67.95,   57.03
02/11/2013 07:42:00,   60.32,   63.10,   55.19,   65.46,   71.60,   57.75
02/11/2013 07:47:00,   59.27,   61.72,   55.48,   63.26,   67.44,   57.61
02/11/2013 07:52:00,   59.68,   63.66,   54.12,   63.47,   67.94,   56.90
02/11/2013 07:57:00,   60.52,   64.55,   55.00,   66.08,   71.54,   58.70
02/11/2013 08:02:00,   61.65,   65.36,   56.15,   67.11,   73.57,   58.37
02/11/2013 08:07:00,   58.69,   62.27,   51.61,   62.48,   66.63,   55.35
02/11/2013 08:12:00,   57.81,   60.84,   53.56,   62.62,   67.22,   56.34
02/11/2013 08:17:00,   59.41,   63.06,   53.88,   64.39,   68.57,   56.65
02/11/2013 08:22:00,   58.01,   61.09,   53.55,   62.97,   67.09,   56.61
02/11/2013 08:27:00,   59.16,   62.61,   53.06,   64.36,   69.71,   55.78
02/11/2013 08:32:00,   58.34,   62.38,   53.68,   62.51,   67.08,   56.31
02/11/2013 08:37:00,   57.30,   61.05,   51.55,   59.67,   63.16,   54.49
02/11/2013 08:42:00,   57.32,   60.40,   53.05,   60.52,   64.26,   55.85
02/11/2013 08:47:00,   57.24,   60.98,   52.51,   61.13,   64.84,   55.38
02/11/2013 08:52:00,   57.77,   60.75,   51.86,   61.01,   64.22,   55.18
02/11/2013 08:57:00,   59.06,   62.83,   52.15,   62.84,   66.17,   55.04
02/11/2013 09:02:00,   57.23,   60.99,   51.94,   59.72,   62.83,   54.53
02/11/2013 09:07:00,   58.09,   61.92,   52.78,   60.77,   64.42,   55.45
02/11/2013 09:12:00,   56.91,   59.87,   52.47,   61.12,   64.90,   54.77
02/11/2013 09:17:00,   58.46,   61.53,   54.26,   60.88,   63.91,   56.77
02/11/2013 09:22:00,   58.19,   61.50,   53.31,   61.00,   63.93,   56.20
02/11/2013 09:27:00,   58.97,   61.89,   53.55,   61.78,   64.62,   56.58
02/11/2013 09:32:00,   59.90,   62.63,   55.05,   64.16,   69.03,   57.58
02/11/2013 09:37:00,   58.68,   61.49,   54.76,   61.89,   64.82,   58.13
02/11/2013 09:42:00,   60.11,   63.07,   55.69,   62.83,   65.18,   58.61
02/11/2013 09:47:00,   60.50,   63.36,   56.39,   65.20,   69.03,   59.04
02/11/2013 09:52:00,   60.41,   63.04,   56.11,   64.07,   67.74,   58.72
02/11/2013 09:57:00,   59.69,   63.13,   54.98,   65.53,   71.12,   58.00
02/11/2013 10:02:00,   61.45,   63.63,   58.21,   66.87,   70.91,   61.38
02/11/2013 10:07:00,   61.13,   63.73,   57.42,   66.20,   69.28,   59.75
02/11/2013 10:12:00,   58.82,   61.02,   55.23,   62.57,   65.48,   58.80
02/11/2013 10:17:00,   59.48,   62.07,   54.84,   63.76,   66.50,   57.96
02/11/2013 10:22:00,   59.13,   61.41,   55.23,   62.37,   64.88,   58.66
02/11/2013 10:27:00,   60.42,   63.49,   56.26,   64.82,   68.77,   58.78
02/11/2013 10:32:00,   60.01,   62.65,   55.52,   65.11,   67.07,   58.09
02/11/2013 10:37:00,   59.08,   61.46,   55.51,   63.30,   66.57,   58.65
02/11/2013 10:42:00,   58.84,   61.75,   54.62,   62.88,   66.57,   57.20
02/11/2013 10:47:00,   59.56,   61.97,   54.65,   64.85,   69.38,   57.44
02/11/2013 10:52:00,   59.11,   61.86,   54.20,   62.57,   65.49,   57.07
02/11/2013 10:57:00,   58.76,   61.17,   55.02,   62.15,   64.47,   58.88
02/11/2013 11:02:00,   57.83,   60.70,   53.80,   60.34,   62.68,   56.40
02/11/2013 11:07:00,   61.97,   65.70,   54.94,   64.31,   68.71,   57.74
02/11/2013 11:12:00,   62.32,   64.51,   58.66,   64.82,   67.82,   60.04
02/11/2013 11:17:00,   61.41,   64.64,   55.79,   62.79,   65.89,   57.76
02/11/2013 11:22:00,   60.80,   64.08,   57.07,   62.98,   65.83,   59.39
02/11/2013 11:27:00,   61.08,   63.46,   57.04,   63.83,   66.17,   59.88
02/11/2013 11:32:00,   63.01,   65.35,   58.74,   66.22,   69.58,   61.41
02/11/2013 11:37:00,   61.74,   64.31,   57.37,   64.78,   66.98,   60.33
02/11/2013 11:42:00,   61.64,   64.11,   58.23,   66.18,   68.74,   61.67
02/11/2013 11:47:00,   63.30,   66.09,   59.87,   67.09,   70.67,   62.62
02/11/2013 11:52:00,   61.31,   63.80,   57.20,   64.42,   66.94,   60.34
02/11/2013 11:57:00,   64.01,   66.20,   59.67,   68.41,   71.48,   62.19
02/11/2013 12:02:00,   62.77,   64.52,   59.13,   66.25,   68.34,   61.75
02/11/2013 12:07:00,   61.54,   63.95,   57.39,   65.42,   68.37,   60.64
02/11/2013 12:12:00,   61.09,   63.32,   58.02,   65.18,   68.95,   60.67
02/11/2013 12:17:00,   60.36,   62.55,   57.09,   63.62,   65.91,   60.44
02/11/2013 12:22:00,   60.32,   62.60,   56.47,   64.19,   67.78,   59.45
02/11/2013 12:27:00,   60.08,   62.22,   55.98,   63.53,   65.41,   59.05
02/11/2013 12:32:00,   60.36,   62.75,   56.51,   64.24,   66.82,   59.87
02/11/2013 12:37:00,   60.44,   63.11,   55.82,   63.65,   66.39,   58.82
02/11/2013 12:42:00,   59.81,   61.67,   57.06,   62.20,   63.83,   59.87
02/11/2013 12:47:00,   62.04,   64.86,   57.20,   65.49,   68.67,   59.80
02/11/2013 12:52:00,   59.84,   61.97,   56.39,   63.72,   65.94,   59.85
02/11/2013 12:57:00,   62.71,   65.40,   58.50,   67.30,   70.56,   61.74
02/11/2013 13:02:00,   60.49,   62.55,   57.37,   63.17,   65.20,   59.56
02/11/2013 13:07:00,   60.55,   62.46,   57.19,   63.99,   67.22,   60.17
02/11/2013 13:12:00,   61.88,   64.29,   57.06,   66.03,   69.12,   60.54
02/11/2013 13:17:00,   61.22,   63.72,   57.53,   64.49,   66.72,   60.06
02/11/2013 13:22:00,   61.18,   63.79,   57.18,   64.79,   67.47,   60.62
02/11/2013 13:27:00,   60.75,   62.63,   56.80,   64.06,   66.68,   60.41
02/11/2013 13:32:00,   61.03,   62.97,   57.83,   64.48,   66.62,   61.54
02/11/2013 13:37:00,   60.65,   62.79,   57.75,   65.39,   69.75,   60.68
02/11/2013 13:42:00,   60.60,   62.85,   56.92,   63.90,   66.32,   59.98
02/11/2013 13:47:00,   60.73,   63.40,   56.51,   63.98,   66.39,   59.02
02/11/2013 13:52:00,   61.81,   63.68,   58.76,   65.48,   67.43,   61.73
02/11/2013 13:57:00,   59.72,   61.85,   56.65,   62.68,   64.41,   59.68
02/11/2013 14:02:00,   61.55,   64.11,   58.14,   65.82,   68.84,   60.76
02/11/2013 14:07:00,   59.58,   62.00,   56.30,   63.11,   65.12,   59.79
02/11/2013 14:12:00,   60.74,   62.78,   57.32,   64.66,   67.35,   60.44
02/11/2013 14:17:00,   59.88,   62.00,   55.97,   62.77,   64.71,   59.07
02/11/2013 14:22:00,   59.92,   62.30,   56.63,   62.77,   65.53,   59.49
02/11/2013 14:27:00,   60.56,   62.63,   55.70,   63.12,   65.44,   59.41
02/11/2013 14:32:00,   60.62,   62.83,   56.62,   62.92,   64.59,   59.66
02/11/2013 14:37:00,   61.55,   63.47,   58.47,   63.79,   65.44,   61.09
02/11/2013 14:42:00,   61.53,   63.76,   57.99,   64.19,   66.12,   60.90
02/11/2013 14:47:00,   62.00,   63.59,   58.95,   64.48,   66.05,   61.36
02/11/2013 14:52:00,   62.01,   63.88,   58.44,   66.00,   68.35,   60.83
02/11/2013 14:57:00,   61.97,   63.95,   57.97,   64.97,   67.14,   60.73
02/11/2013 15:02:00,   61.75,   64.07,   58.61,   65.06,   66.93,   60.93
02/11/2013 15:07:00,   61.27,   63.30,   57.82,   64.55,   66.93,   59.87
02/11/2013 15:12:00,   62.64,   64.65,   59.87,   65.01,   67.30,   61.60
02/11/2013 15:17:00,   63.94,   66.03,   60.35,   65.85,   67.87,   61.91
02/11/2013 15:22:00,   63.00,   65.22,   59.92,   66.63,   69.07,   62.58
02/11/2013 15:27:00,   62.55,   64.57,   59.09,   66.64,   68.02,   61.50
02/11/2013 15:32:00,   62.64,   65.02,   58.49,   66.27,   68.46,   60.76
02/11/2013 15:37:00,   61.69,   64.38,   56.57,   66.27,   68.67,   60.44
02/11/2013 15:42:00,   60.78,   63.28,   57.76,   63.60,   65.17,   60.20
02/11/2013 15:47:00,   62.25,   64.22,   59.24,   65.67,   68.06,   62.11
02/11/2013 15:52:00,   61.42,   63.39,   58.92,   64.76,   67.76,   61.27
02/11/2013 15:57:00,   61.58,   64.07,   57.78,   65.04,   66.92,   60.45
02/11/2013 16:02:00,   62.44,   64.82,   59.01,   66.52,   70.21,   61.80
02/11/2013 16:07:00,   63.17,   65.81,   58.85,   66.98,   71.89,   61.25
02/11/2013 16:12:00,   62.22,   64.06,   59.39,   66.10,   69.49,   61.74
02/11/2013 16:17:00,   61.85,   64.02,   58.85,   65.70,   69.10,   61.42
02/11/2013 16:22:00,   62.19,   64.90,   58.82,   65.34,   67.69,   61.44
02/11/2013 16:27:00,   62.14,   64.45,   58.67,   65.80,   68.41,   61.38
02/11/2013 16:32:00,   63.58,   66.50,   59.60,   68.26,   72.26,   61.98
02/11/2013 16:37:00,   63.95,   66.57,   60.36,   69.87,   74.63,   63.19
02/11/2013 16:42:00,   61.59,   63.56,   58.72,   65.51,   68.17,   61.54
02/11/2013 16:47:00,   64.84,   68.47,   59.93,   70.38,   76.69,   62.85
02/11/2013 16:52:00,   63.81,   66.45,   59.36,   69.21,   73.80,   62.11
02/11/2013 16:57:00,   61.37,   63.90,   58.01,   64.39,   67.18,   60.65
02/11/2013 17:02:00,   61.27,   63.12,   58.58,   64.53,   66.82,   61.13
02/11/2013 17:07:00,   61.65,   63.60,   58.47,   65.04,   67.79,   61.28
02/11/2013 17:12:00,   63.69,   65.59,   60.02,   68.37,   70.89,   63.22
02/11/2013 17:17:00,   64.14,   67.42,   58.51,   69.35,   73.00,   61.75
02/11/2013 17:22:00,   63.65,   66.58,   59.26,   68.94,   73.88,   61.60
02/11/2013 17:27:00,   62.28,   63.89,   58.93,   65.90,   68.88,   61.33
02/11/2013 17:32:00,   62.25,   64.35,   58.90,   65.92,   68.51,   61.36
02/11/2013 17:37:00,   63.00,   65.83,   58.52,   67.86,   73.26,   61.79
02/11/2013 17:42:00,   62.99,   64.65,   58.81,   67.16,   70.94,   61.27
02/11/2013 17:47:00,   62.62,   65.52,   58.19,   67.42,   71.69,   60.50
02/11/2013 17:52:00,   65.15,   66.42,   58.40,   67.58,   70.99,   61.16
02/11/2013 17:57:00,   61.36,   63.18,   58.18,   64.97,   67.49,   60.37
02/11/2013 18:02:00,   61.09,   63.61,   56.69,   65.18,   68.66,   59.62
02/11/2013 18:07:00,   61.79,   63.63,   57.14,   66.34,   68.52,   60.15
02/11/2013 18:12:00,   61.53,   64.17,   58.01,   65.71,   68.65,   61.38
02/11/2013 18:17:00,   66.09,   64.03,   57.17,   67.67,   70.15,   60.00
02/11/2013 18:22:00,   62.35,   64.26,   58.88,   66.31,   69.11,   61.66
02/11/2013 18:27:00,   61.70,   64.01,   57.70,   65.08,   67.03,   60.33
02/11/2013 18:32:00,   63.71,   67.31,   58.73,   68.90,   73.40,   61.19
02/11/2013 18:37:00,   60.56,   62.24,   57.68,   63.94,   66.10,   60.18
02/11/2013 18:42:00,   62.03,   63.92,   58.50,   66.28,   68.83,   60.76
02/11/2013 18:47:00,   61.85,   64.42,   58.12,   66.14,   70.99,   60.52
02/11/2013 18:52:00,   62.45,   64.77,   57.85,   66.34,   69.49,   60.21
02/11/2013 18:57:00,   61.21,   63.55,   56.89,   65.39,   67.82,   59.40
02/11/2013 19:02:00,   63.03,   65.26,   59.04,   67.74,   71.97,   61.60
02/11/2013 19:07:00,   64.74,   68.05,   59.65,   69.95,   74.87,   62.47
02/11/2013 19:12:00,   62.77,   65.70,   59.08,   67.44,   71.16,   62.14
02/11/2013 19:17:00,   63.97,   67.62,   57.98,   69.02,   74.40,   60.31
02/11/2013 19:22:00,   61.45,   63.55,   57.31,   65.61,   67.71,   60.00
02/11/2013 19:27:00,   62.57,   65.64,   58.08,   67.54,   72.36,   60.66
02/11/2013 19:32:00,   62.20,   64.63,   58.87,   67.00,   70.30,   61.24
02/11/2013 19:37:00,   61.15,   63.96,   57.57,   64.95,   68.49,   60.06
02/11/2013 19:42:00,   62.04,   63.59,   58.49,   67.09,   70.82,   61.92
02/11/2013 19:47:00,   61.06,   63.23,   57.49,   64.61,   67.17,   60.56
02/11/2013 19:52:00,   61.26,   63.63,   57.73,   65.23,   68.35,   60.37
02/11/2013 19:57:00,   61.54,   63.28,   57.94,   65.91,   68.48,   60.23
02/11/2013 20:02:00,   60.70,   63.08,   57.41,   64.45,   66.67,   60.27
02/11/2013 20:07:00,   60.69,   63.18,   57.12,   64.33,   66.96,   60.03
02/11/2013 20:12:00,   60.91,   62.97,   58.19,   64.67,   67.33,   60.61
02/11/2013 20:17:00,   59.68,   62.17,   55.49,   62.67,   64.97,   57.60
02/11/2013 20:22:00,   60.35,   63.16,   57.00,   63.94,   66.37,   59.63
02/11/2013 20:27:00,   59.91,   62.05,   57.11,   62.68,   64.40,   59.63
02/11/2013 20:32:00,   60.21,   62.88,   55.61,   63.91,   66.18,   58.14
02/11/2013 20:37:00,   59.56,   61.70,   55.57,   62.50,   64.27,   59.31
02/11/2013 20:42:00,   59.24,   61.46,   55.96,   61.71,   64.02,   58.41
02/11/2013 20:47:00,   61.44,   63.84,   57.22,   65.61,   67.67,   59.68
02/11/2013 20:52:00,   60.02,   62.12,   56.17,   63.63,   65.49,   58.27
02/11/2013 20:57:00,   60.70,   63.33,   55.80,   65.00,   69.54,   58.59
02/11/2013 21:02:00,   62.91,   63.72,   56.62,   65.38,   69.16,   59.08
02/11/2013 21:07:00,   59.03,   61.50,   54.74,   62.66,   64.89,   57.00
02/11/2013 21:12:00,   58.48,   61.29,   54.34,   60.76,   63.35,   56.98
02/11/2013 21:17:00,   59.42,   61.61,   56.10,   62.21,   64.46,   58.18
02/11/2013 21:22:00,   59.22,   61.85,   55.68,   62.13,   64.26,   58.50
02/11/2013 21:27:00,   58.68,   61.71,   54.25,   61.69,   64.75,   56.72
02/11/2013 21:32:00,   58.63,   60.61,   55.21,   61.60,   63.74,   58.10
02/11/2013 21:37:00,   57.89,   60.44,   54.04,   60.90,   63.45,   56.97
02/11/2013 21:42:00,   58.35,   61.09,   54.63,   60.93,   63.89,   56.74
02/11/2013 21:47:00,   58.18,   61.61,   53.51,   60.32,   63.32,   55.94
02/11/2013 21:52:00,   58.70,   61.45,   55.03,   61.68,   64.65,   58.14
02/11/2013 21:57:00,   57.58,   60.67,   53.20,   60.28,   62.77,   55.96
02/11/2013 22:02:00,   56.05,   59.46,   50.38,   59.07,   62.18,   53.87
02/11/2013 22:07:00,   56.88,   60.52,   51.71,   59.75,   63.39,   54.60
02/11/2013 22:12:00,   57.24,   60.52,   53.39,   60.38,   62.92,   56.29
02/11/2013 22:17:00,   57.75,   60.67,   52.78,   60.63,   63.47,   55.55
02/11/2013 22:22:00,   58.66,   61.11,   53.36,   61.14,   63.65,   56.73
02/11/2013 22:27:00,   57.28,   60.29,   52.35,   60.24,   62.85,   55.34
02/11/2013 22:32:00,   57.73,   60.27,   54.26,   60.79,   63.46,   56.62
02/11/2013 22:37:00,   58.64,   61.78,   54.05,   61.14,   64.13,   55.94
02/11/2013 22:42:00,   57.89,   60.44,   53.36,   61.01,   64.50,   55.64
02/11/2013 22:47:00,   57.46,   60.62,   53.01,   60.15,   63.13,   55.31
02/11/2013 22:52:00,   57.33,   60.64,   52.97,   59.85,   62.77,   55.15
02/11/2013 22:57:00,   57.47,   60.88,   52.86,   60.46,   64.04,   55.16
02/11/2013 23:02:00,   57.62,   60.77,   53.39,   60.57,   63.88,   55.92
02/11/2013 23:07:00,   56.87,   60.22,   52.61,   59.38,   62.35,   54.79
02/11/2013 23:12:00,   56.59,   60.27,   51.61,   59.50,   63.68,   54.06
02/11/2013 23:17:00,   57.02,   61.08,   50.51,   59.45,   63.86,   52.97
02/11/2013 23:22:00,   55.46,   59.07,   50.32,   58.45,   61.87,   52.87
02/11/2013 23:27:00,   55.19,   58.65,   51.00,   57.66,   60.90,   53.83
02/11/2013 23:32:00,   56.28,   59.46,   51.68,   58.88,   62.10,   54.35
02/11/2013 23:37:00,   57.16,   60.92,   50.82,   60.09,   63.68,   53.44
02/11/2013 23:42:00,   58.10,   61.99,   52.33,   61.13,   65.35,   54.77
02/11/2013 23:47:00,   56.17,   60.23,   50.76,   59.46,   63.23,   53.20
02/11/2013 23:52:00,   57.26,   60.68,   51.83,   61.25,   65.26,   54.07
02/11/2013 23:57:00,   56.98,   60.51,   51.90,   60.07,   63.55,   54.22

