# noise_analysis run from DCC-NOISE-001003 at Wed Feb 20 00:00:00 2013
# Monitoring unit located at 53.342609N 6.340721W
# logfile   = /home/root/noise_analysis.log
# cfg_dir   = /home/root/config
# outputdir = /home/root/noise
# Sensitivity = -26.271103
# Gain = 1.000000
# Time should be in local format (i.e. daylight savings time)
# dd/mm/yyyy hh:mm:ss, A Leq,   A L10,   A L95,   C Leq,   C L10,   C L95
20/02/2013 00:05:00,   52.17,   58.07,   43.83,   54.38,   59.48,   47.42
20/02/2013 00:10:00,   53.05,   58.89,   42.55,   54.47,   59.63,   46.21
20/02/2013 00:15:00,   50.38,   56.55,   40.84,   53.03,   58.57,   44.89
20/02/2013 00:20:00,   52.17,   57.75,   42.98,   54.30,   59.48,   46.69
20/02/2013 00:25:00,   51.91,   58.31,   41.94,   53.56,   59.49,   46.21
20/02/2013 00:30:00,   49.67,   56.97,   40.66,   51.75,   58.28,   44.78
20/02/2013 00:35:00,   49.70,   56.42,   41.66,   51.88,   57.53,   45.49
20/02/2013 00:40:00,   53.21,   58.11,   44.00,   54.97,   59.49,   47.18
20/02/2013 00:45:00,   52.08,   57.96,   41.57,   53.95,   59.33,   45.34
20/02/2013 00:50:00,   50.84,   56.24,   40.51,   53.10,   58.13,   44.58
20/02/2013 00:55:00,   50.60,   58.05,   40.23,   52.49,   59.23,   44.82
20/02/2013 01:00:00,   51.76,   59.38,   42.25,   53.23,   59.99,   46.21
20/02/2013 01:05:00,   50.07,   56.16,   40.67,   52.18,   57.31,   45.61
20/02/2013 01:10:00,   50.35,   57.34,   40.95,   52.41,   58.46,   45.28
20/02/2013 01:15:00,   48.53,   55.01,   40.81,   50.99,   56.31,   45.20
20/02/2013 01:20:00,   50.40,   57.13,   42.15,   52.85,   58.65,   46.09
20/02/2013 01:25:00,   50.06,   57.60,   40.44,   51.82,   58.19,   45.28
20/02/2013 01:30:00,   48.32,   54.40,   42.20,   51.06,   56.09,   46.18
20/02/2013 01:35:00,   50.41,   56.49,   42.14,   53.18,   59.04,   46.05
20/02/2013 01:40:00,   47.99,   55.07,   40.97,   50.34,   56.22,   45.30
20/02/2013 01:45:00,   49.05,   56.16,   40.59,   51.23,   57.32,   44.66
20/02/2013 01:50:00,   50.67,   57.19,   42.28,   53.25,   58.79,   45.88
20/02/2013 01:55:00,   48.59,   55.67,   41.65,   50.87,   56.71,   45.96
20/02/2013 02:00:00,   48.12,   54.06,   42.87,   50.67,   55.40,   46.81
20/02/2013 02:05:00,   48.80,   55.83,   41.83,   51.20,   57.43,   46.28
20/02/2013 02:10:00,   46.42,   49.29,   42.19,   49.70,   51.78,   46.41
20/02/2013 02:15:00,   46.81,   51.23,   42.26,   50.30,   53.86,   46.26
20/02/2013 02:20:00,   47.96,   53.39,   41.71,   50.86,   55.02,   45.74
20/02/2013 02:25:00,   46.66,   53.44,   40.85,   49.61,   55.13,   45.13
20/02/2013 02:30:00,   44.15,   48.21,   39.80,   47.33,   49.91,   44.20
20/02/2013 02:35:00,   45.53,   49.41,   39.27,   48.28,   51.94,   43.85
20/02/2013 02:40:00,   45.27,   51.60,   40.15,   48.74,   53.04,   45.07
20/02/2013 02:45:00,   45.96,   51.23,   39.81,   48.84,   53.28,   44.35
20/02/2013 02:50:00,   46.02,   50.13,   39.93,   48.74,   52.35,   44.56
20/02/2013 02:55:00,   44.85,   47.92,   39.47,   48.22,   51.44,   44.50
20/02/2013 03:00:00,   49.31,   57.04,   39.67,   51.44,   57.97,   44.79
20/02/2013 03:05:00,   47.24,   54.29,   39.81,   50.29,   55.75,   45.43
20/02/2013 03:10:00,   42.68,   44.36,   39.30,   47.41,   48.84,   45.04
20/02/2013 03:15:00,   46.49,   52.90,   40.54,   50.22,   55.79,   45.71
20/02/2013 03:20:00,   46.60,   50.39,   41.70,   49.86,   53.31,   46.18
20/02/2013 03:25:00,   44.50,   48.90,   41.04,   47.77,   51.22,   44.71
20/02/2013 03:30:00,   46.28,   52.27,   40.28,   49.54,   55.28,   44.77
20/02/2013 03:35:00,   44.79,   46.20,   40.96,   48.40,   49.51,   45.50
20/02/2013 03:40:00,   47.74,   54.43,   41.57,   50.72,   55.83,   46.22
20/02/2013 03:45:00,   46.33,   51.39,   40.23,   50.16,   55.03,   44.66
20/02/2013 03:50:00,   47.38,   54.52,   40.37,   49.87,   56.55,   44.12
20/02/2013 03:55:00,   48.00,   55.47,   40.32,   50.01,   56.96,   43.96
20/02/2013 04:00:00,   46.53,   53.05,   40.71,   49.12,   54.69,   44.92
20/02/2013 04:05:00,   47.91,   55.70,   40.53,   50.71,   57.56,   45.11
20/02/2013 04:10:00,   45.56,   49.72,   39.73,   48.21,   50.98,   44.35
20/02/2013 04:15:00,   45.08,   49.67,   40.76,   48.34,   52.34,   44.72
20/02/2013 04:20:00,   41.82,   43.09,   39.76,   45.42,   46.63,   43.62
20/02/2013 04:25:00,   48.17,   55.32,   39.98,   51.07,   57.81,   44.00
20/02/2013 04:30:00,   48.79,   56.40,   40.63,   55.13,   62.46,   44.45
20/02/2013 04:35:00,   49.03,   54.24,   41.79,   55.25,   61.58,   45.91
20/02/2013 04:40:00,   47.91,   53.37,   42.51,   50.91,   55.12,   46.74
20/02/2013 04:45:00,   47.30,   52.91,   43.03,   50.94,   55.29,   46.90
20/02/2013 04:50:00,   48.56,   55.40,   41.79,   51.28,   57.10,   46.37
20/02/2013 04:55:00,   46.25,   49.35,   41.79,   49.42,   52.59,   45.88
20/02/2013 05:00:00,   46.74,   50.93,   41.35,   49.72,   53.95,   45.52
20/02/2013 05:05:00,   47.49,   52.74,   42.31,   50.54,   54.62,   46.83
20/02/2013 05:10:00,   46.60,   50.85,   41.92,   49.78,   53.24,   45.96
20/02/2013 05:15:00,   47.13,   54.00,   41.50,   49.84,   55.45,   45.23
20/02/2013 05:20:00,   48.58,   54.84,   40.52,   51.63,   58.02,   44.44
20/02/2013 05:25:00,   49.84,   55.61,   44.01,   54.04,   58.62,   47.59
20/02/2013 05:30:00,   49.42,   54.18,   43.83,   52.97,   57.07,   47.99
20/02/2013 05:35:00,   50.97,   58.66,   43.01,   53.96,   60.41,   47.39
20/02/2013 05:40:00,   52.88,   58.23,   46.02,   56.18,   61.19,   49.39
20/02/2013 05:45:00,   49.52,   53.93,   43.77,   52.50,   56.78,   47.35
20/02/2013 05:50:00,   51.65,   58.46,   43.82,   54.74,   60.44,   48.17
20/02/2013 05:55:00,   50.69,   55.54,   44.75,   53.45,   57.31,   48.45
20/02/2013 06:00:00,   52.86,   57.97,   44.80,   55.57,   60.13,   48.86
20/02/2013 06:05:00,   53.01,   58.45,   44.70,   55.53,   60.60,   49.05
20/02/2013 06:10:00,   51.23,   57.12,   45.12,   54.54,   59.64,   49.62
20/02/2013 06:15:00,   52.07,   56.58,   45.79,   55.09,   59.39,   49.61
20/02/2013 06:20:00,   50.70,   56.11,   45.92,   53.53,   57.99,   49.66
20/02/2013 06:25:00,   52.11,   57.47,   45.53,   56.26,   60.80,   49.66
20/02/2013 06:30:00,   54.33,   59.11,   48.12,   57.22,   61.42,   51.03
20/02/2013 06:35:00,   53.47,   58.25,   46.01,   57.89,   62.82,   50.20
20/02/2013 06:40:00,   52.43,   56.35,   46.79,   55.64,   59.61,   50.66
20/02/2013 06:45:00,   54.51,   58.17,   49.31,   57.68,   61.05,   52.97
20/02/2013 06:50:00,   54.28,   58.94,   49.56,   57.43,   61.41,   53.15
20/02/2013 06:55:00,   55.50,   59.32,   49.82,   58.21,   61.93,   52.84
20/02/2013 07:00:00,   55.31,   57.93,   50.97,   57.81,   60.28,   53.79
20/02/2013 07:05:00,   57.14,   60.77,   51.60,   61.14,   64.68,   55.73
20/02/2013 07:10:00,   56.82,   60.36,   50.93,   59.32,   62.34,   53.87
20/02/2013 07:15:00,   58.30,   61.09,   52.63,   60.81,   63.72,   55.48
20/02/2013 07:20:00,   56.81,   60.26,   51.90,   59.96,   63.44,   55.13
20/02/2013 07:25:00,   56.92,   61.22,   51.75,   60.20,   64.48,   55.45
20/02/2013 07:30:00,   57.96,   61.90,   52.10,   61.68,   65.39,   55.92
20/02/2013 07:35:00,   58.24,   61.42,   53.32,   61.37,   64.40,   56.45
20/02/2013 07:40:00,   57.74,   61.76,   52.09,   61.69,   64.60,   55.97
20/02/2013 07:45:00,   60.23,   62.83,   53.31,   64.03,   66.29,   57.35
20/02/2013 07:50:00,   59.05,   62.82,   53.71,   61.98,   65.30,   57.43
20/02/2013 07:55:00,   59.57,   62.87,   54.93,   62.28,   65.34,   57.83
20/02/2013 08:00:00,   58.51,   62.31,   53.62,   61.85,   65.25,   57.23
20/02/2013 08:05:00,   58.03,   61.72,   53.86,   61.28,   64.51,   56.78
20/02/2013 08:10:00,   60.02,   63.07,   53.58,   63.11,   65.86,   57.95
20/02/2013 08:15:00,   57.77,   61.57,   52.32,   60.80,   63.56,   56.36
20/02/2013 08:20:00,   57.95,   61.88,   53.39,   62.14,   65.64,   57.77
20/02/2013 08:25:00,   58.37,   61.18,   52.22,   62.68,   65.83,   57.63
20/02/2013 08:30:00,   58.78,   61.62,   54.11,   63.29,   66.98,   57.81
20/02/2013 08:35:00,   58.16,   61.86,   52.36,   62.19,   65.41,   56.86
20/02/2013 08:40:00,   57.05,   60.00,   52.75,   62.10,   64.96,   57.42
20/02/2013 08:45:00,   59.24,   62.38,   54.54,   63.47,   66.24,   59.96
20/02/2013 08:50:00,   57.75,   61.24,   53.58,   61.68,   64.10,   58.40
20/02/2013 08:55:00,   59.10,   62.21,   54.40,   63.16,   66.48,   59.06
20/02/2013 09:00:00,   58.30,   60.92,   53.67,   62.58,   65.25,   58.53
20/02/2013 09:05:00,   58.39,   61.52,   53.59,   62.81,   65.42,   59.03
20/02/2013 09:10:00,   58.89,   61.90,   52.99,   61.95,   65.23,   57.61
20/02/2013 09:15:00,   59.92,   62.77,   54.94,   63.89,   67.40,   59.26
20/02/2013 09:20:00,   59.66,   62.97,   53.35,   62.76,   65.43,   58.38
20/02/2013 09:25:00,   59.04,   61.72,   54.63,   62.39,   64.84,   58.92
20/02/2013 09:30:00,   58.86,   62.17,   53.76,   61.35,   64.13,   57.26
20/02/2013 09:35:00,   58.07,   61.64,   51.97,   61.71,   65.07,   55.89
20/02/2013 09:40:00,   57.86,   60.88,   52.85,   61.76,   64.12,   56.97
20/02/2013 09:45:00,   57.45,   60.57,   52.17,   62.41,   65.31,   56.73
20/02/2013 09:50:00,   59.58,   63.32,   53.53,   62.66,   65.78,   57.65
20/02/2013 09:55:00,   58.48,   61.67,   52.65,   61.77,   64.18,   57.39
20/02/2013 10:00:00,   57.95,   61.43,   52.28,   62.46,   65.65,   57.21
20/02/2013 10:05:00,   58.63,   62.45,   51.86,   63.02,   65.46,   57.28
20/02/2013 10:10:00,   58.41,   61.64,   52.83,   61.83,   64.78,   57.15
20/02/2013 10:15:00,   57.04,   60.24,   51.94,   60.75,   63.36,   55.74
20/02/2013 10:20:00,   57.39,   60.65,   52.38,   61.76,   64.34,   57.56
20/02/2013 10:25:00,   56.28,   60.24,   51.66,   60.02,   63.11,   56.65
20/02/2013 10:30:00,   57.12,   60.15,   52.94,   61.84,   64.17,   58.15
20/02/2013 10:35:00,   57.80,   60.74,   51.70,   61.77,   64.19,   57.02
20/02/2013 10:40:00,   60.33,   63.83,   53.97,   65.63,   70.35,   59.62
20/02/2013 10:45:00,   58.06,   61.24,   53.60,   63.78,   68.66,   57.93
20/02/2013 10:50:00,   56.72,   60.02,   52.19,   62.54,   66.04,   57.61
20/02/2013 10:55:00,   58.47,   61.15,   52.79,   63.53,   66.72,   58.07
20/02/2013 11:00:00,   58.35,   62.08,   52.66,   63.54,   66.82,   57.90
20/02/2013 11:05:00,   59.37,   61.80,   53.38,   63.54,   66.95,   57.44
20/02/2013 11:10:00,   58.60,   61.93,   52.43,   64.27,   67.50,   57.39
20/02/2013 11:15:00,   58.37,   61.10,   53.54,   63.20,   66.40,   57.93
20/02/2013 11:20:00,   58.66,   61.42,   53.79,   65.70,   69.65,   59.51
20/02/2013 11:25:00,   57.57,   60.57,   52.46,   63.30,   67.72,   57.78
20/02/2013 11:30:00,   57.55,   60.19,   53.63,   63.46,   66.52,   58.68
20/02/2013 11:35:00,   61.93,   63.51,   52.16,   66.04,   69.37,   57.76
20/02/2013 11:40:00,   58.82,   61.70,   53.83,   63.46,   66.09,   58.92
20/02/2013 11:45:00,   60.70,   63.84,   54.47,   65.59,   71.08,   59.30
20/02/2013 11:50:00,   57.81,   61.47,   51.55,   61.23,   63.60,   56.38
20/02/2013 11:55:00,   59.24,   63.33,   51.77,   62.64,   65.55,   56.42
20/02/2013 12:00:00,   59.75,   62.56,   53.94,   63.87,   67.09,   57.68
20/02/2013 12:05:00,   58.42,   61.22,   53.31,   62.63,   64.95,   58.14
20/02/2013 12:10:00,   59.34,   62.04,   54.38,   63.63,   66.19,   59.78
20/02/2013 12:15:00,   58.02,   60.83,   51.93,   63.11,   65.69,   57.74
20/02/2013 12:20:00,   57.87,   61.28,   51.61,   62.54,   66.18,   58.02
20/02/2013 12:25:00,   58.32,   61.94,   53.27,   63.91,   67.42,   58.12
20/02/2013 12:30:00,   58.23,   60.95,   52.47,   62.81,   64.63,   58.33
20/02/2013 12:35:00,   57.61,   60.32,   53.09,   61.72,   64.26,   57.45
20/02/2013 12:40:00,   57.78,   60.91,   53.63,   63.25,   65.60,   59.14
20/02/2013 12:45:00,   57.75,   60.93,   52.88,   64.08,   67.42,   57.47
20/02/2013 12:50:00,   58.12,   61.44,   53.03,   63.66,   65.66,   58.40
20/02/2013 12:55:00,   57.64,   60.13,   53.19,   62.13,   65.36,   57.24
20/02/2013 13:00:00,   58.55,   61.13,   52.74,   63.54,   68.72,   57.29
20/02/2013 13:05:00,   58.41,   61.40,   54.03,   61.46,   64.31,   57.71
20/02/2013 13:10:00,   59.08,   61.86,   54.42,   62.66,   65.43,   57.63
20/02/2013 13:15:00,   58.61,   61.17,   55.12,   62.61,   66.16,   57.34
20/02/2013 13:20:00,   59.06,   61.89,   54.94,   62.22,   65.18,   58.62
20/02/2013 13:25:00,   58.65,   61.72,   54.75,   62.66,   64.77,   57.64
20/02/2013 13:30:00,   58.56,   61.53,   54.45,   62.29,   64.77,   58.08
20/02/2013 13:35:00,   58.15,   60.66,   54.58,   63.69,   67.70,   58.60
20/02/2013 13:40:00,   58.03,   61.29,   51.77,   61.96,   66.24,   55.23
20/02/2013 13:45:00,   57.76,   60.44,   52.70,   61.95,   64.68,   56.88
20/02/2013 13:50:00,   58.02,   60.62,   53.63,   62.44,   65.43,   57.56
20/02/2013 13:55:00,   57.14,   60.34,   52.12,   63.43,   67.26,   58.10
20/02/2013 14:00:00,   58.54,   61.16,   53.60,   62.10,   64.71,   58.30
20/02/2013 14:05:00,   58.08,   61.01,   53.38,   62.05,   65.02,   56.42
20/02/2013 14:10:00,   57.28,   59.47,   52.97,   62.46,   65.47,   57.71
20/02/2013 14:15:00,   57.69,   60.60,   53.14,   62.08,   64.88,   57.83
20/02/2013 14:20:00,   59.11,   62.21,   54.39,   63.25,   66.21,   58.46
20/02/2013 14:25:00,   59.94,   62.17,   56.42,   62.33,   65.02,   58.48
20/02/2013 14:30:00,   58.76,   61.86,   54.09,   62.72,   65.28,   58.00
20/02/2013 14:35:00,   58.80,   61.53,   54.59,   61.97,   64.66,   57.79
20/02/2013 14:40:00,   57.51,   59.88,   52.51,   62.91,   65.62,   58.75
20/02/2013 14:45:00,   58.58,   60.74,   55.29,   62.55,   64.93,   59.18
20/02/2013 14:50:00,   57.51,   60.05,   52.90,   62.49,   65.09,   58.40
20/02/2013 14:55:00,   58.47,   61.11,   54.21,   61.66,   64.39,   57.45
20/02/2013 15:00:00,   58.52,   61.28,   54.32,   63.36,   66.41,   58.43
20/02/2013 15:05:00,   57.05,   59.87,   51.42,   62.55,   66.04,   55.79
20/02/2013 15:10:00,   58.60,   61.18,   54.48,   62.64,   65.52,   58.73
20/02/2013 15:15:00,   59.27,   61.55,   55.44,   63.16,   65.75,   59.04
20/02/2013 15:20:00,   60.04,   62.49,   54.94,   63.31,   66.58,   57.67
20/02/2013 15:25:00,   60.35,   62.53,   55.62,   63.82,   66.14,   59.75
20/02/2013 15:30:00,   57.55,   60.82,   53.41,   61.83,   64.59,   57.71
20/02/2013 15:35:00,   58.08,   61.29,   52.02,   61.81,   64.39,   56.92
20/02/2013 15:40:00,   57.76,   61.00,   51.34,   61.54,   64.83,   55.67
20/02/2013 15:45:00,   57.60,   60.85,   52.68,   62.48,   65.03,   58.24
20/02/2013 15:50:00,   58.13,   60.90,   53.00,   61.96,   65.09,   56.96
20/02/2013 15:55:00,   58.99,   61.42,   54.21,   63.13,   65.41,   58.65
20/02/2013 16:00:00,   58.90,   61.45,   53.41,   63.39,   67.07,   56.67
20/02/2013 16:05:00,   58.22,   61.37,   52.61,   63.37,   67.33,   57.27
20/02/2013 16:10:00,   57.38,   60.43,   52.47,   62.95,   65.90,   57.63
20/02/2013 16:15:00,   58.00,   60.98,   50.93,   61.72,   64.48,   54.62
20/02/2013 16:20:00,   58.81,   61.83,   53.00,   62.73,   65.49,   58.12
20/02/2013 16:25:00,   58.68,   61.49,   52.96,   63.66,   66.54,   59.21
20/02/2013 16:30:00,   59.92,   62.68,   52.08,   64.29,   67.43,   57.69
20/02/2013 16:35:00,   58.91,   61.25,   54.24,   63.93,   67.19,   58.24
20/02/2013 16:40:00,   57.28,   60.05,   51.44,   62.11,   65.72,   55.40
20/02/2013 16:45:00,   57.55,   60.26,   52.63,   62.49,   65.36,   58.04
20/02/2013 16:50:00,   58.29,   61.47,   52.70,   63.43,   66.11,   58.49
20/02/2013 16:55:00,   59.44,   62.04,   53.80,   63.14,   66.32,   58.23
20/02/2013 17:00:00,   59.02,   62.22,   51.75,   63.61,   66.17,   57.39
20/02/2013 17:05:00,   57.42,   60.47,   52.50,   61.59,   64.12,   57.09
20/02/2013 17:10:00,   59.16,   61.75,   52.74,   63.51,   67.56,   57.19
20/02/2013 17:15:00,   59.82,   62.39,   53.15,   63.90,   68.16,   58.70
20/02/2013 17:20:00,   59.38,   62.08,   53.72,   64.17,   68.14,   58.64
20/02/2013 17:25:00,   58.53,   61.00,   53.66,   62.44,   65.22,   57.25
20/02/2013 17:30:00,   56.94,   60.09,   51.60,   61.20,   63.47,   55.70
20/02/2013 17:35:00,   58.41,   61.31,   52.29,   63.71,   66.85,   57.38
20/02/2013 17:40:00,   57.74,   60.81,   52.27,   62.72,   65.70,   56.77
20/02/2013 17:45:00,   57.80,   60.49,   52.89,   62.31,   64.71,   58.01
20/02/2013 17:50:00,   57.68,   61.27,   51.86,   62.87,   67.01,   56.69
20/02/2013 17:55:00,   57.48,   60.66,   52.34,   61.58,   64.40,   56.45
20/02/2013 18:00:00,   61.72,   63.92,   53.03,   64.57,   67.57,   58.84
20/02/2013 18:05:00,   57.79,   60.35,   52.10,   61.93,   64.45,   56.89
20/02/2013 18:10:00,   58.99,   62.09,   53.32,   63.41,   66.37,   58.96
20/02/2013 18:15:00,   57.38,   60.78,   51.91,   62.15,   65.58,   56.48
20/02/2013 18:20:00,   57.47,   60.34,   51.72,   61.90,   64.64,   56.68
20/02/2013 18:25:00,   57.25,   60.60,   52.21,   62.05,   64.66,   57.67
20/02/2013 18:30:00,   57.50,   60.42,   53.38,   62.59,   65.78,   57.46
20/02/2013 18:35:00,   57.08,   61.23,   50.63,   62.75,   67.45,   55.69
20/02/2013 18:40:00,   58.05,   61.30,   52.09,   61.17,   63.69,   56.43
20/02/2013 18:45:00,   56.76,   60.41,   52.01,   60.53,   63.09,   56.04
20/02/2013 18:50:00,   57.51,   60.75,   51.95,   61.29,   63.63,   57.11
20/02/2013 18:55:00,   57.94,   61.40,   51.88,   61.87,   64.43,   57.02
20/02/2013 19:00:00,   57.75,   60.69,   51.71,   61.36,   63.86,   56.30
20/02/2013 19:05:00,   58.08,   60.95,   53.53,   62.24,   64.78,   58.79
20/02/2013 19:10:00,   59.02,   61.84,   52.78,   62.65,   65.86,   57.09
20/02/2013 19:15:00,   56.95,   60.08,   51.36,   60.40,   62.83,   56.17
20/02/2013 19:20:00,   58.22,   61.42,   52.53,   61.51,   64.40,   57.04
20/02/2013 19:25:00,   57.42,   60.37,   51.31,   62.16,   64.07,   56.22
20/02/2013 19:30:00,   57.53,   60.54,   52.93,   62.08,   65.08,   57.19
20/02/2013 19:35:00,   57.07,   60.16,   52.54,   61.36,   64.02,   56.85
20/02/2013 19:40:00,   56.34,   60.20,   49.99,   60.80,   64.12,   55.09
20/02/2013 19:45:00,   56.70,   59.79,   51.77,   62.19,   66.83,   56.52
20/02/2013 19:50:00,   57.62,   60.84,   52.18,   61.73,   64.66,   56.14
20/02/2013 19:55:00,   58.61,   60.91,   51.35,   62.25,   64.54,   56.35
20/02/2013 20:00:00,   57.28,   60.36,   51.79,   62.71,   66.53,   57.27
20/02/2013 20:05:00,   57.78,   61.15,   50.55,   61.48,   64.92,   54.33
20/02/2013 20:10:00,   56.83,   60.05,   50.83,   60.07,   62.88,   55.63
20/02/2013 20:15:00,   57.35,   60.80,   50.83,   61.70,   65.04,   55.99
20/02/2013 20:20:00,   56.65,   60.11,   50.82,   60.83,   63.85,   55.17
20/02/2013 20:25:00,   55.80,   59.20,   50.63,   60.16,   63.62,   54.55
20/02/2013 20:30:00,   56.48,   60.01,   50.51,   60.49,   63.78,   54.43
20/02/2013 20:35:00,   56.59,   59.86,   49.72,   60.18,   63.30,   54.33
20/02/2013 20:40:00,   56.18,   60.45,   49.21,   59.86,   63.62,   53.54
20/02/2013 20:45:00,   56.98,   60.19,   52.07,   61.47,   65.43,   55.91
20/02/2013 20:50:00,   56.23,   59.22,   50.52,   59.93,   62.98,   54.12
20/02/2013 20:55:00,   56.14,   59.48,   50.55,   59.58,   62.46,   55.47
20/02/2013 21:00:00,   56.17,   59.66,   50.71,   60.01,   62.61,   54.98
20/02/2013 21:05:00,   56.84,   60.50,   51.37,   61.18,   64.08,   55.78
20/02/2013 21:10:00,   58.03,   61.05,   51.29,   62.56,   65.70,   55.15
20/02/2013 21:15:00,   57.26,   60.92,   50.65,   61.79,   65.22,   55.59
20/02/2013 21:20:00,   56.21,   59.49,   51.27,   61.22,   64.69,   56.40
20/02/2013 21:25:00,   61.70,   60.66,   49.29,   63.56,   62.45,   53.01
20/02/2013 21:30:00,   55.04,   59.06,   49.30,   59.78,   63.97,   53.50
20/02/2013 21:35:00,   56.21,   60.95,   49.58,   61.33,   66.03,   54.34
20/02/2013 21:40:00,   57.03,   60.24,   50.16,   63.13,   68.77,   54.47
20/02/2013 21:45:00,   55.82,   59.80,   47.83,   59.57,   63.28,   52.29
20/02/2013 21:50:00,   55.88,   59.90,   49.31,   59.48,   62.55,   53.41
20/02/2013 21:55:00,   56.48,   60.48,   49.88,   61.04,   65.44,   53.94
20/02/2013 22:00:00,   57.55,   60.77,   50.97,   62.54,   67.81,   55.42
20/02/2013 22:05:00,   55.57,   59.50,   50.35,   61.49,   65.07,   54.93
20/02/2013 22:10:00,   56.45,   60.70,   47.64,   62.41,   68.19,   52.54
20/02/2013 22:15:00,   55.71,   59.49,   48.02,   61.13,   66.33,   52.50
20/02/2013 22:20:00,   56.15,   60.52,   48.91,   59.39,   63.19,   52.58
20/02/2013 22:25:00,   55.10,   60.17,   46.89,   58.92,   62.51,   51.32
20/02/2013 22:30:00,   55.37,   59.62,   48.68,   59.25,   63.06,   52.91
20/02/2013 22:35:00,   54.81,   59.76,   46.85,   58.35,   62.41,   51.70
20/02/2013 22:40:00,   53.67,   58.34,   45.40,   57.08,   61.36,   49.84
20/02/2013 22:45:00,   52.95,   58.07,   45.05,   57.35,   62.29,   49.44
20/02/2013 22:50:00,   54.37,   59.64,   46.68,   58.67,   62.71,   51.64
20/02/2013 22:55:00,   52.84,   57.26,   45.91,   59.59,   63.88,   51.35
20/02/2013 23:00:00,   55.12,   59.38,   47.58,   60.89,   64.73,   52.66
20/02/2013 23:05:00,   53.14,   58.45,   44.82,   57.22,   62.31,   49.95
20/02/2013 23:10:00,   54.50,   59.80,   45.33,   58.96,   63.22,   50.25
20/02/2013 23:15:00,   53.16,   58.69,   46.14,   60.26,   65.41,   50.87
20/02/2013 23:20:00,   53.66,   57.77,   46.53,   57.89,   62.09,   50.29
20/02/2013 23:25:00,   54.05,   58.31,   46.72,   58.15,   62.47,   51.78
20/02/2013 23:30:00,   52.89,   58.15,   44.93,   56.30,   60.11,   49.56
20/02/2013 23:35:00,   54.35,   59.12,   44.11,   58.09,   62.52,   49.25
20/02/2013 23:40:00,   51.88,   57.07,   44.87,   57.73,   62.87,   49.59
20/02/2013 23:45:00,   52.23,   57.37,   45.38,   56.50,   61.32,   49.76
20/02/2013 23:50:00,   50.96,   55.32,   44.80,   54.56,   58.74,   49.31
20/02/2013 23:57:00,   54.53,   59.71,   44.87,   60.50,   67.24,   50.55

