# noise_analysis run from DCC-NOISE-001003 at Wed Aug  7 00:00:00 2013
# Monitoring unit located at 53.342609N 6.340721W
# logfile   = /home/root/noise_analysis.log
# cfg_dir   = /home/root/config
# outputdir = /home/root/noise
# Sensitivity = -26.271103
# Gain = 1.000000
# Time should be in local format (i.e. daylight savings time)
# dd/mm/yyyy hh:mm:ss, A Leq,   A L10,   A L95,   C Leq,   C L10,   C L95
07/08/2013 00:05:00,   50.06,   56.07,   41.08,   53.03,   57.93,   45.69
07/08/2013 00:10:00,   46.99,   53.77,   37.56,   50.50,   56.47,   42.73
07/08/2013 00:15:00,   47.02,   53.87,   37.70,   50.75,   56.50,   42.28
07/08/2013 00:20:00,   48.30,   55.26,   36.75,   50.70,   56.66,   41.21
07/08/2013 00:25:00,   44.73,   51.00,   36.17,   48.99,   53.84,   40.95
07/08/2013 00:30:00,   48.59,   55.94,   38.18,   51.72,   57.46,   43.45
07/08/2013 00:35:00,   47.44,   53.88,   36.16,   50.47,   57.46,   41.96
07/08/2013 00:40:00,   44.36,   49.80,   35.90,   48.08,   53.73,   41.00
07/08/2013 00:45:00,   46.73,   54.02,   35.88,   49.16,   55.17,   40.71
07/08/2013 00:50:00,   47.28,   54.33,   37.08,   50.06,   56.14,   41.55
07/08/2013 00:55:00,   44.11,   52.61,   34.79,   46.62,   53.73,   39.90
07/08/2013 01:00:00,   45.51,   53.55,   36.09,   48.49,   54.60,   41.38
07/08/2013 01:05:00,   44.82,   51.47,   35.01,   48.37,   54.59,   40.61
07/08/2013 01:10:00,   43.74,   50.44,   34.39,   46.92,   52.66,   39.54
07/08/2013 01:15:00,   45.59,   53.50,   34.72,   48.59,   55.71,   40.59
07/08/2013 01:20:00,   45.88,   53.96,   34.90,   48.31,   55.45,   40.31
07/08/2013 01:25:00,   43.95,   51.18,   34.88,   46.45,   52.52,   40.37
07/08/2013 01:30:00,   42.04,   48.93,   34.85,   44.92,   50.52,   39.94
07/08/2013 01:35:00,   43.50,   50.19,   37.16,   46.89,   52.91,   42.34
07/08/2013 01:40:00,   45.79,   54.20,   36.83,   48.10,   55.39,   41.45
07/08/2013 01:45:00,   41.61,   44.61,   35.64,   45.06,   47.65,   40.57
07/08/2013 01:50:00,   46.05,   54.03,   36.83,   48.74,   56.04,   41.26
07/08/2013 01:55:00,   44.09,   51.33,   35.71,   47.48,   53.75,   40.69
07/08/2013 02:00:00,   41.61,   46.84,   34.92,   44.46,   48.53,   40.16
07/08/2013 02:05:00,   40.17,   43.69,   34.57,   44.16,   48.57,   40.30
07/08/2013 02:10:00,   43.32,   49.83,   34.95,   45.64,   51.79,   39.69
07/08/2013 02:15:00,   43.01,   46.33,   35.20,   46.63,   50.80,   40.29
07/08/2013 02:20:00,   43.21,   50.38,   34.12,   45.84,   53.41,   38.31
07/08/2013 02:25:00,   40.68,   41.50,   34.92,   43.97,   44.34,   39.91
07/08/2013 02:30:00,   42.84,   49.15,   36.61,   46.09,   50.82,   41.26
07/08/2013 02:35:00,   44.95,   52.86,   35.91,   47.67,   54.06,   40.99
07/08/2013 02:40:00,   38.50,   38.99,   35.01,   42.98,   43.75,   40.27
07/08/2013 02:45:00,   42.01,   47.42,   35.80,   45.55,   51.11,   40.75
07/08/2013 02:50:00,   40.13,   44.27,   36.50,   44.38,   47.62,   41.73
07/08/2013 02:55:00,   42.56,   48.39,   34.79,   45.27,   49.68,   39.96
07/08/2013 03:00:00,   46.48,   54.31,   35.39,   49.09,   55.71,   40.81
07/08/2013 03:05:00,   44.28,   51.99,   35.42,   47.45,   54.43,   40.45
07/08/2013 03:10:00,   44.01,   48.31,   35.27,   46.97,   49.59,   40.24
07/08/2013 03:15:00,   43.30,   49.38,   36.77,   47.12,   51.98,   42.00
07/08/2013 03:20:00,   41.61,   48.53,   36.34,   45.15,   51.01,   41.25
07/08/2013 03:25:00,   43.57,   47.51,   36.36,   46.84,   50.22,   41.12
07/08/2013 03:30:00,   42.49,   45.76,   37.62,   45.67,   48.69,   42.53
07/08/2013 03:35:00,   44.66,   50.55,   36.42,   47.57,   53.25,   41.59
07/08/2013 03:40:00,   43.87,   50.69,   35.77,   47.19,   53.93,   40.41
07/08/2013 03:45:00,   45.32,   53.76,   36.09,   48.24,   55.41,   41.43
07/08/2013 03:50:00,   47.28,   53.57,   39.50,   53.40,   59.44,   43.89
07/08/2013 03:55:00,   43.58,   47.71,   38.78,   49.56,   56.41,   43.77
07/08/2013 04:00:00,   41.15,   43.65,   37.81,   44.53,   46.33,   41.69
07/08/2013 04:05:00,   39.26,   40.34,   37.61,   43.85,   44.99,   41.70
07/08/2013 04:10:00,   44.28,   51.76,   37.26,   47.55,   53.05,   41.74
07/08/2013 04:15:00,   43.53,   50.39,   35.86,   46.91,   52.86,   41.29
07/08/2013 04:20:00,   46.68,   54.39,   37.40,   49.69,   56.91,   42.11
07/08/2013 04:25:00,   43.44,   48.56,   37.23,   48.39,   55.02,   41.39
07/08/2013 04:30:00,   43.89,   50.11,   38.60,   46.73,   52.43,   42.58
07/08/2013 04:35:00,   47.56,   54.50,   37.40,   50.50,   57.58,   41.68
07/08/2013 04:40:00,   47.01,   52.99,   38.73,   49.01,   56.04,   42.80
07/08/2013 04:45:00,   47.04,   55.30,   39.41,   49.58,   56.53,   43.10
07/08/2013 04:50:00,   45.18,   51.15,   39.54,   48.60,   53.77,   43.96
07/08/2013 04:55:00,   49.75,   55.43,   40.99,   52.70,   58.07,   45.89
07/08/2013 05:00:00,   48.89,   54.89,   41.92,   51.12,   56.09,   45.30
07/08/2013 05:05:00,   49.52,   55.55,   40.23,   51.60,   57.00,   44.56
07/08/2013 05:10:00,   52.62,   57.35,   43.19,   55.49,   59.62,   48.12
07/08/2013 05:15:00,   50.37,   55.35,   42.65,   54.17,   58.99,   46.70
07/08/2013 05:20:00,   51.82,   57.76,   42.69,   55.25,   61.07,   47.51
07/08/2013 05:25:00,   51.82,   56.46,   43.96,   55.49,   59.82,   47.85
07/08/2013 05:30:00,   50.34,   55.30,   43.24,   53.43,   57.98,   47.14
07/08/2013 05:35:00,   50.70,   54.88,   44.22,   53.56,   57.59,   47.91
07/08/2013 05:40:00,   51.68,   56.90,   44.86,   54.88,   59.86,   48.16
07/08/2013 05:45:00,   51.50,   56.08,   45.08,   55.10,   59.73,   48.60
07/08/2013 05:50:00,   53.55,   57.58,   48.63,   56.72,   60.50,   51.46
07/08/2013 05:55:00,   53.53,   58.48,   46.85,   57.72,   63.86,   50.76
07/08/2013 06:00:00,   55.42,   58.56,   50.83,   59.74,   63.12,   54.71
07/08/2013 06:05:00,   55.64,   58.67,   50.23,   60.51,   63.75,   54.14
07/08/2013 06:10:00,   55.37,   59.62,   49.79,   59.37,   63.75,   53.65
07/08/2013 06:15:00,   57.28,   61.95,   48.97,   61.61,   67.33,   52.35
07/08/2013 06:20:00,   53.69,   57.97,   45.99,   57.40,   60.91,   50.01
07/08/2013 06:25:00,   53.99,   58.91,   45.60,   57.52,   62.51,   50.71
07/08/2013 06:30:00,   56.10,   61.37,   48.80,   61.47,   67.63,   52.60
07/08/2013 06:35:00,   54.10,   58.40,   46.52,   57.46,   60.87,   51.10
07/08/2013 06:40:00,   54.42,   58.42,   47.66,   58.59,   62.13,   52.99
07/08/2013 06:45:00,   54.83,   58.70,   49.32,   59.82,   63.10,   55.16
07/08/2013 06:50:00,   54.87,   58.07,   49.59,   58.73,   61.60,   54.07
07/08/2013 06:55:00,   53.99,   57.90,   47.54,   58.30,   61.71,   51.47
07/08/2013 07:00:00,   54.74,   58.90,   47.54,   58.66,   62.39,   53.00
07/08/2013 07:05:00,   55.05,   59.99,   47.68,   59.91,   65.77,   53.42
07/08/2013 07:10:00,   53.61,   57.83,   44.77,   59.01,   62.94,   52.96
07/08/2013 07:15:00,   55.09,   58.54,   47.69,   59.67,   62.56,   54.16
07/08/2013 07:20:00,   55.20,   58.94,   48.10,   60.03,   63.96,   53.30
07/08/2013 07:25:00,   53.85,   57.88,   46.35,   58.10,   61.58,   51.87
07/08/2013 07:30:00,   52.16,   55.85,   45.38,   56.86,   60.59,   52.37
07/08/2013 07:35:00,   54.57,   57.84,   48.08,   61.87,   67.96,   54.15
07/08/2013 07:40:00,   53.41,   58.04,   46.61,   58.27,   63.21,   51.53
07/08/2013 07:45:00,   53.85,   58.41,   47.58,   58.23,   61.90,   51.99
07/08/2013 07:50:00,   54.33,   58.01,   48.80,   59.86,   63.78,   54.02
07/08/2013 07:55:00,   55.25,   59.34,   47.85,   60.83,   65.72,   52.25
07/08/2013 08:00:00,   52.99,   57.30,   47.20,   57.31,   60.71,   52.45
07/08/2013 08:05:00,   53.95,   57.79,   48.81,   59.52,   62.92,   54.39
07/08/2013 08:10:00,   53.10,   56.65,   47.04,   58.02,   61.34,   52.44
07/08/2013 08:15:00,   57.52,   61.74,   48.90,   62.46,   69.61,   53.35
07/08/2013 08:20:00,   54.16,   58.20,   47.19,   58.25,   62.24,   52.33
07/08/2013 08:25:00,   54.63,   58.67,   47.43,   59.91,   63.70,   52.87
07/08/2013 08:30:00,   53.79,   57.50,   47.29,   58.46,   61.58,   52.68
07/08/2013 08:35:00,   54.85,   58.02,   49.01,   59.39,   62.00,   53.71
07/08/2013 08:40:00,   54.47,   58.78,   47.32,   60.18,   64.74,   51.35
07/08/2013 08:45:00,   53.71,   57.73,   46.03,   59.09,   62.41,   51.81
07/08/2013 08:50:00,   55.29,   59.09,   47.87,   59.82,   64.15,   53.63
07/08/2013 08:55:00,   52.97,   57.25,   46.72,   58.29,   61.98,   53.14
07/08/2013 09:00:00,   54.55,   58.45,   47.85,   60.34,   65.22,   54.20
07/08/2013 09:05:00,   54.36,   57.91,   46.71,   58.29,   61.06,   52.48
07/08/2013 09:10:00,   54.19,   57.58,   47.98,   59.80,   62.69,   55.21
07/08/2013 09:15:00,   53.84,   58.22,   48.03,   60.01,   62.39,   55.03
07/08/2013 09:20:00,   53.50,   57.42,   45.61,   60.63,   64.02,   55.18
07/08/2013 09:25:00,   53.83,   57.21,   47.93,   59.73,   62.44,   55.12
07/08/2013 09:30:00,   53.95,   57.33,   47.25,   60.50,   63.80,   55.51
07/08/2013 09:35:00,   54.30,   57.89,   48.58,   60.62,   64.43,   54.07
07/08/2013 09:40:00,   53.00,   56.97,   44.71,   58.67,   62.57,   52.39
07/08/2013 09:45:00,   52.71,   56.69,   45.75,   58.15,   62.60,   51.99
07/08/2013 09:50:00,   53.97,   57.51,   47.99,   59.42,   62.89,   54.21
07/08/2013 09:55:00,   54.31,   57.75,   49.55,   59.42,   63.28,   54.26
07/08/2013 10:00:00,   55.89,   59.68,   48.56,   60.98,   65.07,   54.31
07/08/2013 10:05:00,   54.81,   59.38,   47.26,   60.15,   65.15,   52.61
07/08/2013 10:10:00,   56.34,   61.10,   48.32,   63.56,   68.10,   55.51
07/08/2013 10:15:00,   54.33,   58.31,   48.13,   60.03,   64.29,   54.33
07/08/2013 10:20:00,   54.54,   58.11,   49.18,   59.96,   63.03,   54.24
07/08/2013 10:25:00,   53.06,   56.27,   48.86,   58.80,   61.49,   54.87
07/08/2013 10:30:00,   54.53,   57.87,   48.18,   61.07,   64.50,   55.83
07/08/2013 10:35:00,   53.64,   57.22,   47.85,   59.97,   63.34,   54.94
07/08/2013 10:40:00,   53.42,   56.74,   48.17,   58.72,   61.59,   54.14
07/08/2013 10:45:00,   52.93,   56.94,   45.57,   58.23,   61.73,   52.13
07/08/2013 10:50:00,   55.77,   59.55,   50.29,   61.36,   65.66,   55.83
07/08/2013 10:55:00,   54.26,   57.84,   47.88,   59.71,   63.06,   54.24
07/08/2013 11:00:00,   54.22,   58.17,   46.50,   60.39,   64.69,   53.55
07/08/2013 11:05:00,   54.83,   59.19,   47.81,   61.12,   65.32,   55.59
07/08/2013 11:10:00,   54.66,   57.84,   49.09,   61.89,   66.00,   57.19
07/08/2013 11:15:00,   54.72,   58.51,   47.03,   60.58,   64.29,   54.82
07/08/2013 11:20:00,   55.73,   60.87,   47.17,   61.93,   67.64,   54.61
07/08/2013 11:25:00,   54.57,   58.91,   47.21,   60.48,   64.78,   54.27
07/08/2013 11:30:00,   52.93,   56.57,   47.99,   59.74,   62.44,   56.12
07/08/2013 11:35:00,   54.43,   58.62,   45.60,   60.96,   64.92,   53.85
07/08/2013 11:40:00,   53.58,   56.80,   48.29,   59.42,   62.25,   55.20
07/08/2013 11:45:00,   53.25,   56.62,   45.43,   59.34,   62.61,   52.56
07/08/2013 11:50:00,   53.98,   56.71,   47.24,   59.52,   61.93,   53.90
07/08/2013 11:55:00,   53.82,   57.38,   46.35,   59.75,   61.90,   53.35
07/08/2013 12:00:00,   53.04,   55.90,   47.15,   58.80,   61.68,   52.97
07/08/2013 12:05:00,   54.73,   57.69,   47.97,   59.31,   62.06,   53.97
07/08/2013 12:10:00,   53.79,   57.28,   46.96,   59.99,   62.68,   53.76
07/08/2013 12:15:00,   53.65,   57.50,   47.21,   58.23,   61.39,   52.55
07/08/2013 12:20:00,   54.59,   57.53,   49.14,   59.34,   62.42,   54.23
07/08/2013 12:25:00,   53.73,   57.40,   48.63,   58.68,   61.51,   54.65
07/08/2013 12:30:00,   54.41,   58.12,   48.87,   61.37,   64.27,   56.52
07/08/2013 12:35:00,   54.56,   57.38,   50.04,   60.62,   62.91,   55.55
07/08/2013 12:40:00,   55.99,   59.13,   49.87,   60.59,   64.33,   53.86
07/08/2013 12:45:00,   53.56,   56.92,   48.44,   58.30,   61.43,   53.29
07/08/2013 12:50:00,   53.95,   57.26,   48.09,   60.21,   63.76,   55.08
07/08/2013 12:55:00,   53.81,   57.43,   47.84,   58.86,   61.70,   54.04
07/08/2013 13:00:00,   53.92,   57.62,   48.26,   59.78,   63.06,   55.38
07/08/2013 13:05:00,   54.61,   58.68,   47.25,   61.93,   67.36,   54.60
07/08/2013 13:10:00,   56.18,   59.99,   48.50,   61.43,   65.20,   53.89
07/08/2013 13:15:00,   55.74,   58.42,   47.93,   60.24,   63.56,   53.63
07/08/2013 13:20:00,   55.06,   57.61,   48.02,   60.82,   64.47,   54.18
07/08/2013 13:25:00,   61.17,   64.89,   54.35,   68.22,   72.15,   60.51
07/08/2013 13:30:00,   55.67,   57.94,   51.35,   59.58,   61.96,   54.55
07/08/2013 13:35:00,   55.75,   58.90,   49.38,   59.70,   62.59,   54.58
07/08/2013 13:40:00,   55.11,   58.52,   48.61,   59.63,   63.06,   54.11
07/08/2013 13:45:00,   54.37,   57.38,   49.28,   60.75,   64.23,   55.46
07/08/2013 13:50:00,   53.91,   57.06,   48.97,   58.85,   61.38,   54.12
07/08/2013 13:55:00,   54.08,   57.41,   47.78,   59.89,   62.91,   54.66
07/08/2013 14:00:00,   55.78,   59.81,   48.61,   61.41,   64.97,   55.74
07/08/2013 14:05:00,   54.13,   57.53,   47.92,   59.40,   62.20,   53.96
07/08/2013 14:10:00,   53.54,   56.80,   47.85,   59.46,   63.10,   54.82
07/08/2013 14:15:00,   53.93,   57.23,   48.25,   59.97,   62.88,   55.57
07/08/2013 14:20:00,   54.03,   57.95,   47.45,   60.58,   63.67,   54.98
07/08/2013 14:25:00,   55.24,   58.63,   50.67,   62.06,   63.99,   58.45
07/08/2013 14:30:00,   54.38,   57.32,   48.35,   60.38,   62.61,   55.53
07/08/2013 14:35:00,   55.05,   58.69,   47.11,   60.90,   65.13,   52.32
07/08/2013 14:40:00,   54.17,   56.86,   48.77,   60.48,   63.46,   55.92
07/08/2013 14:45:00,   54.59,   57.56,   49.47,   60.70,   63.51,   56.29
07/08/2013 14:50:00,   54.18,   57.20,   48.57,   59.79,   62.73,   54.09
07/08/2013 14:55:00,   54.80,   58.07,   47.89,   59.95,   63.17,   54.28
07/08/2013 15:00:00,   55.37,   57.77,   49.16,   62.49,   64.76,   58.59
07/08/2013 15:05:00,   55.43,   58.44,   49.81,   61.73,   63.95,   58.14
07/08/2013 15:10:00,   54.12,   58.39,   48.20,   60.26,   63.11,   53.04
07/08/2013 15:15:00,   53.81,   57.17,   48.11,   58.55,   61.42,   53.08
07/08/2013 15:20:00,   54.81,   58.22,   48.49,   61.09,   64.02,   56.83
07/08/2013 15:25:00,   54.99,   58.04,   47.32,   60.76,   63.96,   52.77
07/08/2013 15:30:00,   54.88,   58.80,   47.85,   59.98,   63.70,   53.56
07/08/2013 15:35:00,   54.79,   58.85,   45.86,   59.10,   63.10,   51.56
07/08/2013 15:40:00,   55.29,   59.15,   45.20,   59.02,   63.00,   51.06
07/08/2013 15:45:00,   55.17,   58.08,   49.17,   60.61,   63.26,   55.40
07/08/2013 15:50:00,   54.25,   58.13,   46.91,   59.17,   62.77,   52.02
07/08/2013 15:55:00,   54.25,   57.72,   44.78,   58.77,   61.62,   50.56
07/08/2013 16:00:00,   53.85,   57.36,   47.72,   58.66,   61.66,   52.72
07/08/2013 16:05:00,   55.29,   58.30,   48.79,   61.43,   64.74,   55.28
07/08/2013 16:10:00,   53.66,   57.61,   45.61,   59.09,   63.05,   51.72
07/08/2013 16:15:00,   52.88,   56.54,   45.95,   57.97,   61.71,   51.79
07/08/2013 16:20:00,   53.65,   57.48,   45.81,   59.71,   63.00,   53.25
07/08/2013 16:25:00,   54.83,   57.74,   47.90,   59.12,   61.39,   53.61
07/08/2013 16:30:00,   54.88,   58.38,   48.98,   58.91,   61.52,   53.75
07/08/2013 16:35:00,   55.60,   58.04,   49.54,   60.41,   62.73,   53.58
07/08/2013 16:40:00,   55.00,   57.97,   48.10,   58.81,   61.91,   52.88
07/08/2013 16:45:00,   56.77,   60.04,   50.03,   61.60,   65.30,   54.76
07/08/2013 16:50:00,   55.31,   58.28,   48.01,   59.65,   62.54,   53.41
07/08/2013 16:55:00,   54.78,   57.81,   49.31,   59.01,   62.21,   54.61
07/08/2013 17:00:00,   55.55,   58.54,   47.55,   58.91,   61.58,   52.82
07/08/2013 17:05:00,   55.50,   58.42,   49.05,   59.53,   62.19,   53.89
07/08/2013 17:10:00,   55.30,   59.06,   46.84,   59.25,   63.38,   51.07
07/08/2013 17:15:00,   53.09,   57.31,   45.45,   57.58,   61.51,   51.23
07/08/2013 17:20:00,   54.39,   57.60,   47.90,   58.56,   61.28,   52.77
07/08/2013 17:25:00,   53.64,   58.00,   47.08,   58.81,   62.85,   52.95
07/08/2013 17:30:00,   56.59,   58.62,   47.53,   61.85,   64.44,   53.03
07/08/2013 17:35:00,   55.86,   58.62,   50.23,   59.97,   62.98,   55.05
07/08/2013 17:40:00,   55.54,   58.54,   49.37,   59.77,   62.77,   54.18
07/08/2013 17:45:00,   55.32,   57.71,   50.68,   60.59,   63.95,   54.15
07/08/2013 17:50:00,   56.25,   59.66,   48.82,   61.09,   64.00,   53.67
07/08/2013 17:55:00,   54.83,   57.86,   47.54,   59.43,   62.23,   52.25
07/08/2013 18:00:00,   54.60,   58.20,   48.22,   58.60,   61.79,   53.32
07/08/2013 18:05:00,   54.62,   58.39,   47.34,   58.90,   62.34,   53.39
07/08/2013 18:10:00,   54.51,   58.96,   45.86,   58.66,   62.01,   52.04
07/08/2013 18:15:00,   54.78,   58.44,   46.07,   58.54,   62.11,   50.53
07/08/2013 18:20:00,   54.62,   58.33,   46.83,   59.02,   62.39,   52.90
07/08/2013 18:25:00,   54.86,   58.64,   47.23,   58.89,   61.84,   53.06
07/08/2013 18:30:00,   55.14,   58.52,   46.93,   59.70,   64.12,   51.74
07/08/2013 18:35:00,   56.13,   58.90,   49.91,   59.04,   61.63,   53.83
07/08/2013 18:40:00,   54.92,   57.95,   48.38,   58.18,   60.87,   52.43
07/08/2013 18:45:00,   54.37,   58.02,   48.97,   57.96,   60.85,   53.86
07/08/2013 18:50:00,   54.97,   58.02,   48.70,   60.64,   64.45,   54.02
07/08/2013 18:55:00,   55.13,   58.83,   48.14,   58.50,   61.96,   52.40
07/08/2013 19:00:00,   55.65,   58.45,   45.91,   58.22,   61.19,   50.42
07/08/2013 19:05:00,   54.69,   58.05,   48.46,   58.56,   62.09,   52.89
07/08/2013 19:10:00,   54.29,   58.52,   42.40,   58.15,   62.10,   47.05
07/08/2013 19:15:00,   53.24,   57.27,   43.36,   56.62,   59.92,   48.76
07/08/2013 19:20:00,   54.87,   58.73,   47.01,   59.43,   62.77,   53.48
07/08/2013 19:25:00,   54.06,   57.89,   46.43,   57.21,   60.60,   51.84
07/08/2013 19:30:00,   53.63,   58.17,   45.85,   58.03,   61.62,   51.44
07/08/2013 19:35:00,   54.60,   58.12,   48.50,   57.92,   61.12,   51.81
07/08/2013 19:40:00,   54.33,   58.63,   47.96,   58.67,   62.70,   52.41
07/08/2013 19:45:00,   53.43,   57.77,   46.11,   57.50,   60.88,   51.11
07/08/2013 19:50:00,   53.86,   57.13,   48.25,   57.98,   62.34,   52.26
07/08/2013 19:55:00,   51.80,   55.80,   43.96,   55.11,   58.69,   47.77
07/08/2013 20:00:00,   53.54,   57.53,   45.11,   56.71,   59.98,   50.04
07/08/2013 20:05:00,   54.28,   58.85,   45.55,   57.83,   62.17,   50.42
07/08/2013 20:10:00,   54.66,   58.00,   48.08,   58.57,   61.75,   52.56
07/08/2013 20:15:00,   53.84,   58.13,   45.13,   57.51,   62.15,   48.83
07/08/2013 20:20:00,   54.12,   57.40,   48.76,   57.56,   60.91,   52.92
07/08/2013 20:25:00,   53.94,   57.87,   46.95,   58.20,   62.02,   51.15
07/08/2013 20:30:00,   52.92,   57.04,   44.95,   56.38,   59.72,   49.80
07/08/2013 20:35:00,   53.27,   57.65,   44.96,   57.13,   60.58,   48.25
07/08/2013 20:40:00,   54.08,   57.84,   46.84,   57.09,   60.41,   51.21
07/08/2013 20:45:00,   53.59,   58.50,   45.27,   56.04,   60.67,   49.19
07/08/2013 20:50:00,   53.45,   57.65,   46.01,   57.55,   61.24,   50.68
07/08/2013 20:55:00,   52.63,   56.78,   43.89,   57.17,   60.81,   48.23
07/08/2013 21:00:00,   53.30,   57.09,   46.38,   57.37,   60.15,   50.25
07/08/2013 21:05:00,   52.95,   56.53,   46.42,   56.80,   59.74,   51.14
07/08/2013 21:10:00,   53.06,   57.79,   44.07,   56.69,   60.84,   47.33
07/08/2013 21:15:00,   53.31,   57.51,   45.75,   57.73,   61.33,   50.72
07/08/2013 21:20:00,   52.41,   56.72,   44.51,   56.39,   60.50,   49.23
07/08/2013 21:25:00,   53.18,   57.77,   44.65,   56.47,   60.95,   48.81
07/08/2013 21:30:00,   50.35,   55.88,   38.71,   54.15,   58.51,   42.54
07/08/2013 21:35:00,   52.39,   56.87,   44.16,   55.57,   59.07,   47.53
07/08/2013 21:40:00,   52.32,   56.43,   45.21,   55.46,   59.31,   48.07
07/08/2013 21:45:00,   52.14,   56.16,   43.49,   54.93,   58.38,   46.84
07/08/2013 21:50:00,   53.47,   58.35,   43.64,   57.44,   61.46,   47.44
07/08/2013 21:55:00,   51.53,   57.11,   40.17,   54.64,   59.61,   45.04
07/08/2013 22:00:00,   51.53,   57.31,   39.87,   54.40,   59.89,   44.13
07/08/2013 22:05:00,   51.12,   55.81,   43.39,   54.59,   58.95,   46.84
07/08/2013 22:10:00,   51.10,   56.64,   41.73,   53.72,   59.00,   44.97
07/08/2013 22:15:00,   50.41,   55.82,   39.47,   53.82,   59.04,   43.46
07/08/2013 22:20:00,   50.92,   55.47,   42.33,   53.80,   58.55,   45.85
07/08/2013 22:25:00,   51.13,   56.46,   39.15,   55.97,   60.89,   43.31
07/08/2013 22:30:00,   50.82,   56.51,   39.08,   54.92,   60.62,   42.93
07/08/2013 22:35:00,   49.83,   55.37,   38.40,   53.44,   58.61,   42.51
07/08/2013 22:40:00,   50.25,   55.58,   39.88,   53.85,   58.73,   45.06
07/08/2013 22:45:00,   49.67,   55.04,   39.46,   53.10,   58.00,   44.54
07/08/2013 22:50:00,   51.16,   55.91,   42.36,   55.46,   60.34,   45.86
07/08/2013 22:55:00,   50.61,   56.45,   41.19,   53.89,   58.82,   44.21
07/08/2013 23:00:00,   49.78,   55.87,   38.63,   52.45,   57.52,   42.64
07/08/2013 23:05:00,   48.32,   54.73,   38.27,   51.03,   57.19,   41.93
07/08/2013 23:10:00,   50.83,   56.79,   40.30,   53.31,   58.57,   44.34
07/08/2013 23:15:00,   49.19,   54.53,   38.85,   53.98,   59.64,   43.10
07/08/2013 23:20:00,   47.41,   53.34,   36.87,   50.53,   56.65,   41.28
07/08/2013 23:25:00,   48.49,   54.25,   36.70,   50.80,   56.06,   41.04
07/08/2013 23:30:00,   49.61,   55.61,   37.48,   52.28,   57.29,   41.51
07/08/2013 23:35:00,   50.10,   55.83,   40.18,   51.97,   57.05,   42.97
07/08/2013 23:40:00,   49.65,   54.81,   39.41,   52.08,   56.57,   43.08
07/08/2013 23:45:00,   50.69,   56.30,   39.79,   55.97,   60.07,   44.12
07/08/2013 23:50:00,   50.73,   57.01,   38.23,   54.93,   61.43,   41.94
07/08/2013 23:55:00,   47.66,   54.03,   36.52,   50.00,   55.88,   41.23

