# noise_analysis run from DCC-NOISE-001003 at Wed Jun 19 00:00:00 2013
# Monitoring unit located at 53.342609N 6.340721W
# logfile   = /home/root/noise_analysis.log
# cfg_dir   = /home/root/config
# outputdir = /home/root/noise
# Sensitivity = -26.271103
# Gain = 1.000000
# Time should be in local format (i.e. daylight savings time)
# dd/mm/yyyy hh:mm:ss, A Leq,   A L10,   A L95,   C Leq,   C L10,   C L95
19/06/2013 00:05:00,   50.10,   54.94,   43.15,   53.12,   57.23,   46.97
19/06/2013 00:10:00,   49.11,   54.58,   41.25,   51.59,   56.37,   45.43
19/06/2013 00:15:00,   49.24,   55.39,   40.94,   51.40,   56.36,   45.22
19/06/2013 00:20:00,   51.03,   56.78,   42.88,   54.09,   59.32,   47.11
19/06/2013 00:25:00,   48.27,   52.64,   42.54,   51.37,   55.54,   45.87
19/06/2013 00:30:00,   48.80,   53.13,   41.80,   52.63,   57.69,   45.66
19/06/2013 00:35:00,   50.29,   55.85,   42.81,   52.96,   57.99,   46.64
19/06/2013 00:40:00,   49.85,   55.60,   41.34,   51.66,   56.38,   45.24
19/06/2013 00:45:00,   49.16,   54.67,   40.75,   51.16,   55.81,   44.30
19/06/2013 00:50:00,   49.34,   54.63,   40.75,   51.75,   56.55,   44.72
19/06/2013 00:55:00,   47.73,   54.06,   40.40,   50.29,   56.31,   44.41
19/06/2013 01:00:00,   48.06,   55.23,   38.35,   51.29,   57.46,   42.76
19/06/2013 01:05:00,   49.38,   56.20,   40.48,   51.68,   58.26,   44.06
19/06/2013 01:10:00,   49.15,   56.30,   39.62,   51.16,   57.66,   43.30
19/06/2013 01:15:00,   49.30,   55.02,   41.97,   52.82,   57.83,   46.08
19/06/2013 01:20:00,   47.59,   52.96,   40.74,   50.20,   55.10,   44.54
19/06/2013 01:25:00,   50.93,   56.86,   43.81,   53.26,   57.81,   47.16
19/06/2013 01:30:00,   47.28,   54.83,   40.73,   49.44,   55.95,   44.67
19/06/2013 01:35:00,   47.83,   54.24,   41.19,   50.58,   56.61,   44.95
19/06/2013 01:40:00,   48.74,   54.75,   41.60,   51.42,   57.07,   45.86
19/06/2013 01:45:00,   46.15,   52.50,   39.85,   49.49,   55.22,   43.77
19/06/2013 01:50:00,   43.17,   44.45,   39.98,   46.81,   48.50,   44.14
19/06/2013 01:55:00,   46.17,   54.18,   39.50,   48.66,   55.93,   43.12
19/06/2013 02:00:00,   44.20,   47.59,   39.14,   47.26,   49.96,   43.08
19/06/2013 02:05:00,   45.79,   52.44,   39.02,   49.01,   55.44,   42.93
19/06/2013 02:10:00,   47.75,   54.12,   40.12,   50.01,   55.45,   43.78
19/06/2013 02:15:00,   44.95,   50.92,   38.23,   47.77,   52.52,   42.24
19/06/2013 02:20:00,   41.80,   44.13,   38.00,   45.09,   47.84,   42.02
19/06/2013 02:25:00,   43.07,   48.41,   37.37,   46.79,   51.97,   41.73
19/06/2013 02:30:00,   43.78,   49.26,   36.28,   46.40,   50.78,   40.50
19/06/2013 02:35:00,   44.01,   50.33,   35.69,   46.49,   52.43,   40.03
19/06/2013 02:40:00,   44.26,   52.27,   35.00,   47.80,   54.96,   39.84
19/06/2013 02:45:00,   44.19,   52.11,   34.25,   47.00,   53.77,   39.79
19/06/2013 02:50:00,   40.76,   46.41,   34.28,   44.48,   49.69,   40.03
19/06/2013 02:55:00,   43.65,   49.90,   35.79,   46.53,   53.18,   40.95
19/06/2013 03:00:00,   40.16,   44.97,   35.67,   43.65,   47.33,   39.98
19/06/2013 03:05:00,   42.13,   50.31,   35.39,   45.50,   53.26,   39.84
19/06/2013 03:10:00,   43.31,   48.52,   35.33,   45.89,   50.15,   39.98
19/06/2013 03:15:00,   45.79,   51.94,   35.72,   48.25,   54.18,   39.64
19/06/2013 03:20:00,   42.68,   47.13,   36.29,   47.26,   52.42,   40.52
19/06/2013 03:25:00,   38.06,   39.71,   35.73,   42.54,   44.49,   39.91
19/06/2013 03:30:00,   44.64,   51.95,   35.97,   46.93,   53.62,   40.29
19/06/2013 03:35:00,   42.05,   46.17,   36.64,   45.03,   47.95,   41.07
19/06/2013 03:40:00,   40.34,   42.66,   35.53,   43.62,   46.19,   39.58
19/06/2013 03:45:00,   45.44,   52.70,   36.83,   48.32,   55.69,   41.01
19/06/2013 03:50:00,   46.07,   53.23,   37.30,   48.12,   54.49,   41.56
19/06/2013 03:55:00,   46.86,   53.88,   37.78,   49.39,   56.29,   41.58
19/06/2013 04:00:00,   45.13,   50.57,   37.29,   48.04,   52.61,   41.54
19/06/2013 04:05:00,   45.65,   49.86,   37.31,   46.96,   50.34,   40.91
19/06/2013 04:10:00,   49.46,   53.63,   41.12,   50.63,   55.94,   43.74
19/06/2013 04:15:00,   57.06,   64.05,   42.36,   56.32,   62.50,   44.62
19/06/2013 04:20:00,   46.80,   51.82,   39.57,   48.17,   52.62,   42.57
19/06/2013 04:25:00,   57.56,   68.33,   39.35,   56.56,   66.60,   42.74
19/06/2013 04:30:00,   58.32,   67.84,   39.58,   57.53,   66.05,   42.87
19/06/2013 04:35:00,   62.90,   69.18,   41.52,   61.47,   67.53,   44.71
19/06/2013 04:40:00,   65.69,   72.70,   42.14,   64.00,   70.90,   45.50
19/06/2013 04:45:00,   66.61,   73.35,   41.54,   65.01,   71.63,   44.71
19/06/2013 04:50:00,   61.19,   67.02,   44.01,   60.25,   65.82,   50.39
19/06/2013 04:55:00,   54.00,   58.75,   44.06,   53.76,   58.19,   46.26
19/06/2013 05:00:00,   48.38,   53.95,   40.99,   49.76,   53.47,   44.66
19/06/2013 05:05:00,   56.54,   61.57,   42.15,   55.45,   59.84,   45.28
19/06/2013 05:10:00,   53.71,   58.69,   43.33,   53.95,   59.02,   45.61
19/06/2013 05:15:00,   60.27,   64.02,   54.74,   58.78,   62.29,   53.57
19/06/2013 05:20:00,   56.23,   61.21,   45.74,   56.47,   60.87,   49.25
19/06/2013 05:25:00,   57.00,   60.72,   49.74,   56.83,   60.28,   50.81
19/06/2013 05:30:00,   54.31,   58.65,   46.25,   55.22,   59.49,   49.47
19/06/2013 05:35:00,   55.66,   59.74,   46.64,   57.03,   60.58,   50.15
19/06/2013 05:40:00,   57.44,   60.80,   48.37,   57.01,   60.03,   50.75
19/06/2013 05:45:00,   55.57,   63.55,   46.79,   56.93,   62.35,   50.92
19/06/2013 05:50:00,   56.07,   61.07,   46.54,   56.44,   60.47,   50.49
19/06/2013 05:55:00,   57.75,   61.81,   47.50,   58.20,   61.93,   51.38
19/06/2013 06:00:00,   56.40,   62.30,   46.02,   58.08,   63.08,   49.36
19/06/2013 06:05:00,   52.20,   56.99,   45.59,   54.55,   59.36,   49.48
19/06/2013 06:10:00,   57.44,   62.67,   47.21,   58.15,   63.36,   50.56
19/06/2013 06:15:00,   60.68,   63.67,   52.02,   60.69,   63.37,   54.26
19/06/2013 06:20:00,   63.92,   66.73,   59.61,   62.73,   65.19,   58.64
19/06/2013 06:25:00,   65.83,   68.64,   57.57,   64.52,   67.08,   58.08
19/06/2013 06:30:00,   62.93,   66.15,   52.44,   62.59,   66.22,   54.87
19/06/2013 06:35:00,   62.36,   64.85,   58.49,   61.52,   64.02,   57.63
19/06/2013 06:40:00,   62.22,   65.30,   56.18,   61.78,   64.77,   56.00
19/06/2013 06:45:00,   60.12,   63.92,   51.31,   60.53,   63.37,   56.46
19/06/2013 06:50:00,   63.61,   67.68,   56.51,   63.53,   67.48,   56.98
19/06/2013 06:55:00,   60.24,   64.83,   49.66,   62.12,   66.01,   53.64
19/06/2013 07:00:00,   57.10,   61.11,   50.61,   59.06,   62.10,   53.84
19/06/2013 07:05:00,   57.59,   60.21,   52.39,   58.32,   60.97,   53.50
19/06/2013 07:10:00,   60.03,   64.81,   48.34,   60.98,   64.83,   52.67
19/06/2013 07:15:00,   61.09,   64.76,   54.17,   61.97,   64.74,   56.22
19/06/2013 07:20:00,   60.11,   64.17,   52.63,   61.98,   65.08,   55.32
19/06/2013 07:25:00,   64.21,   67.12,   59.82,   63.79,   66.31,   60.12
19/06/2013 07:30:00,   60.39,   64.87,   49.61,   61.34,   65.14,   53.18
19/06/2013 07:35:00,   59.14,   63.35,   50.84,   61.05,   64.24,   54.48
19/06/2013 07:40:00,   57.56,   62.31,   50.53,   60.17,   63.49,   54.54
19/06/2013 07:45:00,   56.27,   59.21,   48.71,   60.29,   63.46,   54.85
19/06/2013 07:50:00,   57.24,   60.08,   52.51,   60.94,   64.29,   57.28
19/06/2013 07:55:00,   56.16,   59.71,   49.83,   59.67,   63.60,   53.53
19/06/2013 08:00:00,   54.62,   58.63,   48.93,   58.56,   62.30,   53.76
19/06/2013 08:05:00,   57.17,   60.06,   51.98,   62.24,   65.32,   56.69
19/06/2013 08:10:00,   56.77,   60.86,   49.57,   62.19,   66.31,   55.10
19/06/2013 08:15:00,   55.38,   58.95,   50.60,   60.95,   63.81,   57.32
19/06/2013 08:20:00,   54.51,   58.45,   48.87,   59.37,   62.43,   54.50
19/06/2013 08:25:00,   55.42,   59.30,   48.59,   59.19,   62.65,   53.09
19/06/2013 08:30:00,   55.82,   59.05,   50.42,   60.44,   63.67,   54.46
19/06/2013 08:35:00,   56.14,   59.34,   51.25,   60.05,   62.95,   55.39
19/06/2013 08:40:00,   54.67,   57.88,   49.38,   59.01,   62.33,   54.93
19/06/2013 08:45:00,   55.03,   58.88,   50.09,   60.34,   63.78,   55.51
19/06/2013 08:50:00,   56.31,   59.31,   52.59,   61.85,   65.96,   57.21
19/06/2013 08:55:00,   54.88,   58.33,   49.01,   59.41,   62.55,   54.29
19/06/2013 09:00:00,   55.61,   58.83,   50.26,   60.58,   63.31,   55.74
19/06/2013 09:05:00,   56.15,   58.90,   51.27,   61.33,   64.30,   56.89
19/06/2013 09:10:00,   56.82,   59.46,   52.35,   60.87,   63.05,   56.47
19/06/2013 09:15:00,   55.66,   58.31,   50.04,   61.20,   64.64,   55.54
19/06/2013 09:20:00,   57.11,   60.27,   51.40,   61.30,   64.36,   56.12
19/06/2013 09:25:00,   56.62,   59.29,   51.80,   60.45,   62.80,   55.94
19/06/2013 09:30:00,   55.80,   58.65,   50.21,   60.70,   63.58,   55.77
19/06/2013 09:35:00,   55.71,   59.20,   50.88,   59.75,   62.50,   54.89
19/06/2013 09:40:00,   57.79,   59.84,   50.76,   62.95,   67.11,   56.21
19/06/2013 09:45:00,   56.98,   61.25,   49.93,   61.74,   66.50,   54.58
19/06/2013 09:50:00,   57.01,   59.55,   52.16,   60.94,   63.32,   56.74
19/06/2013 09:55:00,   59.46,   62.27,   51.31,   62.68,   66.38,   55.70
19/06/2013 10:00:00,   56.97,   58.90,   50.50,   61.06,   63.89,   56.26
19/06/2013 10:05:00,   55.85,   58.69,   51.10,   59.20,   61.69,   55.06
19/06/2013 10:10:00,   56.28,   59.15,   50.55,   60.33,   63.37,   54.83
19/06/2013 10:15:00,   55.64,   59.02,   51.19,   60.63,   63.65,   56.04
19/06/2013 10:20:00,   54.96,   57.90,   49.67,   59.20,   61.93,   53.52
19/06/2013 10:25:00,   55.67,   58.33,   51.43,   59.49,   62.00,   54.16
19/06/2013 10:30:00,   56.48,   59.83,   49.60,   61.85,   65.94,   54.22
19/06/2013 10:35:00,   55.06,   58.69,   49.41,   58.49,   61.48,   53.40
19/06/2013 10:40:00,   54.57,   57.87,   48.23,   58.82,   61.60,   53.05
19/06/2013 10:45:00,   59.14,   58.51,   50.06,   62.12,   63.35,   54.97
19/06/2013 10:50:00,   56.06,   59.62,   51.53,   59.60,   62.47,   55.72
19/06/2013 10:55:00,   56.31,   58.96,   50.81,   61.15,   63.88,   56.00
19/06/2013 11:00:00,   55.33,   58.71,   49.24,   60.61,   64.45,   53.93
19/06/2013 11:05:00,   54.52,   57.84,   49.00,   59.06,   61.81,   54.38
19/06/2013 11:10:00,   55.19,   58.28,   50.68,   59.42,   62.12,   55.43
19/06/2013 11:15:00,   55.44,   58.83,   49.51,   62.12,   65.57,   57.19
19/06/2013 11:20:00,   56.26,   58.68,   48.83,   60.89,   62.44,   53.39
19/06/2013 11:25:00,   55.99,   59.29,   48.41,   61.00,   64.84,   53.96
19/06/2013 11:30:00,   55.07,   58.05,   49.86,   59.26,   61.62,   55.02
19/06/2013 11:35:00,   55.54,   58.77,   49.71,   60.51,   63.63,   55.42
19/06/2013 11:40:00,   54.98,   58.08,   48.95,   60.50,   63.52,   55.31
19/06/2013 11:45:00,   55.79,   59.16,   49.81,   61.14,   64.52,   55.45
19/06/2013 11:50:00,   56.96,   60.38,   49.80,   63.31,   67.42,   57.28
19/06/2013 11:55:00,   54.95,   57.40,   50.85,   59.98,   62.22,   55.59
19/06/2013 12:00:00,   55.24,   58.03,   50.29,   61.88,   65.32,   55.90
19/06/2013 12:05:00,   55.03,   57.89,   51.13,   60.80,   63.50,   57.30
19/06/2013 12:10:00,   55.89,   58.47,   50.20,   61.75,   63.93,   57.10
19/06/2013 12:15:00,   55.39,   57.70,   49.87,   60.56,   63.37,   55.21
19/06/2013 12:20:00,   55.67,   58.52,   49.87,   60.94,   64.32,   55.21
19/06/2013 12:25:00,   55.35,   58.39,   48.99,   60.55,   64.22,   53.85
19/06/2013 12:30:00,   54.83,   57.65,   50.02,   59.50,   62.33,   54.78
19/06/2013 12:35:00,   54.12,   56.49,   49.80,   58.89,   61.50,   54.82
19/06/2013 12:40:00,   58.00,   59.67,   50.79,   63.18,   66.96,   57.17
19/06/2013 12:45:00,   54.90,   58.82,   48.40,   59.18,   62.80,   53.03
19/06/2013 12:50:00,   55.08,   57.79,   49.90,   59.35,   61.95,   55.72
19/06/2013 12:55:00,   55.11,   58.23,   49.95,   60.66,   64.45,   54.73
19/06/2013 13:00:00,   55.04,   58.16,   49.22,   60.11,   63.07,   54.72
19/06/2013 13:05:00,   54.11,   57.25,   49.28,   59.27,   62.29,   54.77
19/06/2013 13:10:00,   55.03,   58.11,   49.98,   61.47,   64.77,   56.37
19/06/2013 13:15:00,   55.48,   58.52,   50.52,   61.30,   64.90,   55.98
19/06/2013 13:20:00,   55.24,   57.62,   50.52,   61.52,   64.78,   56.65
19/06/2013 13:25:00,   55.20,   58.00,   51.03,   60.72,   63.63,   56.63
19/06/2013 13:30:00,   55.00,   57.31,   50.52,   60.63,   62.73,   55.76
19/06/2013 13:35:00,   55.10,   57.92,   50.23,   60.68,   63.70,   56.19
19/06/2013 13:40:00,   54.15,   57.20,   49.71,   61.32,   64.74,   56.22
19/06/2013 13:45:00,   55.38,   58.02,   51.75,   60.67,   64.00,   56.96
19/06/2013 13:50:00,   54.17,   56.37,   50.47,   60.08,   62.03,   56.50
19/06/2013 13:55:00,   55.04,   57.66,   49.87,   60.22,   62.63,   55.73
19/06/2013 14:00:00,   54.06,   57.27,   48.36,   59.31,   62.50,   53.93
19/06/2013 14:05:00,   55.90,   58.24,   49.44,   61.41,   65.02,   55.38
19/06/2013 14:10:00,   54.86,   57.15,   49.94,   61.32,   64.78,   55.39
19/06/2013 14:15:00,   54.39,   57.42,   49.74,   59.54,   62.33,   55.14
19/06/2013 14:20:00,   55.39,   58.37,   50.73,   62.28,   65.20,   58.18
19/06/2013 14:25:00,   55.79,   58.31,   50.57,   61.61,   65.16,   56.40
19/06/2013 14:30:00,   54.24,   57.95,   49.45,   58.96,   62.00,   55.29
19/06/2013 14:35:00,   55.07,   58.26,   49.84,   61.89,   65.57,   55.34
19/06/2013 14:40:00,   53.59,   56.92,   47.62,   59.75,   62.91,   54.07
19/06/2013 14:45:00,   55.53,   58.52,   50.32,   61.23,   64.34,   56.86
19/06/2013 14:50:00,   54.35,   57.21,   49.89,   59.22,   61.45,   55.97
19/06/2013 14:55:00,   54.37,   57.68,   49.56,   61.02,   65.30,   55.34
19/06/2013 15:00:00,   54.27,   57.14,   49.51,   59.66,   62.89,   55.46
19/06/2013 15:05:00,   54.42,   56.92,   49.09,   59.45,   61.88,   55.37
19/06/2013 15:10:00,   53.71,   56.81,   47.98,   59.01,   61.88,   52.66
19/06/2013 15:15:00,   55.18,   59.03,   48.55,   61.68,   66.63,   54.44
19/06/2013 15:20:00,   54.94,   57.75,   48.88,   60.39,   63.97,   54.37
19/06/2013 15:25:00,   54.52,   57.45,   50.35,   59.53,   62.07,   54.95
19/06/2013 15:30:00,   55.07,   58.18,   49.64,   60.11,   63.34,   54.38
19/06/2013 15:35:00,   58.14,   61.59,   48.44,   62.05,   67.17,   53.00
19/06/2013 15:40:00,   54.70,   57.35,   49.77,   59.56,   62.26,   54.79
19/06/2013 15:45:00,   54.28,   56.65,   50.79,   60.07,   62.96,   56.54
19/06/2013 15:50:00,   54.39,   57.37,   49.76,   59.06,   62.21,   54.79
19/06/2013 15:55:00,   54.31,   57.38,   48.59,   59.18,   62.10,   53.49
19/06/2013 16:00:00,   54.34,   57.44,   48.74,   60.10,   63.91,   53.66
19/06/2013 16:05:00,   57.28,   58.14,   50.97,   61.79,   64.86,   56.05
19/06/2013 16:10:00,   54.51,   57.77,   49.49,   59.95,   63.32,   54.94
19/06/2013 16:15:00,   55.04,   58.19,   50.06,   60.92,   64.11,   55.22
19/06/2013 16:20:00,   55.12,   57.98,   49.95,   59.46,   62.39,   54.68
19/06/2013 16:25:00,   56.10,   58.60,   50.69,   61.11,   64.10,   56.15
19/06/2013 16:30:00,   55.30,   58.28,   49.15,   60.68,   64.12,   54.91
19/06/2013 16:35:00,   54.81,   57.68,   50.22,   61.27,   65.32,   55.15
19/06/2013 16:40:00,   54.06,   56.80,   49.51,   59.63,   63.08,   55.18
19/06/2013 16:45:00,   58.70,   61.66,   50.05,   62.70,   66.29,   55.37
19/06/2013 16:50:00,   55.48,   57.29,   50.57,   60.33,   63.02,   56.07
19/06/2013 16:55:00,   55.82,   58.72,   49.83,   60.47,   63.30,   54.91
19/06/2013 17:00:00,   58.12,   61.63,   50.20,   62.80,   67.10,   54.77
19/06/2013 17:05:00,   56.49,   59.00,   50.94,   59.73,   62.29,   54.65
19/06/2013 17:10:00,   56.32,   59.46,   50.90,   61.21,   64.11,   55.69
19/06/2013 17:15:00,   56.94,   59.72,   50.92,   61.29,   64.27,   54.86
19/06/2013 17:20:00,   58.12,   60.83,   50.54,   60.74,   63.14,   54.33
19/06/2013 17:25:00,   55.75,   58.11,   51.18,   60.30,   63.12,   56.47
19/06/2013 17:30:00,   55.07,   58.66,   47.93,   60.64,   65.16,   52.65
19/06/2013 17:35:00,   54.58,   57.81,   49.13,   59.94,   62.80,   53.76
19/06/2013 17:40:00,   54.77,   57.67,   47.75,   59.60,   62.85,   53.23
19/06/2013 17:45:00,   55.43,   58.34,   48.74,   60.78,   63.72,   54.27
19/06/2013 17:50:00,   54.09,   56.95,   48.45,   58.60,   61.56,   53.45
19/06/2013 17:55:00,   54.23,   58.11,   47.82,   59.05,   62.51,   53.25
19/06/2013 18:00:00,   55.00,   58.25,   47.47,   60.27,   63.08,   53.28
19/06/2013 18:05:00,   54.73,   57.53,   49.99,   59.73,   62.26,   55.19
19/06/2013 18:10:00,   53.58,   56.94,   46.45,   58.71,   62.59,   51.15
19/06/2013 18:15:00,   55.21,   57.91,   49.09,   60.04,   62.75,   55.65
19/06/2013 18:20:00,   55.26,   58.47,   49.26,   58.72,   61.62,   53.61
19/06/2013 18:25:00,   54.91,   57.47,   50.26,   58.92,   61.80,   54.17
19/06/2013 18:30:00,   54.73,   58.29,   49.66,   58.93,   62.33,   53.55
19/06/2013 18:35:00,   54.69,   57.68,   45.87,   58.55,   61.37,   51.31
19/06/2013 18:40:00,   55.81,   59.00,   48.46,   59.64,   63.01,   51.26
19/06/2013 18:45:00,   52.98,   56.86,   46.58,   56.95,   60.51,   51.38
19/06/2013 18:50:00,   53.86,   57.05,   48.33,   59.09,   61.20,   53.33
19/06/2013 18:55:00,   54.14,   57.57,   48.17,   58.38,   60.95,   54.01
19/06/2013 19:00:00,   55.14,   57.83,   49.56,   59.30,   61.90,   54.66
19/06/2013 19:05:00,   54.67,   57.78,   49.42,   58.73,   62.02,   53.89
19/06/2013 19:10:00,   55.60,   58.66,   50.13,   59.00,   62.41,   54.53
19/06/2013 19:15:00,   54.41,   57.27,   48.78,   58.09,   60.91,   52.65
19/06/2013 19:20:00,   54.84,   58.43,   48.40,   58.53,   62.49,   52.23
19/06/2013 19:25:00,   55.16,   57.96,   49.77,   58.78,   61.76,   53.42
19/06/2013 19:30:00,   54.50,   58.05,   47.99,   58.04,   61.34,   53.23
19/06/2013 19:35:00,   54.26,   57.52,   47.70,   58.85,   63.08,   52.15
19/06/2013 19:40:00,   53.72,   56.95,   47.25,   57.24,   60.01,   51.88
19/06/2013 19:45:00,   54.59,   57.96,   49.11,   57.95,   61.26,   52.61
19/06/2013 19:50:00,   53.17,   57.05,   48.72,   57.16,   60.83,   52.74
19/06/2013 19:55:00,   53.88,   57.01,   48.17,   57.54,   60.01,   52.37
19/06/2013 20:00:00,   54.15,   57.63,   48.71,   57.94,   61.00,   52.38
19/06/2013 20:05:00,   54.10,   57.39,   48.05,   57.11,   60.06,   51.93
19/06/2013 20:10:00,   56.63,   58.15,   50.37,   60.05,   62.08,   55.35
19/06/2013 20:15:00,   54.69,   58.60,   47.14,   57.22,   60.76,   50.94
19/06/2013 20:20:00,   55.49,   58.10,   50.07,   59.56,   62.43,   53.79
19/06/2013 20:25:00,   54.57,   57.82,   49.20,   57.66,   60.64,   52.75
19/06/2013 20:30:00,   54.33,   57.91,   47.16,   57.81,   61.12,   50.75
19/06/2013 20:35:00,   54.44,   58.26,   48.72,   57.49,   60.82,   52.31
19/06/2013 20:40:00,   55.21,   58.38,   48.01,   58.66,   61.50,   51.74
19/06/2013 20:45:00,   53.38,   57.53,   47.59,   57.22,   60.58,   51.16
19/06/2013 20:50:00,   54.21,   57.70,   48.13,   57.44,   60.15,   52.20
19/06/2013 20:55:00,   56.11,   59.75,   48.91,   58.20,   60.94,   52.17
19/06/2013 21:00:00,   55.46,   59.13,   49.59,   58.66,   62.12,   53.04
19/06/2013 21:05:00,   59.61,   61.58,   49.26,   61.28,   64.83,   52.16
19/06/2013 21:10:00,   58.35,   62.38,   50.49,   60.02,   62.80,   53.89
19/06/2013 21:15:00,   56.22,   59.02,   51.08,   58.37,   61.37,   53.17
19/06/2013 21:20:00,   55.39,   58.47,   48.93,   57.83,   61.56,   51.86
19/06/2013 21:25:00,   59.43,   63.36,   47.12,   60.61,   65.28,   51.44
19/06/2013 21:30:00,   57.18,   60.69,   49.57,   59.97,   63.60,   54.25
19/06/2013 21:35:00,   54.45,   58.37,   46.59,   57.29,   60.97,   50.81
19/06/2013 21:40:00,   54.39,   57.80,   48.78,   56.75,   59.78,   52.18
19/06/2013 21:45:00,   56.33,   60.59,   49.02,   59.38,   63.63,   53.02
19/06/2013 21:50:00,   53.03,   56.55,   46.01,   56.18,   58.97,   49.85
19/06/2013 21:55:00,   54.52,   57.98,   47.74,   59.24,   62.64,   51.44
19/06/2013 22:00:00,   52.82,   58.08,   42.87,   55.33,   59.99,   46.14
19/06/2013 22:05:00,   53.27,   57.46,   44.63,   55.91,   59.49,   48.45
19/06/2013 22:10:00,   53.39,   57.48,   44.14,   56.94,   61.05,   47.83
19/06/2013 22:15:00,   53.81,   57.31,   46.87,   56.93,   60.26,   51.13
19/06/2013 22:20:00,   53.37,   57.26,   46.44,   56.78,   61.30,   48.74
19/06/2013 22:25:00,   52.52,   56.61,   45.64,   55.07,   58.66,   49.47
19/06/2013 22:30:00,   52.24,   56.73,   43.48,   55.65,   59.55,   47.21
19/06/2013 22:35:00,   52.23,   56.91,   44.06,   55.53,   59.72,   47.86
19/06/2013 22:40:00,   54.24,   58.39,   46.28,   56.80,   60.54,   49.86
19/06/2013 22:45:00,   54.37,   58.31,   46.20,   57.08,   60.77,   50.58
19/06/2013 22:50:00,   53.48,   58.06,   44.19,   56.12,   60.04,   47.94
19/06/2013 22:55:00,   51.11,   55.38,   42.96,   54.44,   58.23,   46.58
19/06/2013 23:00:00,   52.69,   57.67,   43.78,   55.92,   60.27,   48.33
19/06/2013 23:05:00,   54.37,   58.92,   46.06,   58.15,   62.62,   49.93
19/06/2013 23:10:00,   51.70,   56.43,   42.51,   55.05,   59.86,   46.39
19/06/2013 23:15:00,   52.60,   56.84,   44.62,   55.71,   59.95,   48.48
19/06/2013 23:20:00,   51.11,   55.41,   44.02,   54.94,   58.72,   48.73
19/06/2013 23:25:00,   51.73,   56.92,   43.63,   54.64,   59.28,   47.12
19/06/2013 23:30:00,   52.81,   57.21,   43.98,   55.91,   59.36,   47.24
19/06/2013 23:35:00,   52.73,   56.77,   45.68,   56.89,   60.43,   49.49
19/06/2013 23:40:00,   51.45,   56.71,   44.93,   54.17,   58.50,   48.27
19/06/2013 23:45:00,   52.61,   56.62,   45.32,   57.08,   61.66,   48.70
19/06/2013 23:50:00,   52.29,   56.90,   45.09,   55.75,   59.63,   48.69
19/06/2013 23:56:00,   50.79,   57.84,   42.48,   53.48,   59.48,   46.44

