# noise_analysis run from DCC-NOISE-001003 at Fri Jun  7 00:00:00 2013
# Monitoring unit located at 53.342609N 6.340721W
# logfile   = /home/root/noise_analysis.log
# cfg_dir   = /home/root/config
# outputdir = /home/root/noise
# Sensitivity = -26.271103
# Gain = 1.000000
# Time should be in local format (i.e. daylight savings time)
# dd/mm/yyyy hh:mm:ss, A Leq,   A L10,   A L95,   C Leq,   C L10,   C L95
07/06/2013 00:05:00,   50.32,   56.94,   39.45,   54.77,   60.56,   44.68
07/06/2013 00:10:00,   53.34,   58.22,   40.36,   55.42,   61.32,   44.80
07/06/2013 00:15:00,   50.24,   55.77,   42.86,   53.20,   57.31,   46.94
07/06/2013 00:20:00,   50.57,   55.29,   43.64,   53.78,   57.47,   47.56
07/06/2013 00:25:00,   52.83,   58.05,   45.03,   55.20,   59.72,   49.26
07/06/2013 00:30:00,   50.17,   56.21,   41.34,   53.33,   58.58,   45.63
07/06/2013 00:35:00,   49.69,   55.20,   40.76,   52.77,   58.19,   45.26
07/06/2013 00:40:00,   50.30,   56.52,   39.48,   52.75,   57.92,   44.61
07/06/2013 00:45:00,   51.70,   56.42,   42.06,   54.37,   58.50,   46.54
07/06/2013 00:50:00,   49.28,   54.84,   39.25,   51.94,   56.54,   43.76
07/06/2013 00:55:00,   49.37,   55.91,   38.60,   51.83,   57.58,   43.24
07/06/2013 01:00:00,   47.56,   53.46,   37.48,   49.99,   54.98,   42.44
07/06/2013 01:05:00,   50.46,   56.51,   40.73,   52.49,   57.59,   44.57
07/06/2013 01:10:00,   49.06,   56.95,   37.80,   51.59,   58.61,   42.61
07/06/2013 01:15:00,   49.72,   56.19,   40.26,   53.53,   59.62,   44.10
07/06/2013 01:20:00,   48.97,   54.24,   42.19,   51.62,   56.75,   45.78
07/06/2013 01:25:00,   48.62,   53.31,   40.28,   51.33,   55.35,   44.71
07/06/2013 01:30:00,   47.86,   54.36,   39.41,   50.54,   56.26,   43.29
07/06/2013 01:35:00,   47.91,   54.81,   38.49,   50.28,   56.02,   43.35
07/06/2013 01:40:00,   48.61,   53.88,   37.28,   51.44,   56.61,   41.68
07/06/2013 01:45:00,   49.58,   56.72,   37.95,   52.04,   58.28,   43.13
07/06/2013 01:50:00,   48.79,   55.35,   36.48,   50.78,   56.97,   41.64
07/06/2013 01:55:00,   47.85,   55.19,   36.51,   50.69,   56.94,   41.74
07/06/2013 02:00:00,   46.46,   53.98,   36.40,   48.92,   55.53,   41.49
07/06/2013 02:05:00,   47.36,   54.54,   37.26,   49.59,   55.57,   42.44
07/06/2013 02:10:00,   47.68,   55.57,   36.51,   50.15,   57.35,   41.53
07/06/2013 02:15:00,   45.70,   53.83,   35.96,   48.25,   55.01,   41.63
07/06/2013 02:20:00,   47.19,   54.21,   36.54,   49.60,   55.77,   41.91
07/06/2013 02:25:00,   44.61,   51.65,   35.92,   48.04,   54.49,   41.22
07/06/2013 02:30:00,   42.40,   44.98,   35.05,   45.50,   48.14,   40.96
07/06/2013 02:35:00,   46.70,   54.05,   36.82,   48.86,   55.16,   42.17
07/06/2013 02:40:00,   45.63,   51.75,   35.90,   47.71,   52.45,   41.41
07/06/2013 02:45:00,   45.41,   54.54,   34.84,   48.05,   56.03,   41.11
07/06/2013 02:50:00,   44.80,   50.94,   37.37,   47.43,   52.94,   42.15
07/06/2013 02:55:00,   45.16,   51.36,   37.78,   48.82,   54.42,   43.16
07/06/2013 03:00:00,   43.39,   50.40,   36.16,   47.18,   53.52,   41.33
07/06/2013 03:05:00,   45.77,   52.57,   36.43,   48.99,   55.68,   41.85
07/06/2013 03:10:00,   44.58,   52.95,   36.60,   47.66,   54.51,   41.79
07/06/2013 03:15:00,   44.49,   52.34,   35.95,   47.17,   52.83,   41.29
07/06/2013 03:20:00,   44.49,   49.75,   37.75,   47.52,   52.90,   42.43
07/06/2013 03:25:00,   45.00,   51.92,   38.01,   48.10,   53.61,   42.18
07/06/2013 03:30:00,   45.75,   52.21,   36.78,   47.96,   53.53,   41.75
07/06/2013 03:35:00,   45.84,   54.71,   36.02,   48.58,   57.00,   40.76
07/06/2013 03:40:00,   48.40,   54.83,   38.48,   51.03,   56.94,   43.28
07/06/2013 03:45:00,   43.48,   49.89,   36.93,   46.81,   53.02,   41.04
07/06/2013 03:50:00,   46.01,   53.12,   37.21,   48.11,   54.54,   41.54
07/06/2013 03:55:00,   51.72,   58.70,   38.61,   51.94,   58.31,   42.17
07/06/2013 04:00:00,   50.38,   57.96,   39.66,   51.33,   57.52,   43.75
07/06/2013 04:05:00,   49.04,   55.13,   41.92,   51.36,   57.60,   44.43
07/06/2013 04:10:00,   48.56,   53.56,   41.86,   50.24,   55.51,   44.82
07/06/2013 04:15:00,   48.05,   53.79,   41.89,   49.69,   55.04,   44.22
07/06/2013 04:20:00,   48.33,   52.23,   41.66,   49.72,   53.75,   44.49
07/06/2013 04:25:00,   48.04,   53.51,   40.56,   50.63,   55.33,   44.49
07/06/2013 04:30:00,   47.04,   50.47,   42.05,   49.31,   51.91,   45.62
07/06/2013 04:35:00,   53.30,   57.94,   44.51,   54.21,   58.18,   47.43
07/06/2013 04:40:00,   50.11,   58.05,   38.63,   52.07,   58.53,   43.14
07/06/2013 04:45:00,   45.53,   50.90,   37.61,   47.78,   52.61,   41.52
07/06/2013 04:50:00,   47.59,   52.06,   38.28,   49.20,   53.12,   41.99
07/06/2013 04:55:00,   49.31,   53.50,   42.83,   50.83,   54.98,   45.46
07/06/2013 05:00:00,   49.57,   54.03,   42.67,   51.48,   54.35,   45.87
07/06/2013 05:05:00,   48.74,   54.31,   41.26,   50.69,   55.69,   44.87
07/06/2013 05:10:00,   49.80,   54.85,   42.84,   51.93,   56.74,   46.35
07/06/2013 05:15:00,   52.01,   56.60,   45.57,   54.33,   59.12,   48.46
07/06/2013 05:20:00,   50.09,   54.53,   44.13,   52.30,   55.87,   47.01
07/06/2013 05:25:00,   51.17,   54.58,   45.05,   54.20,   57.71,   48.41
07/06/2013 05:30:00,   51.48,   57.83,   43.30,   53.62,   58.08,   47.13
07/06/2013 05:35:00,   50.82,   55.32,   44.46,   53.60,   58.16,   47.49
07/06/2013 05:40:00,   54.43,   59.96,   43.98,   56.08,   60.97,   47.20
07/06/2013 05:45:00,   54.62,   60.22,   46.75,   55.86,   60.71,   49.62
07/06/2013 05:50:00,   52.45,   57.14,   45.89,   54.99,   58.74,   49.07
07/06/2013 05:55:00,   52.04,   56.92,   44.17,   54.23,   58.94,   48.41
07/06/2013 06:00:00,   52.52,   58.19,   45.28,   55.15,   60.00,   48.99
07/06/2013 06:05:00,   51.48,   56.53,   44.75,   53.94,   58.36,   48.44
07/06/2013 06:10:00,   53.95,   60.41,   44.69,   55.40,   60.91,   48.19
07/06/2013 06:15:00,   55.68,   62.76,   45.00,   57.41,   63.62,   49.61
07/06/2013 06:20:00,   54.58,   60.48,   46.58,   57.05,   61.99,   50.21
07/06/2013 06:25:00,   53.86,   59.28,   45.13,   55.87,   60.82,   49.27
07/06/2013 06:30:00,   52.51,   58.32,   44.50,   56.25,   61.57,   49.11
07/06/2013 06:35:00,   53.18,   56.71,   47.65,   58.02,   62.03,   51.36
07/06/2013 06:40:00,   54.07,   57.95,   48.67,   58.56,   61.49,   53.16
07/06/2013 06:45:00,   53.40,   58.50,   45.72,   58.25,   62.24,   49.76
07/06/2013 06:50:00,   52.32,   57.34,   45.02,   55.99,   60.91,   50.27
07/06/2013 06:55:00,   54.45,   58.75,   45.99,   59.28,   63.71,   51.41
07/06/2013 07:00:00,   54.63,   58.14,   47.41,   58.56,   61.76,   52.81
07/06/2013 07:05:00,   53.47,   57.11,   47.62,   57.43,   60.24,   53.44
07/06/2013 07:10:00,   53.89,   57.85,   46.22,   57.43,   61.15,   51.72
07/06/2013 07:15:00,   53.83,   58.50,   45.25,   58.51,   64.25,   50.44
07/06/2013 07:20:00,   54.20,   58.81,   46.64,   57.58,   61.02,   51.61
07/06/2013 07:25:00,   55.37,   59.39,   46.11,   59.33,   63.65,   51.89
07/06/2013 07:30:00,   54.52,   59.70,   46.99,   58.76,   62.86,   53.38
07/06/2013 07:35:00,   55.72,   60.15,   48.50,   59.75,   63.03,   54.15
07/06/2013 07:40:00,   55.65,   59.99,   48.35,   60.05,   63.88,   53.49
07/06/2013 07:45:00,   55.95,   59.75,   47.96,   60.04,   63.12,   54.09
07/06/2013 07:50:00,   56.33,   59.77,   48.35,   59.76,   62.95,   53.49
07/06/2013 07:55:00,   56.45,   60.89,   47.31,   59.65,   63.33,   52.67
07/06/2013 08:00:00,   54.66,   57.79,   48.58,   60.01,   63.57,   54.50
07/06/2013 08:05:00,   56.23,   59.94,   49.33,   60.86,   64.90,   54.75
07/06/2013 08:10:00,   55.33,   58.82,   49.91,   61.26,   64.70,   55.95
07/06/2013 08:15:00,   55.37,   59.33,   48.22,   59.75,   63.34,   54.78
07/06/2013 08:20:00,   54.84,   58.50,   49.33,   60.21,   63.93,   54.57
07/06/2013 08:25:00,   54.14,   57.69,   47.65,   59.32,   62.61,   53.69
07/06/2013 08:30:00,   56.99,   59.93,   49.64,   61.97,   66.29,   55.28
07/06/2013 08:35:00,   55.40,   59.22,   49.15,   60.79,   63.59,   54.31
07/06/2013 08:40:00,   56.70,   60.24,   49.98,   61.24,   64.58,   55.87
07/06/2013 08:45:00,   58.53,   64.72,   49.18,   63.80,   69.62,   55.39
07/06/2013 08:50:00,   59.09,   62.58,   50.08,   64.24,   67.50,   55.83
07/06/2013 08:55:00,   60.93,   66.41,   54.10,   66.58,   71.33,   60.41
07/06/2013 09:00:00,   56.42,   59.77,   50.55,   61.67,   65.15,   56.36
07/06/2013 09:05:00,   55.54,   58.59,   49.75,   60.27,   62.77,   55.45
07/06/2013 09:10:00,   57.45,   62.18,   50.27,   63.29,   69.62,   56.30
07/06/2013 09:15:00,   53.99,   57.97,   47.56,   59.51,   62.41,   53.92
07/06/2013 09:20:00,   55.46,   58.82,   49.48,   61.37,   64.51,   56.47
07/06/2013 09:25:00,   55.42,   58.18,   47.90,   59.89,   62.56,   55.16
07/06/2013 09:30:00,   54.89,   58.36,   47.98,   60.27,   63.01,   55.05
07/06/2013 09:35:00,   55.12,   58.82,   46.44,   60.62,   65.06,   53.59
07/06/2013 09:40:00,   53.46,   56.99,   47.96,   60.04,   63.90,   55.49
07/06/2013 09:45:00,   55.94,   59.28,   48.62,   60.08,   64.00,   53.53
07/06/2013 09:50:00,   54.00,   57.22,   48.64,   58.25,   60.84,   54.56
07/06/2013 09:55:00,   54.54,   58.11,   47.25,   60.05,   63.12,   54.30
07/06/2013 10:00:00,   54.71,   57.73,   48.94,   59.18,   61.79,   54.43
07/06/2013 10:05:00,   54.89,   58.49,   47.91,   58.96,   61.93,   53.73
07/06/2013 10:10:00,   54.14,   57.39,   48.75,   59.45,   62.37,   55.57
07/06/2013 10:15:00,   53.71,   57.25,   47.79,   58.60,   61.97,   53.90
07/06/2013 10:20:00,   54.39,   57.55,   49.21,   59.66,   62.67,   54.80
07/06/2013 10:25:00,   54.38,   57.40,   48.70,   60.09,   63.19,   54.35
07/06/2013 10:30:00,   53.91,   58.00,   47.83,   58.43,   61.86,   52.99
07/06/2013 10:35:00,   55.32,   59.27,   47.58,   59.38,   62.46,   52.84
07/06/2013 10:40:00,   54.98,   58.43,   47.89,   59.63,   63.65,   53.59
07/06/2013 10:45:00,   55.96,   59.86,   48.35,   61.13,   65.36,   56.55
07/06/2013 10:50:00,   55.71,   58.15,   51.59,   59.19,   62.14,   54.58
07/06/2013 10:55:00,   55.88,   59.38,   49.27,   62.10,   67.09,   54.66
07/06/2013 11:00:00,   55.69,   58.87,   49.07,   61.87,   66.44,   54.69
07/06/2013 11:05:00,   54.69,   58.19,   48.70,   60.01,   62.56,   54.86
07/06/2013 11:10:00,   54.07,   56.90,   49.88,   58.95,   61.41,   54.99
07/06/2013 11:15:00,   54.30,   58.06,   47.79,   59.01,   62.15,   54.11
07/06/2013 11:20:00,   54.36,   57.88,   46.89,   59.35,   63.22,   52.36
07/06/2013 11:25:00,   54.43,   57.82,   48.20,   60.47,   64.05,   55.54
07/06/2013 11:30:00,   54.65,   57.82,   48.22,   59.99,   62.95,   55.01
07/06/2013 11:35:00,   55.53,   59.23,   50.23,   61.88,   65.28,   57.30
07/06/2013 11:40:00,   54.08,   57.39,   47.40,   59.09,   62.44,   53.16
07/06/2013 11:45:00,   53.47,   56.71,   47.33,   58.73,   62.14,   53.56
07/06/2013 11:50:00,   53.93,   56.77,   49.55,   59.66,   62.10,   55.67
07/06/2013 11:55:00,   54.33,   57.21,   50.05,   59.63,   61.92,   55.95
07/06/2013 12:00:00,   56.46,   59.42,   51.06,   62.30,   65.51,   57.83
07/06/2013 12:05:00,   56.82,   59.81,   51.74,   63.86,   67.53,   57.64
07/06/2013 12:10:00,   54.76,   58.58,   48.91,   59.99,   63.48,   53.50
07/06/2013 12:15:00,   54.34,   57.32,   48.88,   60.04,   63.31,   54.98
07/06/2013 12:20:00,   53.69,   57.29,   47.84,   58.58,   61.94,   53.54
07/06/2013 12:25:00,   54.55,   57.93,   47.73,   60.02,   63.16,   53.03
07/06/2013 12:30:00,   54.44,   57.84,   48.46,   58.94,   61.81,   53.90
07/06/2013 12:35:00,   53.86,   57.50,   47.30,   59.30,   63.52,   52.51
07/06/2013 12:40:00,   55.02,   58.69,   48.55,   60.63,   64.58,   54.74
07/06/2013 12:45:00,   54.94,   58.24,   48.05,   59.27,   62.15,   53.78
07/06/2013 12:50:00,   55.93,   59.37,   48.32,   60.88,   64.71,   54.58
07/06/2013 12:55:00,   55.09,   57.94,   49.77,   59.50,   61.98,   55.14
07/06/2013 13:00:00,   53.97,   56.32,   49.25,   59.46,   61.94,   54.99
07/06/2013 13:05:00,   54.68,   57.53,   50.28,   58.78,   61.08,   55.38
07/06/2013 13:10:00,   54.62,   58.01,   48.49,   58.93,   61.64,   53.46
07/06/2013 13:15:00,   53.28,   56.65,   48.92,   59.83,   62.81,   55.12
07/06/2013 13:20:00,   55.04,   57.61,   48.44,   60.88,   63.67,   55.68
07/06/2013 13:25:00,   54.70,   57.71,   48.63,   59.46,   62.06,   53.95
07/06/2013 13:30:00,   54.72,   57.46,   50.10,   59.91,   62.90,   54.86
07/06/2013 13:35:00,   53.87,   56.97,   48.45,   59.51,   62.63,   53.99
07/06/2013 13:40:00,   53.37,   57.14,   48.69,   58.11,   61.02,   54.00
07/06/2013 13:45:00,   55.10,   57.67,   50.50,   61.36,   64.15,   56.36
07/06/2013 13:50:00,   54.15,   56.84,   49.26,   59.94,   62.14,   55.51
07/06/2013 13:55:00,   55.24,   58.44,   49.46,   59.65,   63.12,   54.37
07/06/2013 14:00:00,   54.41,   58.10,   47.27,   59.62,   63.03,   52.93
07/06/2013 14:05:00,   53.41,   56.31,   48.95,   58.73,   61.32,   53.75
07/06/2013 14:10:00,   53.78,   56.50,   47.50,   59.47,   62.08,   53.44
07/06/2013 14:15:00,   54.87,   57.76,   48.78,   59.84,   62.41,   54.57
07/06/2013 14:20:00,   55.35,   57.51,   50.78,   61.94,   65.75,   56.82
07/06/2013 14:25:00,   54.89,   57.75,   50.57,   59.89,   63.29,   55.55
07/06/2013 14:30:00,   56.31,   59.42,   51.42,   59.19,   62.30,   54.91
07/06/2013 14:35:00,   55.92,   58.46,   51.65,   60.76,   64.13,   56.00
07/06/2013 14:40:00,   56.29,   59.67,   50.14,   61.03,   64.50,   55.76
07/06/2013 14:45:00,   56.92,   60.50,   51.28,   61.08,   64.11,   56.60
07/06/2013 14:50:00,   55.55,   57.91,   51.04,   60.01,   62.94,   55.77
07/06/2013 14:55:00,   55.88,   57.89,   51.44,   61.51,   64.58,   56.44
07/06/2013 15:00:00,   55.63,   57.98,   49.29,   60.61,   63.53,   54.63
07/06/2013 15:05:00,   55.30,   58.74,   49.36,   59.73,   63.49,   54.38
07/06/2013 15:10:00,   56.58,   60.26,   50.12,   59.79,   62.44,   55.52
07/06/2013 15:15:00,   57.14,   59.87,   51.95,   60.19,   62.54,   55.68
07/06/2013 15:20:00,   56.49,   58.92,   51.90,   60.74,   63.70,   57.25
07/06/2013 15:25:00,   55.77,   59.43,   49.75,   60.13,   63.52,   54.52
07/06/2013 15:30:00,   55.14,   58.87,   47.62,   60.01,   63.92,   53.56
07/06/2013 15:35:00,   57.62,   60.64,   50.85,   62.23,   65.29,   55.62
07/06/2013 15:40:00,   56.34,   59.12,   51.38,   61.58,   63.87,   58.16
07/06/2013 15:45:00,   56.46,   59.14,   51.05,   60.43,   63.11,   55.80
07/06/2013 15:50:00,   55.87,   58.64,   49.58,   58.66,   61.85,   52.71
07/06/2013 15:55:00,   55.77,   59.05,   49.78,   60.56,   64.69,   53.49
07/06/2013 16:00:00,   57.18,   59.30,   52.86,   61.41,   64.23,   56.88
07/06/2013 16:05:00,   58.23,   62.19,   50.81,   60.80,   64.44,   54.43
07/06/2013 16:10:00,   58.14,   60.59,   53.81,   60.94,   63.80,   56.61
07/06/2013 16:15:00,   58.48,   61.74,   52.35,   60.48,   62.68,   56.09
07/06/2013 16:20:00,   56.88,   59.27,   51.07,   60.86,   63.11,   55.22
07/06/2013 16:25:00,   55.96,   59.40,   50.36,   60.45,   64.10,   53.89
07/06/2013 16:30:00,   56.96,   59.83,   50.25,   60.37,   63.51,   53.96
07/06/2013 16:35:00,   57.91,   60.98,   52.53,   61.05,   63.94,   55.63
07/06/2013 16:40:00,   57.06,   59.11,   53.28,   59.64,   62.26,   55.69
07/06/2013 16:45:00,   56.08,   58.03,   51.84,   60.23,   62.52,   56.29
07/06/2013 16:50:00,   55.10,   58.37,   48.63,   58.88,   61.35,   52.05
07/06/2013 16:55:00,   56.09,   58.74,   49.78,   59.75,   62.01,   53.98
07/06/2013 17:00:00,   57.65,   61.16,   49.96,   59.98,   62.22,   55.81
07/06/2013 17:05:00,   55.58,   58.75,   50.12,   59.35,   62.03,   53.53
07/06/2013 17:10:00,   60.68,   65.70,   51.28,   62.08,   65.73,   55.23
07/06/2013 17:15:00,   60.11,   63.97,   52.48,   62.24,   65.06,   57.41
07/06/2013 17:20:00,   61.30,   65.26,   54.06,   61.75,   64.82,   56.14
07/06/2013 17:25:00,   63.10,   68.52,   55.69,   63.56,   67.63,   56.97
07/06/2013 17:30:00,   63.06,   66.49,   56.89,   63.90,   66.92,   58.77
07/06/2013 17:35:00,   60.23,   63.50,   53.43,   62.20,   66.47,   55.34
07/06/2013 17:40:00,   58.18,   61.29,   50.78,   60.84,   63.50,   54.54
07/06/2013 17:45:00,   57.93,   61.65,   49.81,   60.32,   62.78,   54.44
07/06/2013 17:50:00,   59.42,   61.36,   54.62,   61.12,   63.81,   57.06
07/06/2013 17:55:00,   58.96,   61.09,   53.93,   60.38,   62.79,   54.81
07/06/2013 18:00:00,   61.63,   65.13,   55.11,   62.82,   65.22,   57.71
07/06/2013 18:05:00,   66.47,   70.13,   60.39,   65.86,   69.18,   60.65
07/06/2013 18:10:00,   60.19,   63.53,   54.33,   62.14,   64.56,   57.95
07/06/2013 18:15:00,   57.96,   60.91,   52.80,   60.15,   62.74,   54.71
07/06/2013 18:20:00,   57.02,   59.34,   52.32,   59.69,   63.10,   54.25
07/06/2013 18:25:00,   56.59,   59.08,   52.48,   60.64,   63.51,   55.92
07/06/2013 18:30:00,   55.08,   58.19,   46.99,   57.82,   61.15,   52.03
07/06/2013 18:35:00,   55.26,   58.50,   47.16,   59.45,   62.52,   50.18
07/06/2013 18:40:00,   55.95,   58.83,   50.31,   59.53,   62.25,   54.68
07/06/2013 18:45:00,   56.48,   59.49,   50.21,   60.17,   62.79,   55.09
07/06/2013 18:50:00,   54.63,   57.71,   47.74,   58.30,   60.85,   53.09
07/06/2013 18:55:00,   54.80,   57.90,   49.70,   58.64,   61.69,   53.96
07/06/2013 19:00:00,   55.13,   57.89,   47.45,   59.86,   63.23,   53.33
07/06/2013 19:05:00,   55.87,   59.48,   49.93,   60.20,   63.06,   55.56
07/06/2013 19:10:00,   57.19,   60.54,   48.99,   61.24,   65.88,   53.82
07/06/2013 19:15:00,   54.88,   58.12,   49.44,   58.71,   61.61,   54.10
07/06/2013 19:20:00,   55.68,   58.58,   50.23,   59.77,   62.85,   54.13
07/06/2013 19:25:00,   55.19,   58.73,   49.32,   59.69,   62.90,   53.05
07/06/2013 19:30:00,   55.68,   59.09,   48.91,   59.84,   63.06,   53.33
07/06/2013 19:35:00,   56.41,   60.26,   47.34,   60.31,   65.77,   51.44
07/06/2013 19:40:00,   58.70,   66.19,   49.90,   62.16,   69.47,   53.89
07/06/2013 19:45:00,   57.21,   64.54,   47.16,   61.12,   68.23,   50.91
07/06/2013 19:50:00,   59.02,   67.17,   48.10,   62.38,   70.28,   52.65
07/06/2013 19:55:00,   56.45,   59.59,   47.11,   59.68,   62.75,   51.48
07/06/2013 20:00:00,   56.26,   60.56,   48.94,   58.95,   62.70,   53.04
07/06/2013 20:05:00,   54.56,   58.08,   47.87,   58.44,   61.65,   52.91
07/06/2013 20:10:00,   54.50,   57.91,   48.96,   58.92,   62.47,   54.16
07/06/2013 20:15:00,   54.90,   58.47,   47.96,   58.74,   61.91,   52.62
07/06/2013 20:20:00,   53.60,   57.48,   43.85,   57.59,   61.31,   48.10
07/06/2013 20:25:00,   54.63,   57.96,   46.24,   57.92,   61.18,   49.60
07/06/2013 20:30:00,   54.07,   58.10,   44.97,   58.01,   62.10,   49.35
07/06/2013 20:35:00,   54.31,   57.83,   45.58,   57.93,   61.08,   51.62
07/06/2013 20:40:00,   54.56,   57.68,   47.42,   57.89,   60.90,   51.81
07/06/2013 20:45:00,   54.30,   58.81,   46.39,   56.87,   60.38,   50.89
07/06/2013 20:50:00,   54.22,   57.96,   44.33,   57.57,   61.05,   49.23
07/06/2013 20:55:00,   54.88,   58.98,   46.20,   57.97,   61.15,   51.80
07/06/2013 21:00:00,   53.95,   57.81,   46.61,   57.25,   60.75,   50.28
07/06/2013 21:05:00,   54.07,   58.07,   47.73,   57.66,   61.36,   52.76
07/06/2013 21:10:00,   53.41,   57.65,   44.50,   56.21,   59.77,   47.51
07/06/2013 21:15:00,   53.69,   58.40,   43.79,   57.23,   61.05,   47.68
07/06/2013 21:20:00,   54.43,   58.90,   47.10,   57.44,   61.67,   50.67
07/06/2013 21:25:00,   54.57,   58.21,   46.60,   58.29,   61.00,   51.20
07/06/2013 21:30:00,   52.90,   57.22,   45.63,   56.20,   60.23,   49.78
07/06/2013 21:35:00,   54.22,   58.73,   43.39,   57.41,   61.19,   48.49
07/06/2013 21:40:00,   54.43,   58.41,   46.17,   56.86,   60.20,   49.69
07/06/2013 21:45:00,   52.64,   56.57,   45.21,   56.31,   59.29,   49.38
07/06/2013 21:50:00,   53.85,   58.27,   46.17,   57.61,   61.14,   50.07
07/06/2013 21:55:00,   53.91,   57.50,   44.53,   57.04,   60.65,   50.05
07/06/2013 22:00:00,   53.30,   56.99,   45.60,   55.69,   58.88,   50.90
07/06/2013 22:05:00,   54.01,   57.80,   47.24,   56.57,   60.01,   50.69
07/06/2013 22:10:00,   53.86,   57.52,   45.84,   57.22,   60.39,   49.50
07/06/2013 22:15:00,   54.07,   58.23,   46.08,   57.22,   60.89,   50.26
07/06/2013 22:20:00,   54.03,   58.06,   46.16,   57.64,   60.89,   50.88
07/06/2013 22:25:00,   53.84,   57.79,   45.97,   57.26,   61.01,   50.14
07/06/2013 22:30:00,   52.33,   56.84,   44.55,   55.42,   59.75,   47.91
07/06/2013 22:35:00,   54.03,   58.55,   46.67,   57.14,   61.39,   50.53
07/06/2013 22:40:00,   53.94,   58.34,   43.97,   56.79,   60.80,   48.71
07/06/2013 22:45:00,   56.19,   58.43,   42.58,   58.47,   61.07,   46.95
07/06/2013 22:50:00,   51.58,   56.39,   44.85,   54.68,   59.01,   48.63
07/06/2013 22:55:00,   51.71,   56.59,   44.42,   54.70,   58.48,   48.59
07/06/2013 23:00:00,   52.48,   57.14,   44.69,   57.31,   60.65,   49.43
07/06/2013 23:05:00,   54.23,   58.00,   48.06,   58.02,   61.16,   51.14
07/06/2013 23:10:00,   53.16,   58.18,   43.13,   56.54,   60.71,   46.81
07/06/2013 23:15:00,   51.78,   57.10,   43.97,   54.12,   58.50,   46.88
07/06/2013 23:20:00,   52.28,   57.31,   43.79,   54.89,   59.08,   47.75
07/06/2013 23:25:00,   51.27,   55.92,   43.77,   54.87,   59.23,   47.49
07/06/2013 23:30:00,   51.79,   56.35,   41.94,   54.73,   58.79,   46.08
07/06/2013 23:35:00,   52.07,   56.62,   42.67,   55.65,   60.15,   47.36
07/06/2013 23:40:00,   51.96,   56.51,   42.95,   55.92,   60.21,   47.76
07/06/2013 23:45:00,   50.75,   55.28,   42.13,   53.48,   57.44,   46.17
07/06/2013 23:50:00,   52.03,   56.72,   44.72,   54.76,   58.31,   49.42
07/06/2013 23:56:00,   50.07,   54.70,   42.90,   54.14,   57.69,   48.02

