# noise_analysis run from DCC-NOISE-001003 at Mon Jul  1 00:00:00 2013
# Monitoring unit located at 53.342609N 6.340721W
# logfile   = /home/root/noise_analysis.log
# cfg_dir   = /home/root/config
# outputdir = /home/root/noise
# Sensitivity = -26.271103
# Gain = 1.000000
# Time should be in local format (i.e. daylight savings time)
# dd/mm/yyyy hh:mm:ss, A Leq,   A L10,   A L95,   C Leq,   C L10,   C L95
01/07/2013 00:05:00,   53.24,   57.12,   46.35,   55.39,   58.80,   49.46
01/07/2013 00:10:00,   54.26,   58.49,   46.74,   56.17,   59.95,   49.74
01/07/2013 00:15:00,   52.36,   55.92,   47.38,   54.60,   57.27,   50.37
01/07/2013 00:20:00,   53.10,   57.83,   46.41,   55.32,   59.47,   49.08
01/07/2013 00:25:00,   52.32,   56.77,   46.41,   54.77,   58.69,   49.17
01/07/2013 00:30:00,   52.42,   57.01,   45.59,   54.81,   59.10,   48.07
01/07/2013 00:35:00,   52.93,   57.18,   46.53,   55.25,   59.43,   49.09
01/07/2013 00:40:00,   54.33,   58.59,   48.46,   56.52,   60.23,   51.60
01/07/2013 00:45:00,   51.62,   56.59,   45.42,   53.45,   57.96,   48.69
01/07/2013 00:50:00,   52.18,   58.26,   43.11,   55.32,   61.16,   46.45
01/07/2013 00:55:00,   51.03,   55.85,   42.62,   53.63,   57.20,   46.21
01/07/2013 01:00:00,   50.92,   55.10,   42.82,   52.81,   56.22,   46.51
01/07/2013 01:05:00,   51.37,   56.29,   44.63,   53.99,   58.21,   47.41
01/07/2013 01:10:00,   51.99,   56.82,   44.82,   55.08,   60.25,   47.34
01/07/2013 01:15:00,   50.61,   55.71,   44.37,   52.83,   57.62,   47.60
01/07/2013 01:20:00,   50.53,   55.57,   45.17,   53.12,   57.53,   48.00
01/07/2013 01:25:00,   50.99,   56.06,   43.41,   53.09,   57.80,   46.19
01/07/2013 01:30:00,   50.92,   55.88,   42.81,   53.64,   58.76,   46.35
01/07/2013 01:35:00,   50.55,   56.66,   43.30,   53.31,   58.31,   46.62
01/07/2013 01:40:00,   48.36,   53.25,   43.41,   51.08,   55.53,   46.86
01/07/2013 01:45:00,   49.36,   55.58,   42.53,   51.82,   57.09,   46.28
01/07/2013 01:50:00,   49.69,   54.69,   43.52,   52.21,   56.43,   46.98
01/07/2013 01:55:00,   49.12,   55.15,   43.86,   51.41,   56.72,   47.03
01/07/2013 02:00:00,   48.32,   53.36,   42.36,   51.26,   55.36,   45.94
01/07/2013 02:05:00,   49.27,   54.67,   43.11,   51.47,   56.36,   46.28
01/07/2013 02:10:00,   47.85,   53.00,   43.16,   51.07,   55.84,   46.36
01/07/2013 02:15:00,   48.44,   53.39,   42.59,   51.50,   56.23,   45.81
01/07/2013 02:20:00,   51.40,   56.85,   42.11,   55.79,   62.83,   45.48
01/07/2013 02:25:00,   45.28,   47.90,   41.74,   48.01,   50.84,   45.09
01/07/2013 02:30:00,   45.23,   49.95,   40.64,   48.53,   52.69,   44.57
01/07/2013 02:35:00,   48.02,   54.24,   41.64,   50.46,   56.21,   45.38
01/07/2013 02:40:00,   47.81,   52.59,   42.41,   50.45,   54.11,   46.10
01/07/2013 02:45:00,   51.26,   56.87,   43.73,   53.72,   59.04,   47.35
01/07/2013 02:50:00,   49.12,   55.30,   41.91,   51.84,   57.39,   45.98
01/07/2013 02:55:00,   47.31,   51.67,   42.00,   50.47,   54.09,   46.36
01/07/2013 03:00:00,   47.53,   52.21,   41.90,   51.29,   55.66,   45.50
01/07/2013 03:05:00,   47.27,   51.27,   41.82,   50.57,   54.47,   45.26
01/07/2013 03:10:00,   47.36,   53.21,   39.88,   50.61,   55.64,   44.19
01/07/2013 03:15:00,   47.20,   51.81,   41.95,   50.30,   54.97,   45.34
01/07/2013 03:20:00,   46.48,   52.03,   41.17,   48.92,   54.02,   44.42
01/07/2013 03:25:00,   46.94,   51.78,   42.30,   51.91,   56.36,   46.16
01/07/2013 03:30:00,   45.69,   48.33,   41.10,   48.22,   51.29,   44.50
01/07/2013 03:35:00,   47.90,   52.38,   42.41,   50.56,   54.43,   46.04
01/07/2013 03:40:00,   46.64,   50.52,   42.23,   49.42,   52.97,   45.36
01/07/2013 03:45:00,   49.78,   55.58,   42.39,   51.70,   56.77,   45.28
01/07/2013 03:50:00,   48.50,   53.07,   43.10,   51.33,   55.94,   46.22
01/07/2013 03:55:00,   49.42,   54.86,   43.54,   51.88,   56.71,   46.38
01/07/2013 04:00:00,   47.30,   53.19,   41.36,   49.93,   55.08,   44.47
01/07/2013 04:05:00,   49.53,   54.89,   44.29,   51.71,   56.49,   46.77
01/07/2013 04:10:00,   50.00,   55.43,   44.16,   52.42,   57.15,   47.30
01/07/2013 04:15:00,   48.92,   53.09,   43.65,   51.56,   56.47,   46.23
01/07/2013 04:20:00,   48.85,   55.05,   43.60,   51.85,   57.78,   46.64
01/07/2013 04:25:00,   49.99,   53.77,   44.72,   52.84,   56.10,   47.18
01/07/2013 04:30:00,   49.16,   53.65,   43.53,   51.50,   55.81,   46.48
01/07/2013 04:35:00,   47.51,   50.41,   43.76,   50.10,   52.85,   46.88
01/07/2013 04:40:00,   47.13,   49.73,   43.07,   51.05,   53.24,   47.65
01/07/2013 04:45:00,   47.84,   52.27,   43.59,   51.31,   56.39,   46.60
01/07/2013 04:50:00,   50.55,   56.60,   44.07,   52.32,   57.42,   47.47
01/07/2013 04:55:00,   48.02,   52.75,   43.72,   50.83,   55.23,   47.05
01/07/2013 05:00:00,   50.52,   54.59,   44.53,   52.98,   57.19,   47.93
01/07/2013 05:05:00,   47.83,   50.68,   43.74,   50.96,   53.73,   47.04
01/07/2013 05:10:00,   49.02,   53.63,   44.79,   52.50,   56.78,   48.28
01/07/2013 05:15:00,   49.39,   54.02,   44.71,   51.97,   56.11,   47.94
01/07/2013 05:20:00,   50.19,   53.71,   45.76,   52.93,   56.24,   49.51
01/07/2013 05:25:00,   52.30,   56.87,   46.25,   54.21,   58.42,   48.90
01/07/2013 05:30:00,   50.41,   53.97,   46.20,   52.62,   55.54,   49.26
01/07/2013 05:35:00,   55.16,   60.23,   46.27,   58.61,   63.52,   49.38
01/07/2013 05:40:00,   57.65,   66.25,   48.11,   60.96,   71.19,   50.68
01/07/2013 05:45:00,   58.40,   67.57,   46.68,   61.95,   71.64,   49.97
01/07/2013 05:50:00,   57.37,   67.07,   45.56,   61.03,   71.41,   49.00
01/07/2013 05:55:00,   58.97,   68.19,   45.53,   62.93,   72.58,   48.58
01/07/2013 06:00:00,   51.72,   57.27,   45.38,   54.44,   59.89,   48.50
01/07/2013 06:05:00,   51.57,   57.61,   44.10,   53.80,   59.41,   47.69
01/07/2013 06:10:00,   51.09,   55.66,   45.07,   54.62,   58.57,   48.51
01/07/2013 06:15:00,   51.50,   56.69,   46.23,   54.17,   58.33,   49.44
01/07/2013 06:20:00,   52.02,   56.54,   46.36,   55.34,   59.84,   50.04
01/07/2013 06:25:00,   57.41,   65.42,   47.23,   63.12,   72.09,   50.47
01/07/2013 06:30:00,   54.12,   58.63,   47.80,   58.81,   63.99,   51.52
01/07/2013 06:35:00,   54.37,   58.57,   48.37,   57.72,   60.67,   52.25
01/07/2013 06:40:00,   55.28,   60.43,   48.42,   58.86,   64.71,   51.93
01/07/2013 06:45:00,   55.20,   59.17,   49.44,   58.74,   63.36,   53.16
01/07/2013 06:50:00,   56.39,   60.93,   49.99,   60.73,   66.01,   53.22
01/07/2013 06:55:00,   55.43,   58.59,   51.13,   59.09,   62.14,   54.95
01/07/2013 07:00:00,   54.85,   58.30,   49.65,   58.31,   61.91,   52.97
01/07/2013 07:05:00,   56.38,   59.68,   51.40,   59.63,   62.36,   54.95
01/07/2013 07:10:00,   55.79,   59.69,   51.18,   59.18,   62.71,   54.31
01/07/2013 07:15:00,   55.46,   58.87,   50.39,   58.35,   61.52,   53.43
01/07/2013 07:20:00,   58.31,   61.31,   52.28,   62.50,   68.17,   55.19
01/07/2013 07:25:00,   57.70,   61.11,   52.91,   61.10,   65.14,   56.12
01/07/2013 07:30:00,   56.06,   59.47,   51.35,   59.69,   63.28,   54.38
01/07/2013 07:35:00,   56.87,   59.89,   52.45,   60.36,   63.03,   56.28
01/07/2013 07:40:00,   58.44,   61.66,   53.46,   62.22,   65.88,   56.07
01/07/2013 07:45:00,   56.70,   60.14,   51.13,   60.20,   62.95,   54.81
01/07/2013 07:50:00,   56.92,   60.72,   52.53,   60.19,   63.61,   55.80
01/07/2013 07:55:00,   57.46,   60.52,   52.25,   61.26,   64.40,   55.90
01/07/2013 08:00:00,   57.32,   60.95,   52.40,   60.54,   64.00,   55.43
01/07/2013 08:05:00,   58.00,   61.20,   53.73,   62.42,   66.28,   58.51
01/07/2013 08:10:00,   56.93,   59.70,   53.52,   60.84,   63.29,   58.16
01/07/2013 08:15:00,   56.87,   59.75,   52.21,   60.86,   64.22,   56.09
01/07/2013 08:20:00,   57.37,   60.57,   52.19,   60.87,   64.49,   55.98
01/07/2013 08:25:00,   56.88,   60.09,   53.12,   60.74,   63.37,   56.85
01/07/2013 08:30:00,   56.10,   59.29,   51.98,   59.21,   61.92,   55.78
01/07/2013 08:35:00,   55.75,   59.45,   51.31,   59.34,   62.59,   55.40
01/07/2013 08:40:00,   56.43,   60.14,   50.84,   59.53,   62.90,   54.91
01/07/2013 08:45:00,   56.80,   60.15,   51.54,   61.29,   64.54,   55.81
01/07/2013 08:50:00,   56.67,   59.40,   53.63,   60.33,   63.06,   57.00
01/07/2013 08:55:00,   57.16,   60.04,   53.11,   60.81,   62.94,   57.02
01/07/2013 09:00:00,   57.49,   60.93,   52.42,   61.00,   64.47,   55.57
01/07/2013 09:05:00,   57.24,   60.18,   53.17,   61.25,   64.09,   57.11
01/07/2013 09:10:00,   56.47,   60.02,   52.33,   62.78,   68.34,   56.06
01/07/2013 09:15:00,   56.41,   59.47,   52.42,   60.34,   63.22,   56.42
01/07/2013 09:20:00,   56.80,   59.48,   52.48,   59.74,   62.18,   56.28
01/07/2013 09:25:00,   57.47,   60.78,   51.68,   61.07,   63.87,   55.62
01/07/2013 09:30:00,   56.37,   59.09,   52.29,   59.58,   62.17,   56.00
01/07/2013 09:35:00,   55.92,   58.96,   51.07,   60.20,   63.57,   55.25
01/07/2013 09:40:00,   56.17,   59.27,   51.95,   60.44,   63.51,   56.32
01/07/2013 09:45:00,   56.81,   59.67,   51.43,   59.73,   62.76,   54.50
01/07/2013 09:50:00,   59.00,   62.97,   53.03,   63.35,   69.26,   57.05
01/07/2013 09:55:00,   57.28,   60.50,   51.01,   62.13,   65.90,   54.64
01/07/2013 10:00:00,   57.47,   60.25,   52.68,   61.03,   64.16,   56.12
01/07/2013 10:05:00,   56.14,   59.16,   51.41,   59.93,   62.35,   55.56
01/07/2013 10:10:00,   56.48,   59.31,   51.87,   59.94,   62.67,   56.37
01/07/2013 10:15:00,   58.30,   63.49,   50.73,   61.98,   67.81,   54.41
01/07/2013 10:20:00,   56.66,   59.97,   52.45,   61.09,   64.39,   56.48
01/07/2013 10:25:00,   56.43,   59.58,   50.95,   60.29,   63.08,   55.45
01/07/2013 10:30:00,   56.60,   59.87,   51.12,   59.96,   62.97,   54.93
01/07/2013 10:35:00,   56.65,   59.85,   51.93,   60.10,   62.98,   55.38
01/07/2013 10:40:00,   55.50,   58.79,   50.80,   59.28,   61.89,   55.23
01/07/2013 10:45:00,   55.99,   59.34,   50.90,   60.22,   64.09,   55.81
01/07/2013 10:50:00,   56.35,   59.26,   51.53,   60.05,   62.70,   55.92
01/07/2013 10:55:00,   56.01,   59.31,   50.74,   59.62,   62.09,   54.69
01/07/2013 11:00:00,   55.64,   58.59,   51.52,   59.27,   61.65,   55.59
01/07/2013 11:05:00,   56.20,   59.27,   51.02,   60.78,   63.53,   56.29
01/07/2013 11:10:00,   56.82,   59.78,   51.86,   61.05,   65.16,   56.04
01/07/2013 11:15:00,   60.99,   64.30,   55.81,   67.13,   70.99,   60.48
01/07/2013 11:20:00,   56.18,   58.76,   51.38,   59.93,   63.07,   54.89
01/07/2013 11:25:00,   56.63,   59.35,   52.06,   59.71,   62.20,   55.81
01/07/2013 11:30:00,   55.42,   58.41,   50.70,   60.37,   63.66,   55.73
01/07/2013 11:35:00,   55.49,   58.26,   50.13,   59.83,   62.64,   55.86
01/07/2013 11:40:00,   56.36,   59.13,   51.81,   60.47,   62.99,   56.27
01/07/2013 11:45:00,   56.26,   58.87,   52.75,   60.62,   63.00,   57.31
01/07/2013 11:50:00,   55.59,   58.44,   51.35,   60.50,   63.92,   56.09
01/07/2013 11:55:00,   54.55,   57.56,   49.52,   58.61,   61.99,   54.33
01/07/2013 12:00:00,   55.96,   58.31,   52.05,   60.92,   63.05,   56.60
01/07/2013 12:05:00,   56.61,   58.80,   52.42,   61.41,   64.55,   57.52
01/07/2013 12:10:00,   55.49,   57.92,   51.56,   59.54,   61.97,   56.51
01/07/2013 12:15:00,   56.13,   58.73,   51.08,   60.31,   63.06,   55.98
01/07/2013 12:20:00,   56.00,   58.65,   50.95,   60.43,   62.89,   55.22
01/07/2013 12:25:00,   55.46,   58.64,   50.11,   59.70,   62.33,   55.24
01/07/2013 12:30:00,   56.39,   59.48,   51.89,   60.78,   63.92,   55.91
01/07/2013 12:35:00,   55.50,   58.24,   50.95,   59.70,   62.55,   55.55
01/07/2013 12:40:00,   55.71,   58.46,   50.84,   59.68,   62.02,   55.48
01/07/2013 12:45:00,   55.68,   58.58,   51.26,   58.73,   61.19,   55.02
01/07/2013 12:50:00,   66.32,   70.76,   51.97,   65.68,   69.43,   55.43
01/07/2013 12:55:00,   60.26,   63.04,   53.59,   62.43,   65.88,   57.11
01/07/2013 13:00:00,   58.22,   62.84,   50.39,   61.61,   65.53,   55.17
01/07/2013 13:05:00,   56.05,   58.30,   51.27,   60.44,   63.12,   55.85
01/07/2013 13:10:00,   56.46,   59.09,   52.71,   60.30,   62.97,   56.42
01/07/2013 13:15:00,   56.30,   58.85,   51.85,   59.92,   62.22,   55.91
01/07/2013 13:20:00,   55.77,   58.40,   50.89,   59.60,   62.06,   54.15
01/07/2013 13:25:00,   56.40,   59.13,   51.28,   60.02,   62.43,   55.54
01/07/2013 13:30:00,   56.11,   58.75,   51.85,   59.48,   61.92,   54.94
01/07/2013 13:35:00,   55.22,   57.85,   51.47,   59.80,   62.34,   55.80
01/07/2013 13:40:00,   55.91,   58.80,   51.10,   59.80,   63.00,   54.77
01/07/2013 13:45:00,   55.90,   58.79,   52.30,   60.10,   62.49,   56.00
01/07/2013 13:50:00,   55.87,   58.29,   51.87,   59.53,   61.96,   56.12
01/07/2013 13:55:00,   56.04,   58.58,   51.99,   59.61,   62.20,   55.55
01/07/2013 14:00:00,   56.70,   59.55,   52.19,   60.93,   64.19,   56.71
01/07/2013 14:05:00,   56.80,   59.02,   54.04,   60.72,   62.74,   57.68
01/07/2013 14:10:00,   55.41,   58.17,   51.29,   59.87,   63.06,   56.07
01/07/2013 14:15:00,   56.66,   59.13,   52.22,   60.42,   62.58,   56.70
01/07/2013 14:20:00,   56.54,   58.49,   53.53,   60.19,   62.60,   56.59
01/07/2013 14:25:00,   55.60,   58.79,   50.54,   59.20,   62.20,   55.02
01/07/2013 14:30:00,   55.62,   58.45,   50.81,   60.33,   63.47,   55.46
01/07/2013 14:35:00,   55.74,   58.26,   51.29,   59.29,   61.63,   55.71
01/07/2013 14:40:00,   55.73,   58.94,   51.09,   60.21,   63.23,   55.50
01/07/2013 14:45:00,   54.73,   58.20,   47.73,   59.13,   62.15,   53.38
01/07/2013 14:50:00,   55.80,   58.45,   51.03,   59.87,   62.44,   54.53
01/07/2013 14:55:00,   56.20,   58.73,   50.89,   59.56,   62.26,   54.16
01/07/2013 15:00:00,   56.68,   59.75,   52.14,   61.66,   65.82,   57.07
01/07/2013 15:05:00,   56.12,   58.76,   49.78,   60.93,   64.15,   55.21
01/07/2013 15:10:00,   54.91,   57.65,   49.73,   59.14,   61.72,   54.34
01/07/2013 15:15:00,   54.85,   58.21,   49.31,   59.38,   62.37,   52.90
01/07/2013 15:20:00,   54.98,   57.90,   50.84,   58.74,   61.65,   54.51
01/07/2013 15:25:00,   56.03,   58.62,   50.52,   59.65,   62.46,   54.80
01/07/2013 15:30:00,   54.90,   57.55,   50.69,   59.86,   63.41,   55.53
01/07/2013 15:35:00,   54.31,   57.72,   48.50,   58.65,   62.45,   52.50
01/07/2013 15:40:00,   56.36,   58.75,   50.34,   60.39,   63.07,   55.15
01/07/2013 15:45:00,   55.65,   58.75,   50.43,   59.38,   62.26,   54.69
01/07/2013 15:50:00,   59.19,   60.91,   51.15,   62.23,   64.51,   55.49
01/07/2013 15:55:00,   57.31,   58.93,   49.78,   59.90,   62.12,   54.24
01/07/2013 16:00:00,   60.57,   65.39,   50.61,   63.22,   68.23,   54.48
01/07/2013 16:05:00,   61.80,   62.66,   51.80,   64.49,   68.06,   56.10
01/07/2013 16:10:00,   57.98,   59.56,   49.79,   60.72,   63.93,   53.65
01/07/2013 16:15:00,   61.16,   63.27,   52.23,   63.57,   66.95,   55.99
01/07/2013 16:20:00,   60.86,   61.66,   51.60,   63.66,   65.57,   55.86
01/07/2013 16:25:00,   60.69,   68.85,   50.33,   63.45,   70.12,   54.85
01/07/2013 16:30:00,   60.63,   69.77,   51.57,   63.41,   71.34,   56.53
01/07/2013 16:35:00,   55.92,   58.34,   50.02,   59.67,   61.96,   53.27
01/07/2013 16:40:00,   56.40,   58.40,   50.48,   60.46,   63.44,   54.72
01/07/2013 16:45:00,   59.18,   60.77,   51.91,   63.24,   66.65,   57.26
01/07/2013 16:50:00,   60.47,   62.84,   52.69,   62.57,   65.39,   56.25
01/07/2013 16:55:00,   62.03,   69.64,   53.66,   64.79,   71.43,   57.28
01/07/2013 17:00:00,   63.18,   72.05,   51.46,   64.68,   72.15,   56.10
01/07/2013 17:05:00,   57.48,   59.44,   53.10,   61.69,   64.44,   57.16
01/07/2013 17:10:00,   60.02,   65.10,   52.34,   62.40,   67.85,   55.85
01/07/2013 17:15:00,   56.00,   58.60,   51.38,   59.28,   61.74,   54.89
01/07/2013 17:20:00,   59.64,   63.43,   49.81,   61.59,   65.57,   53.90
01/07/2013 17:25:00,   61.15,   66.89,   53.86,   63.52,   68.92,   56.24
01/07/2013 17:30:00,   62.11,   68.72,   55.15,   64.67,   70.30,   57.51
01/07/2013 17:35:00,   60.91,   67.10,   50.46,   62.57,   67.56,   54.80
01/07/2013 17:40:00,   59.21,   64.51,   51.02,   61.52,   64.92,   55.60
01/07/2013 17:45:00,   57.91,   59.95,   49.64,   61.63,   66.49,   53.58
01/07/2013 17:50:00,   55.74,   58.58,   50.03,   59.78,   62.11,   54.27
01/07/2013 17:55:00,   55.16,   58.20,   50.40,   59.10,   62.08,   55.38
01/07/2013 18:00:00,   55.96,   58.52,   51.16,   59.90,   62.82,   55.45
01/07/2013 18:05:00,   55.94,   58.63,   50.49,   59.80,   62.98,   55.26
01/07/2013 18:10:00,   57.22,   59.06,   54.19,   61.40,   63.77,   56.90
01/07/2013 18:15:00,   57.07,   59.45,   53.87,   59.87,   62.41,   56.10
01/07/2013 18:20:00,   56.42,   58.75,   51.60,   60.12,   62.58,   55.49
01/07/2013 18:25:00,   55.62,   58.61,   50.24,   59.54,   61.95,   54.71
01/07/2013 18:30:00,   54.52,   57.73,   48.70,   57.66,   60.34,   52.57
01/07/2013 18:35:00,   55.09,   58.18,   49.07,   59.97,   63.42,   53.78
01/07/2013 18:40:00,   54.83,   57.90,   49.17,   58.38,   61.55,   53.13
01/07/2013 18:45:00,   55.28,   58.49,   49.95,   58.42,   61.40,   53.95
01/07/2013 18:50:00,   55.31,   58.37,   50.71,   57.83,   61.13,   52.58
01/07/2013 18:55:00,   56.85,   58.45,   51.84,   60.89,   63.21,   55.60
01/07/2013 19:00:00,   55.20,   58.33,   50.55,   58.90,   62.20,   54.21
01/07/2013 19:05:00,   54.48,   57.91,   50.25,   58.71,   61.84,   54.15
01/07/2013 19:10:00,   55.23,   58.14,   50.40,   58.66,   61.27,   54.44
01/07/2013 19:15:00,   56.05,   59.07,   51.40,   59.74,   63.43,   54.96
01/07/2013 19:20:00,   55.27,   58.30,   50.44,   58.31,   60.58,   53.88
01/07/2013 19:25:00,   55.57,   58.30,   51.04,   58.86,   62.12,   54.23
01/07/2013 19:30:00,   55.36,   58.31,   49.80,   58.83,   61.65,   53.74
01/07/2013 19:35:00,   55.38,   58.40,   50.55,   59.14,   61.72,   55.12
01/07/2013 19:40:00,   55.61,   58.95,   51.05,   60.09,   62.44,   55.62
01/07/2013 19:45:00,   56.18,   59.14,   51.08,   60.68,   65.24,   54.67
01/07/2013 19:50:00,   56.16,   59.16,   50.81,   59.15,   61.36,   54.60
01/07/2013 19:55:00,   57.09,   59.99,   52.71,   59.99,   62.72,   56.23
01/07/2013 20:00:00,   57.16,   59.62,   50.01,   60.73,   63.60,   53.65
01/07/2013 20:05:00,   56.71,   59.29,   52.48,   60.15,   62.44,   56.04
01/07/2013 20:10:00,   55.94,   59.46,   50.82,   59.71,   62.63,   54.71
01/07/2013 20:15:00,   56.04,   58.46,   51.98,   59.37,   61.41,   55.74
01/07/2013 20:20:00,   57.11,   60.14,   51.54,   59.89,   63.05,   54.84
01/07/2013 20:25:00,   58.92,   64.63,   51.24,   61.43,   68.32,   54.15
01/07/2013 20:30:00,   56.94,   60.00,   51.41,   59.79,   62.70,   54.87
01/07/2013 20:35:00,   57.30,   60.53,   51.41,   60.48,   64.18,   54.89
01/07/2013 20:40:00,   55.98,   58.87,   51.25,   58.72,   61.37,   54.96
01/07/2013 20:45:00,   55.71,   58.54,   48.84,   58.91,   62.27,   52.08
01/07/2013 20:50:00,   55.55,   58.62,   50.41,   59.91,   63.28,   54.02
01/07/2013 20:55:00,   54.97,   58.58,   48.84,   57.25,   60.49,   52.47
01/07/2013 21:00:00,   56.59,   59.90,   50.05,   60.79,   66.39,   52.96
01/07/2013 21:05:00,   55.28,   58.53,   49.48,   58.77,   62.19,   53.06
01/07/2013 21:10:00,   55.62,   59.00,   50.18,   58.80,   61.70,   53.91
01/07/2013 21:15:00,   53.84,   57.71,   48.77,   56.84,   60.26,   51.99
01/07/2013 21:20:00,   54.54,   58.12,   48.55,   57.17,   60.23,   51.70
01/07/2013 21:25:00,   52.95,   56.99,   46.66,   55.84,   59.25,   51.11
01/07/2013 21:30:00,   54.84,   58.22,   49.27,   58.16,   61.68,   52.53
01/07/2013 21:35:00,   54.35,   57.77,   48.35,   57.17,   60.34,   51.32
01/07/2013 21:40:00,   55.67,   59.27,   50.10,   58.32,   61.63,   53.26
01/07/2013 21:45:00,   55.48,   59.31,   48.72,   60.57,   65.29,   53.86
01/07/2013 21:50:00,   55.48,   58.82,   50.73,   58.78,   61.87,   53.76
01/07/2013 21:55:00,   53.41,   56.48,   48.24,   57.48,   61.59,   52.08
01/07/2013 22:00:00,   54.65,   58.48,   48.57,   57.38,   60.92,   52.17
01/07/2013 22:05:00,   53.95,   57.32,   49.69,   56.91,   60.35,   52.50
01/07/2013 22:10:00,   53.88,   57.10,   47.63,   56.44,   60.04,   51.21
01/07/2013 22:15:00,   55.12,   60.04,   47.10,   58.81,   64.44,   51.21
01/07/2013 22:20:00,   52.83,   57.17,   46.71,   56.00,   59.65,   51.25
01/07/2013 22:25:00,   51.87,   55.58,   46.55,   54.36,   57.55,   49.88
01/07/2013 22:30:00,   53.36,   57.54,   46.25,   56.32,   59.64,   49.86
01/07/2013 22:35:00,   53.82,   58.58,   46.30,   57.62,   62.99,   49.69
01/07/2013 22:40:00,   53.17,   57.12,   46.85,   57.33,   61.06,   51.30
01/07/2013 22:45:00,   51.89,   56.76,   45.61,   54.34,   58.60,   49.18
01/07/2013 22:50:00,   52.37,   56.04,   46.67,   55.03,   58.47,   49.77
01/07/2013 22:55:00,   53.25,   57.76,   44.55,   56.15,   60.52,   48.19
01/07/2013 23:00:00,   51.29,   56.31,   45.55,   54.78,   59.80,   49.06
01/07/2013 23:05:00,   51.90,   56.04,   45.84,   56.43,   60.88,   49.55
01/07/2013 23:10:00,   54.59,   59.98,   46.72,   59.73,   67.16,   50.69
01/07/2013 23:15:00,   51.62,   55.97,   44.86,   54.66,   59.23,   48.39
01/07/2013 23:20:00,   50.52,   54.22,   44.55,   53.70,   56.83,   49.12
01/07/2013 23:25:00,   50.95,   55.56,   45.07,   53.55,   57.08,   48.87
01/07/2013 23:30:00,   51.67,   56.60,   43.82,   55.26,   59.82,   47.51
01/07/2013 23:35:00,   50.33,   55.29,   43.28,   53.81,   59.05,   46.80
01/07/2013 23:40:00,   51.95,   57.55,   44.07,   54.33,   59.52,   47.45
01/07/2013 23:45:00,   51.24,   55.65,   44.33,   54.51,   58.31,   47.63
01/07/2013 23:50:00,   51.69,   55.45,   44.12,   55.39,   58.89,   47.98
01/07/2013 23:55:00,   51.05,   57.03,   43.68,   54.32,   59.30,   47.95

