# noise_analysis run from DCC-NOISE-001003 at Tue Jun 11 00:00:00 2013
# Monitoring unit located at 53.342609N 6.340721W
# logfile   = /home/root/noise_analysis.log
# cfg_dir   = /home/root/config
# outputdir = /home/root/noise
# Sensitivity = -26.271103
# Gain = 1.000000
# Time should be in local format (i.e. daylight savings time)
# dd/mm/yyyy hh:mm:ss, A Leq,   A L10,   A L95,   C Leq,   C L10,   C L95
11/06/2013 00:05:00,   54.45,   58.49,   47.43,   56.15,   60.31,   49.42
11/06/2013 00:10:00,   53.04,   58.85,   45.28,   54.20,   59.62,   46.88
11/06/2013 00:15:00,   52.65,   58.43,   41.75,   54.30,   59.57,   44.41
11/06/2013 00:20:00,   51.01,   56.56,   42.48,   52.52,   57.72,   44.85
11/06/2013 00:25:00,   49.21,   55.27,   40.65,   50.84,   56.32,   43.53
11/06/2013 00:30:00,   51.66,   57.57,   41.67,   53.26,   58.24,   44.41
11/06/2013 00:35:00,   56.49,   60.26,   43.76,   57.74,   61.88,   46.72
11/06/2013 00:40:00,   56.74,   60.24,   51.24,   57.34,   60.83,   51.75
11/06/2013 00:45:00,   52.90,   58.82,   43.65,   54.78,   60.25,   45.91
11/06/2013 00:50:00,   51.27,   56.93,   43.81,   53.12,   58.72,   46.33
11/06/2013 00:55:00,   51.91,   58.80,   39.74,   53.91,   60.28,   43.35
11/06/2013 01:00:00,   47.88,   54.50,   39.98,   50.15,   55.18,   43.77
11/06/2013 01:05:00,   48.91,   54.31,   41.76,   51.13,   56.54,   44.63
11/06/2013 01:10:00,   49.84,   54.97,   42.32,   52.08,   57.23,   45.56
11/06/2013 01:15:00,   49.32,   57.70,   39.76,   51.41,   58.73,   43.57
11/06/2013 01:20:00,   47.46,   53.43,   40.13,   50.09,   55.56,   43.97
11/06/2013 01:25:00,   46.52,   51.32,   39.59,   50.24,   56.72,   43.94
11/06/2013 01:30:00,   50.33,   56.30,   41.58,   52.08,   57.45,   44.93
11/06/2013 01:35:00,   48.82,   55.61,   39.51,   51.36,   57.51,   43.55
11/06/2013 01:40:00,   50.55,   57.24,   39.97,   52.68,   58.58,   43.35
11/06/2013 01:45:00,   48.30,   56.14,   37.89,   50.08,   57.16,   42.32
11/06/2013 01:50:00,   47.50,   54.97,   39.38,   49.74,   56.42,   43.70
11/06/2013 01:55:00,   47.42,   53.95,   38.56,   49.36,   55.21,   42.74
11/06/2013 02:00:00,   46.88,   54.05,   38.19,   49.21,   55.81,   42.73
11/06/2013 02:05:00,   47.08,   54.87,   37.88,   49.17,   56.24,   41.69
11/06/2013 02:10:00,   44.34,   51.16,   37.69,   46.91,   52.84,   42.00
11/06/2013 02:15:00,   44.38,   48.33,   37.86,   46.63,   49.58,   41.72
11/06/2013 02:20:00,   44.58,   52.70,   37.32,   47.15,   54.57,   41.82
11/06/2013 02:25:00,   46.79,   54.89,   36.51,   49.67,   56.46,   40.79
11/06/2013 02:30:00,   43.00,   45.66,   36.63,   46.97,   50.72,   41.22
11/06/2013 02:35:00,   42.36,   47.19,   36.57,   44.81,   48.27,   40.35
11/06/2013 02:40:00,   44.87,   47.86,   36.91,   47.37,   51.89,   41.74
11/06/2013 02:45:00,   45.24,   51.21,   37.85,   49.23,   56.23,   42.10
11/06/2013 02:50:00,   45.33,   50.28,   38.85,   47.87,   51.96,   42.71
11/06/2013 02:55:00,   43.08,   46.14,   37.53,   46.34,   49.47,   42.18
11/06/2013 03:00:00,   44.41,   49.28,   36.84,   47.26,   51.85,   41.64
11/06/2013 03:05:00,   45.59,   51.72,   37.97,   48.24,   53.59,   41.69
11/06/2013 03:10:00,   47.69,   53.41,   41.27,   49.45,   55.39,   43.66
11/06/2013 03:15:00,   46.03,   48.19,   39.29,   47.96,   51.24,   41.88
11/06/2013 03:20:00,   44.98,   49.78,   38.79,   47.74,   52.65,   42.55
11/06/2013 03:25:00,   46.34,   52.01,   40.52,   48.33,   53.78,   43.68
11/06/2013 03:30:00,   46.11,   51.02,   39.27,   48.48,   53.51,   42.95
11/06/2013 03:35:00,   47.83,   52.98,   42.19,   49.95,   55.50,   44.61
11/06/2013 03:40:00,   49.07,   54.16,   42.45,   51.17,   56.28,   44.60
11/06/2013 03:45:00,   47.96,   55.06,   41.11,   49.96,   56.48,   44.53
11/06/2013 03:50:00,   47.09,   49.34,   41.64,   48.87,   52.07,   44.41
11/06/2013 03:55:00,   44.58,   48.40,   38.57,   47.40,   51.55,   42.09
11/06/2013 04:00:00,   49.93,   55.61,   43.03,   51.78,   56.91,   45.07
11/06/2013 04:05:00,   48.84,   53.91,   41.56,   50.92,   56.91,   44.26
11/06/2013 04:10:00,   49.69,   53.72,   43.92,   51.09,   55.55,   45.84
11/06/2013 04:15:00,   49.11,   53.42,   43.96,   50.67,   54.86,   45.90
11/06/2013 04:20:00,   50.15,   55.57,   42.65,   52.33,   57.57,   44.93
11/06/2013 04:25:00,   50.00,   54.24,   43.26,   51.32,   55.09,   45.18
11/06/2013 04:30:00,   51.31,   53.85,   44.97,   51.71,   54.54,   46.20
11/06/2013 04:35:00,   46.71,   50.71,   40.37,   48.08,   51.59,   43.30
11/06/2013 04:40:00,   46.82,   51.69,   41.05,   49.19,   54.35,   43.87
11/06/2013 04:45:00,   49.21,   54.82,   41.25,   51.54,   58.03,   44.03
11/06/2013 04:50:00,   46.29,   49.96,   40.76,   47.49,   50.16,   43.68
11/06/2013 04:55:00,   47.69,   52.84,   41.16,   49.39,   54.04,   44.30
11/06/2013 05:00:00,   48.25,   54.58,   42.06,   49.92,   55.54,   44.92
11/06/2013 05:05:00,   46.28,   51.42,   39.59,   48.12,   53.52,   42.82
11/06/2013 05:10:00,   50.07,   55.33,   42.60,   52.02,   57.75,   45.12
11/06/2013 05:15:00,   50.54,   55.69,   44.45,   52.83,   58.27,   46.28
11/06/2013 05:20:00,   50.82,   55.03,   45.01,   52.76,   57.19,   46.59
11/06/2013 05:25:00,   46.94,   50.28,   42.48,   48.85,   52.58,   44.76
11/06/2013 05:30:00,   50.64,   55.98,   43.88,   52.19,   57.36,   45.94
11/06/2013 05:35:00,   51.60,   56.18,   46.39,   53.60,   58.16,   47.82
11/06/2013 05:40:00,   51.78,   56.86,   45.49,   53.34,   58.09,   47.42
11/06/2013 05:45:00,   50.91,   56.02,   45.04,   52.83,   58.06,   47.29
11/06/2013 05:50:00,   54.27,   59.65,   46.22,   55.95,   60.81,   49.47
11/06/2013 05:55:00,   52.66,   58.20,   45.29,   54.28,   59.74,   47.11
11/06/2013 06:00:00,   53.84,   60.07,   45.87,   55.96,   61.25,   48.60
11/06/2013 06:05:00,   51.74,   56.16,   47.15,   54.26,   58.44,   49.83
11/06/2013 06:10:00,   52.29,   56.99,   45.14,   54.24,   58.49,   47.99
11/06/2013 06:15:00,   53.32,   57.94,   47.09,   55.32,   59.44,   49.56
11/06/2013 06:20:00,   51.55,   55.93,   46.03,   53.36,   57.30,   48.96
11/06/2013 06:25:00,   53.64,   58.88,   48.05,   56.39,   61.29,   50.86
11/06/2013 06:30:00,   54.04,   57.87,   48.52,   57.30,   62.05,   51.38
11/06/2013 06:35:00,   54.94,   59.97,   48.29,   56.89,   61.15,   51.14
11/06/2013 06:40:00,   51.68,   55.76,   46.77,   53.81,   57.07,   49.77
11/06/2013 06:45:00,   54.49,   59.69,   46.19,   57.04,   62.49,   49.35
11/06/2013 06:50:00,   52.83,   57.88,   45.91,   55.58,   60.56,   49.18
11/06/2013 06:55:00,   55.99,   60.45,   49.13,   58.19,   62.16,   52.39
11/06/2013 07:00:00,   55.22,   58.84,   48.89,   58.32,   62.44,   52.24
11/06/2013 07:05:00,   55.49,   59.64,   48.71,   58.18,   62.20,   52.07
11/06/2013 07:10:00,   55.25,   59.42,   48.91,   57.91,   61.30,   52.26
11/06/2013 07:15:00,   56.67,   60.83,   49.63,   58.92,   62.56,   53.12
11/06/2013 07:20:00,   58.17,   62.37,   51.17,   61.04,   65.11,   54.33
11/06/2013 07:25:00,   59.58,   62.74,   54.41,   62.36,   65.69,   57.10
11/06/2013 07:30:00,   58.67,   62.02,   53.56,   60.51,   63.27,   56.02
11/06/2013 07:35:00,   57.58,   60.98,   51.34,   59.73,   62.95,   54.54
11/06/2013 07:40:00,   58.54,   62.33,   53.03,   61.36,   64.70,   55.66
11/06/2013 07:45:00,   58.33,   61.64,   53.26,   60.93,   64.17,   56.68
11/06/2013 07:50:00,   58.85,   62.38,   53.17,   60.80,   63.92,   56.06
11/06/2013 07:55:00,   58.88,   62.61,   53.39,   61.23,   64.79,   56.44
11/06/2013 08:00:00,   58.22,   61.84,   52.81,   60.55,   63.70,   55.77
11/06/2013 08:05:00,   57.99,   62.30,   51.61,   60.84,   64.29,   55.82
11/06/2013 08:10:00,   59.08,   62.25,   53.09,   61.92,   64.44,   57.06
11/06/2013 08:15:00,   61.15,   67.35,   54.97,   64.30,   70.43,   57.61
11/06/2013 08:20:00,   58.49,   62.42,   53.46,   61.75,   65.02,   57.59
11/06/2013 08:25:00,   60.63,   66.82,   53.13,   64.04,   70.31,   57.56
11/06/2013 08:30:00,   60.12,   63.17,   53.77,   63.54,   67.17,   57.75
11/06/2013 08:35:00,   58.48,   61.70,   53.39,   61.91,   64.98,   57.52
11/06/2013 08:40:00,   60.16,   64.18,   55.07,   64.90,   68.74,   59.92
11/06/2013 08:45:00,   58.18,   61.66,   52.46,   60.84,   63.64,   56.55
11/06/2013 08:50:00,   57.73,   61.57,   52.05,   61.61,   65.35,   56.82
11/06/2013 08:55:00,   57.94,   60.83,   53.78,   62.17,   64.91,   58.49
11/06/2013 09:00:00,   57.79,   61.21,   51.22,   61.53,   64.88,   55.76
11/06/2013 09:05:00,   58.23,   61.32,   52.68,   61.47,   64.26,   56.66
11/06/2013 09:10:00,   59.67,   63.73,   53.05,   65.98,   71.32,   58.18
11/06/2013 09:15:00,   63.75,   66.89,   57.39,   70.76,   74.81,   60.97
11/06/2013 09:20:00,   58.63,   63.10,   52.10,   62.48,   67.53,   56.70
11/06/2013 09:25:00,   57.16,   60.36,   51.52,   61.64,   64.74,   57.43
11/06/2013 09:30:00,   57.65,   60.56,   51.44,   60.79,   63.32,   55.75
11/06/2013 09:35:00,   57.59,   61.16,   50.37,   61.03,   63.56,   54.87
11/06/2013 09:40:00,   58.21,   61.22,   52.39,   61.93,   65.22,   57.12
11/06/2013 09:45:00,   56.63,   60.17,   50.87,   60.54,   63.60,   55.28
11/06/2013 09:50:00,   56.98,   60.52,   51.09,   59.87,   62.68,   55.45
11/06/2013 09:55:00,   57.94,   61.40,   52.08,   61.33,   64.76,   56.37
11/06/2013 10:00:00,   57.25,   60.43,   51.28,   61.35,   64.34,   55.81
11/06/2013 10:05:00,   57.21,   60.40,   50.48,   60.45,   63.28,   54.99
11/06/2013 10:10:00,   57.13,   60.08,   51.18,   60.71,   64.00,   55.82
11/06/2013 10:15:00,   56.65,   59.63,   52.10,   61.16,   63.47,   57.08
11/06/2013 10:20:00,   56.46,   59.95,   51.12,   59.93,   63.11,   55.68
11/06/2013 10:25:00,   57.82,   61.41,   52.29,   60.77,   63.68,   56.30
11/06/2013 10:30:00,   55.92,   59.82,   49.72,   59.31,   62.24,   54.03
11/06/2013 10:35:00,   55.01,   58.92,   49.38,   58.63,   62.11,   54.17
11/06/2013 10:40:00,   56.84,   60.11,   51.87,   60.97,   63.90,   56.74
11/06/2013 10:45:00,   57.55,   61.02,   51.75,   60.82,   63.45,   56.26
11/06/2013 10:50:00,   55.88,   59.65,   49.08,   59.16,   62.51,   54.23
11/06/2013 10:55:00,   59.29,   66.53,   51.94,   63.43,   70.05,   57.18
11/06/2013 11:00:00,   57.15,   61.12,   48.28,   63.17,   69.17,   54.26
11/06/2013 11:05:00,   56.82,   59.93,   49.78,   60.50,   63.48,   54.56
11/06/2013 11:10:00,   56.06,   59.26,   49.32,   59.60,   62.48,   54.56
11/06/2013 11:15:00,   58.57,   65.93,   48.30,   62.38,   69.57,   53.66
11/06/2013 11:20:00,   54.89,   58.16,   48.76,   59.34,   62.52,   53.98
11/06/2013 11:25:00,   56.05,   59.55,   48.20,   60.74,   63.80,   54.88
11/06/2013 11:30:00,   56.14,   59.83,   49.00,   59.49,   62.47,   54.05
11/06/2013 11:35:00,   54.79,   58.67,   48.92,   58.46,   61.72,   53.83
11/06/2013 11:40:00,   55.34,   58.40,   48.42,   59.92,   62.68,   53.92
11/06/2013 11:45:00,   57.11,   59.43,   49.27,   60.60,   63.62,   53.66
11/06/2013 11:50:00,   58.05,   60.85,   48.83,   62.76,   68.14,   54.92
11/06/2013 11:55:00,   55.21,   58.49,   48.67,   59.83,   62.72,   54.54
11/06/2013 12:00:00,   57.43,   60.86,   48.81,   60.71,   63.93,   54.56
11/06/2013 12:05:00,   59.17,   62.84,   50.72,   62.77,   66.64,   55.94
11/06/2013 12:10:00,   57.66,   60.13,   54.64,   60.46,   63.05,   56.57
11/06/2013 12:15:00,   58.62,   61.15,   55.32,   61.92,   64.41,   57.25
11/06/2013 12:20:00,   54.88,   58.27,   49.58,   58.58,   61.44,   54.22
11/06/2013 12:25:00,   56.99,   59.45,   51.40,   61.22,   63.65,   56.17
11/06/2013 12:30:00,   56.40,   59.50,   49.63,   60.89,   64.10,   55.11
11/06/2013 12:35:00,   55.00,   58.83,   46.89,   59.20,   62.35,   53.26
11/06/2013 12:40:00,   54.68,   58.30,   48.58,   58.54,   62.01,   53.20
11/06/2013 12:45:00,   55.54,   58.89,   48.48,   59.32,   62.24,   53.26
11/06/2013 12:50:00,   55.42,   58.86,   49.29,   59.20,   62.02,   53.94
11/06/2013 12:55:00,   55.66,   58.73,   49.35,   60.62,   64.00,   53.65
11/06/2013 13:00:00,   56.32,   58.88,   50.96,   60.03,   63.10,   55.79
11/06/2013 13:05:00,   55.49,   58.85,   50.28,   58.93,   61.83,   54.35
11/06/2013 13:10:00,   55.17,   58.15,   50.41,   59.62,   62.20,   55.60
11/06/2013 13:15:00,   55.23,   59.08,   48.84,   59.63,   63.01,   54.69
11/06/2013 13:20:00,   55.38,   58.28,   48.96,   59.76,   62.40,   54.18
11/06/2013 13:25:00,   54.14,   58.50,   46.70,   58.45,   61.68,   52.67
11/06/2013 13:30:00,   56.58,   60.54,   46.30,   60.66,   64.70,   53.06
11/06/2013 13:35:00,   54.75,   57.91,   48.63,   58.66,   61.19,   54.11
11/06/2013 13:40:00,   54.61,   58.44,   48.45,   58.92,   62.43,   52.97
11/06/2013 13:45:00,   55.50,   59.07,   47.83,   59.78,   62.79,   52.68
11/06/2013 13:50:00,   55.74,   58.78,   50.99,   60.73,   63.22,   56.47
11/06/2013 13:55:00,   60.15,   63.95,   52.21,   67.95,   73.52,   57.02
11/06/2013 14:00:00,   64.78,   70.74,   56.40,   71.54,   77.03,   63.16
11/06/2013 14:05:00,   65.09,   70.18,   55.01,   72.30,   77.67,   62.84
11/06/2013 14:10:00,   65.36,   72.78,   56.84,   72.70,   78.94,   65.24
11/06/2013 14:15:00,   60.25,   63.20,   55.63,   67.97,   71.36,   63.13
11/06/2013 14:20:00,   67.12,   73.34,   58.38,   73.77,   79.24,   64.89
11/06/2013 14:25:00,   67.89,   74.67,   58.78,   75.04,   80.65,   65.97
11/06/2013 14:30:00,   66.02,   72.39,   58.06,   73.28,   78.94,   64.62
11/06/2013 14:35:00,   64.84,   69.84,   59.37,   71.50,   76.22,   65.11
11/06/2013 14:40:00,   63.67,   67.01,   59.16,   70.75,   74.30,   65.18
11/06/2013 14:45:00,   62.03,   67.08,   54.47,   68.53,   76.17,   59.30
11/06/2013 14:50:00,   56.08,   58.16,   52.14,   60.76,   63.07,   57.28
11/06/2013 14:55:00,   56.77,   58.91,   52.43,   60.87,   63.32,   56.44
11/06/2013 15:00:00,   58.36,   62.96,   52.28,   65.26,   70.25,   58.04
11/06/2013 15:05:00,   62.40,   65.04,   59.27,   69.81,   72.59,   66.13
11/06/2013 15:10:00,   62.17,   64.32,   58.56,   69.06,   71.84,   65.44
11/06/2013 15:15:00,   65.17,   70.51,   58.81,   72.42,   78.42,   65.44
11/06/2013 15:20:00,   67.18,   72.87,   59.08,   74.03,   78.68,   66.34
11/06/2013 15:25:00,   64.13,   70.73,   57.50,   71.70,   77.76,   65.68
11/06/2013 15:30:00,   57.19,   59.20,   53.03,   61.27,   64.05,   57.43
11/06/2013 15:35:00,   56.52,   59.32,   51.15,   60.10,   63.11,   54.45
11/06/2013 15:40:00,   55.45,   58.57,   51.08,   61.32,   64.85,   56.54
11/06/2013 15:45:00,   55.83,   58.11,   50.59,   60.04,   62.55,   56.24
11/06/2013 15:50:00,   55.64,   58.38,   51.31,   59.97,   62.84,   55.58
11/06/2013 15:55:00,   56.19,   58.66,   50.23,   60.56,   62.66,   54.02
11/06/2013 16:00:00,   56.67,   58.87,   53.08,   60.66,   62.95,   57.28
11/06/2013 16:05:00,   57.53,   59.50,   53.95,   61.04,   62.98,   57.90
11/06/2013 16:10:00,   57.02,   59.87,   52.47,   60.53,   63.14,   56.00
11/06/2013 16:15:00,   56.68,   59.22,   52.45,   60.87,   63.31,   56.67
11/06/2013 16:20:00,   57.26,   60.33,   51.98,   60.91,   64.18,   56.40
11/06/2013 16:25:00,   56.72,   59.37,   52.13,   60.80,   63.73,   56.32
11/06/2013 16:30:00,   56.96,   59.37,   52.52,   60.95,   63.59,   56.69
11/06/2013 16:35:00,   57.67,   59.98,   52.61,   60.54,   62.65,   55.41
11/06/2013 16:40:00,   56.85,   59.52,   51.99,   59.61,   62.20,   55.63
11/06/2013 16:45:00,   57.96,   60.82,   53.00,   60.75,   62.76,   56.75
11/06/2013 16:50:00,   57.15,   60.28,   52.54,   61.52,   64.33,   57.16
11/06/2013 16:55:00,   56.86,   60.05,   51.98,   59.84,   63.13,   55.24
11/06/2013 17:00:00,   57.17,   59.89,   51.16,   59.99,   62.13,   55.79
11/06/2013 17:05:00,   56.65,   58.85,   52.30,   60.56,   63.05,   56.73
11/06/2013 17:10:00,   57.03,   59.72,   52.30,   60.59,   63.43,   55.99
11/06/2013 17:15:00,   59.35,   66.31,   51.97,   62.86,   70.06,   56.12
11/06/2013 17:20:00,   56.80,   59.30,   51.33,   59.96,   62.49,   55.66
11/06/2013 17:25:00,   57.52,   60.22,   51.93,   60.62,   63.49,   55.94
11/06/2013 17:30:00,   59.05,   61.88,   52.99,   61.99,   65.63,   56.67
11/06/2013 17:35:00,   58.30,   60.10,   54.43,   61.56,   64.02,   57.91
11/06/2013 17:40:00,   57.07,   60.03,   53.12,   60.64,   62.91,   57.01
11/06/2013 17:45:00,   56.81,   58.99,   52.97,   60.47,   62.70,   57.21
11/06/2013 17:50:00,   56.92,   59.55,   52.28,   59.73,   61.85,   56.12
11/06/2013 17:55:00,   57.23,   59.93,   51.93,   60.63,   63.67,   55.96
11/06/2013 18:00:00,   57.19,   59.69,   52.54,   61.36,   63.65,   57.99
11/06/2013 18:05:00,   57.62,   60.29,   52.83,   61.14,   63.23,   56.72
11/06/2013 18:10:00,   56.96,   59.76,   52.21,   60.72,   62.94,   55.66
11/06/2013 18:15:00,   57.51,   60.57,   51.02,   61.19,   65.03,   54.36
11/06/2013 18:20:00,   56.56,   60.31,   50.98,   59.41,   62.62,   54.68
11/06/2013 18:25:00,   57.09,   60.08,   51.82,   60.45,   63.11,   55.31
11/06/2013 18:30:00,   55.34,   58.67,   49.36,   58.86,   62.41,   53.16
11/06/2013 18:35:00,   56.54,   59.50,   51.67,   60.29,   63.07,   56.45
11/06/2013 18:40:00,   56.55,   60.09,   50.28,   59.66,   62.99,   53.79
11/06/2013 18:45:00,   57.20,   60.43,   52.28,   59.93,   62.74,   55.50
11/06/2013 18:50:00,   57.89,   60.12,   53.55,   60.78,   63.02,   56.20
11/06/2013 18:55:00,   57.76,   60.56,   52.92,   60.86,   63.56,   56.11
11/06/2013 19:00:00,   57.52,   59.96,   52.15,   59.99,   62.35,   56.00
11/06/2013 19:05:00,   57.98,   60.65,   53.90,   61.49,   64.11,   56.61
11/06/2013 19:10:00,   57.17,   59.98,   52.57,   59.99,   62.53,   55.51
11/06/2013 19:15:00,   57.24,   60.04,   52.19,   60.06,   62.74,   55.66
11/06/2013 19:20:00,   58.01,   60.56,   52.72,   61.25,   65.04,   56.00
11/06/2013 19:25:00,   57.05,   59.80,   51.85,   59.66,   62.28,   54.93
11/06/2013 19:30:00,   56.32,   59.35,   50.33,   59.19,   62.20,   53.62
11/06/2013 19:35:00,   57.74,   60.90,   51.57,   60.82,   64.48,   54.96
11/06/2013 19:40:00,   57.73,   59.79,   52.18,   60.82,   62.80,   56.23
11/06/2013 19:45:00,   57.43,   60.17,   53.40,   60.33,   62.78,   56.12
11/06/2013 19:50:00,   57.46,   60.56,   52.81,   60.69,   63.55,   57.00
11/06/2013 19:55:00,   57.60,   60.10,   51.72,   60.54,   63.15,   55.59
11/06/2013 20:00:00,   58.71,   61.79,   52.61,   62.24,   64.92,   55.90
11/06/2013 20:05:00,   58.47,   61.35,   51.73,   61.10,   63.66,   54.61
11/06/2013 20:10:00,   57.60,   60.39,   50.76,   60.48,   62.86,   55.70
11/06/2013 20:15:00,   57.02,   60.31,   52.00,   60.16,   63.21,   55.44
11/06/2013 20:20:00,   56.66,   59.79,   50.56,   59.03,   62.32,   53.44
11/06/2013 20:25:00,   58.50,   60.90,   52.83,   62.48,   66.32,   56.08
11/06/2013 20:30:00,   57.03,   59.75,   52.67,   59.56,   62.35,   55.07
11/06/2013 20:35:00,   58.21,   60.83,   54.00,   60.45,   63.26,   56.27
11/06/2013 20:40:00,   59.41,   62.91,   54.46,   60.47,   63.33,   55.94
11/06/2013 20:45:00,   60.27,   64.18,   54.12,   61.77,   65.60,   55.66
11/06/2013 20:50:00,   58.09,   62.25,   52.65,   60.38,   64.55,   54.99
11/06/2013 20:55:00,   59.43,   62.46,   53.78,   62.84,   66.61,   57.03
11/06/2013 21:00:00,   57.28,   60.85,   51.76,   60.76,   63.92,   54.45
11/06/2013 21:05:00,   57.50,   61.01,   52.19,   59.86,   62.75,   54.70
11/06/2013 21:10:00,   57.50,   60.76,   51.87,   60.38,   64.05,   54.99
11/06/2013 21:15:00,   57.65,   60.99,   52.91,   59.57,   62.73,   55.34
11/06/2013 21:20:00,   56.41,   60.21,   50.35,   58.87,   62.16,   52.71
11/06/2013 21:25:00,   56.92,   59.61,   52.77,   59.96,   62.54,   55.52
11/06/2013 21:30:00,   54.92,   58.95,   48.07,   56.99,   60.59,   51.15
11/06/2013 21:35:00,   56.51,   59.80,   51.24,   58.57,   61.29,   54.11
11/06/2013 21:40:00,   55.57,   59.87,   49.85,   58.40,   62.32,   52.88
11/06/2013 21:45:00,   56.00,   60.33,   47.77,   58.32,   61.99,   50.61
11/06/2013 21:50:00,   53.87,   58.84,   45.21,   56.93,   60.93,   48.86
11/06/2013 21:55:00,   53.86,   58.68,   46.39,   56.01,   60.13,   49.58
11/06/2013 22:00:00,   55.50,   60.00,   45.59,   57.50,   61.30,   49.46
11/06/2013 22:05:00,   54.15,   57.79,   46.44,   57.03,   60.61,   49.31
11/06/2013 22:10:00,   54.59,   58.55,   46.34,   58.13,   62.25,   50.05
11/06/2013 22:15:00,   55.32,   58.94,   48.75,   59.23,   62.69,   52.31
11/06/2013 22:20:00,   54.81,   59.86,   45.79,   57.56,   62.03,   49.11
11/06/2013 22:25:00,   55.07,   59.01,   44.21,   56.97,   60.71,   47.83
11/06/2013 22:30:00,   53.35,   58.90,   44.48,   55.61,   60.45,   47.91
11/06/2013 22:35:00,   57.99,   60.45,   44.92,   58.93,   61.91,   48.83
11/06/2013 22:40:00,   52.52,   56.92,   43.49,   55.38,   60.04,   47.59
11/06/2013 22:45:00,   53.05,   57.12,   45.33,   55.32,   59.44,   48.65
11/06/2013 22:50:00,   51.47,   57.81,   41.07,   53.47,   59.41,   44.24
11/06/2013 22:55:00,   51.05,   57.53,   40.28,   53.67,   59.34,   43.98
11/06/2013 23:00:00,   52.90,   58.05,   42.20,   55.84,   61.11,   46.67
11/06/2013 23:05:00,   52.90,   58.15,   41.61,   55.11,   60.05,   45.40
11/06/2013 23:10:00,   51.55,   56.39,   43.46,   53.50,   58.00,   46.41
11/06/2013 23:15:00,   51.95,   58.56,   38.99,   54.52,   60.38,   43.10
11/06/2013 23:20:00,   51.63,   58.22,   38.94,   55.45,   60.62,   42.86
11/06/2013 23:25:00,   51.51,   56.88,   40.58,   54.05,   58.75,   44.76
11/06/2013 23:30:00,   51.26,   57.31,   41.15,   54.32,   60.72,   44.87
11/06/2013 23:35:00,   52.79,   58.73,   38.85,   55.26,   60.42,   43.07
11/06/2013 23:40:00,   50.61,   56.25,   39.42,   52.90,   57.86,   43.80
11/06/2013 23:45:00,   49.29,   56.16,   38.89,   51.75,   57.75,   42.74
11/06/2013 23:50:00,   51.66,   57.61,   40.17,   54.08,   59.70,   44.48
11/06/2013 23:57:00,   52.37,   58.50,   40.03,   55.22,   61.09,   44.01

