# noise_analysis run from DCC-NOISE-001003 at Tue Dec 10 00:00:00 2013
# Monitoring unit located at 53.342609N 6.340721W
# logfile   = /home/root/noise_analysis.log
# cfg_dir   = /home/root/config
# outputdir = /home/root/noise
# Sensitivity = -26.271103
# Gain = 1.000000
# Time should be in local format (i.e. daylight savings time)
# dd/mm/yyyy hh:mm:ss, A Leq,   A L10,   A L95,   C Leq,   C L10,   C L95
10/12/2013 00:05:00,   51.15,   56.32,   43.35,   53.86,   58.40,   46.77
10/12/2013 00:10:00,   53.23,   58.63,   44.70,   56.83,   61.14,   48.00
10/12/2013 00:15:00,   52.07,   57.98,   42.22,   58.61,   65.93,   47.57
10/12/2013 00:20:00,   52.53,   58.72,   42.92,   55.04,   60.66,   47.08
10/12/2013 00:25:00,   52.20,   57.72,   43.34,   55.76,   60.63,   48.38
10/12/2013 00:30:00,   52.05,   57.13,   43.80,   58.19,   64.23,   47.79
10/12/2013 00:35:00,   51.97,   58.59,   42.26,   55.29,   59.97,   46.75
10/12/2013 00:40:00,   51.60,   57.01,   41.40,   54.31,   58.72,   45.70
10/12/2013 00:45:00,   51.82,   57.59,   43.28,   56.72,   61.57,   47.36
10/12/2013 00:50:00,   52.66,   57.18,   43.97,   55.10,   59.13,   47.40
10/12/2013 00:55:00,   50.13,   56.05,   42.53,   52.17,   57.01,   46.44
10/12/2013 01:00:00,   49.16,   54.04,   42.44,   53.43,   57.09,   47.16
10/12/2013 01:05:00,   52.03,   57.71,   42.10,   53.62,   58.73,   45.98
10/12/2013 01:10:00,   50.87,   56.86,   41.54,   54.24,   59.69,   46.64
10/12/2013 01:15:00,   48.43,   55.26,   40.05,   51.16,   57.13,   44.73
10/12/2013 01:20:00,   47.56,   54.47,   39.34,   50.26,   56.01,   44.12
10/12/2013 01:25:00,   48.76,   56.52,   39.52,   50.90,   57.67,   44.18
10/12/2013 01:30:00,   48.97,   56.09,   39.99,   51.46,   57.61,   44.82
10/12/2013 01:35:00,   43.26,   46.04,   39.46,   48.40,   51.72,   44.49
10/12/2013 01:40:00,   49.32,   55.61,   40.75,   51.46,   56.98,   45.37
10/12/2013 01:45:00,   47.23,   52.26,   40.03,   50.41,   54.56,   45.11
10/12/2013 01:50:00,   52.14,   59.00,   40.94,   53.89,   59.45,   44.70
10/12/2013 01:55:00,   49.90,   57.01,   40.49,   53.29,   59.54,   44.38
10/12/2013 02:00:00,   46.79,   54.44,   39.26,   51.72,   58.11,   44.25
10/12/2013 02:05:00,   43.07,   46.17,   38.91,   48.01,   51.58,   43.69
10/12/2013 02:10:00,   45.06,   51.01,   38.49,   48.34,   53.50,   43.47
10/12/2013 02:15:00,   47.63,   54.94,   39.35,   49.89,   56.22,   43.96
10/12/2013 02:20:00,   45.39,   50.98,   39.34,   49.74,   55.73,   43.87
10/12/2013 02:25:00,   45.83,   52.92,   38.00,   48.51,   54.77,   42.71
10/12/2013 02:30:00,   44.70,   52.34,   37.71,   47.56,   52.98,   42.42
10/12/2013 02:35:00,   43.07,   46.97,   36.90,   46.24,   48.39,   42.04
10/12/2013 02:40:00,   43.21,   47.62,   36.88,   46.26,   49.08,   42.02
10/12/2013 02:45:00,   42.62,   44.35,   37.86,   46.70,   48.93,   42.68
10/12/2013 02:50:00,   43.08,   45.01,   38.18,   51.49,   56.26,   43.58
10/12/2013 02:55:00,   46.65,   51.94,   39.29,   50.32,   55.52,   44.52
10/12/2013 03:00:00,   45.74,   53.40,   38.09,   49.60,   55.56,   43.70
10/12/2013 03:05:00,   49.76,   57.37,   39.57,   52.36,   58.64,   44.81
10/12/2013 03:10:00,   44.64,   47.89,   40.81,   50.46,   55.08,   45.54
10/12/2013 03:15:00,   49.55,   56.84,   39.42,   54.57,   61.56,   44.25
10/12/2013 03:20:00,   48.81,   53.91,   38.96,   54.01,   59.85,   44.30
10/12/2013 03:25:00,   47.42,   54.34,   39.93,   52.19,   58.79,   44.41
10/12/2013 03:30:00,   45.66,   52.29,   39.13,   56.94,   64.34,   44.54
10/12/2013 03:35:00,   45.09,   51.15,   38.91,   49.48,   55.43,   44.17
10/12/2013 03:40:00,   46.38,   50.69,   39.83,   52.34,   58.06,   44.96
10/12/2013 03:45:00,   46.23,   50.76,   39.94,   55.33,   61.98,   44.93
10/12/2013 03:50:00,   49.82,   56.35,   40.72,   54.78,   60.78,   45.35
10/12/2013 03:55:00,   46.50,   53.06,   40.12,   50.91,   57.03,   44.88
10/12/2013 04:00:00,   50.00,   56.15,   41.66,   54.35,   59.44,   46.57
10/12/2013 04:05:00,   49.15,   56.43,   40.47,   52.71,   58.68,   45.64
10/12/2013 04:10:00,   46.34,   51.27,   39.48,   55.18,   62.85,   44.41
10/12/2013 04:15:00,   44.05,   45.69,   39.61,   48.48,   51.47,   44.14
10/12/2013 04:20:00,   43.59,   47.42,   40.41,   47.93,   50.86,   44.93
10/12/2013 04:25:00,   45.46,   47.33,   41.10,   49.46,   52.64,   45.71
10/12/2013 04:30:00,   45.95,   51.37,   40.55,   52.72,   57.88,   45.91
10/12/2013 04:35:00,   50.35,   55.61,   42.73,   55.05,   60.53,   47.00
10/12/2013 04:40:00,   47.77,   53.05,   43.11,   55.30,   59.83,   48.04
10/12/2013 04:45:00,   46.63,   51.28,   40.90,   51.81,   56.52,   46.05
10/12/2013 04:50:00,   43.62,   45.55,   40.76,   50.90,   56.14,   45.24
10/12/2013 04:55:00,   46.24,   50.30,   41.69,   51.49,   55.98,   46.20
10/12/2013 05:00:00,   47.79,   52.98,   41.26,   52.80,   58.07,   46.27
10/12/2013 05:05:00,   47.21,   52.77,   42.34,   54.19,   59.41,   47.09
10/12/2013 05:10:00,   48.69,   54.36,   42.71,   54.16,   58.93,   47.45
10/12/2013 05:15:00,   45.62,   50.17,   41.88,   50.20,   53.68,   46.88
10/12/2013 05:20:00,   49.54,   54.69,   43.49,   54.61,   60.07,   47.52
10/12/2013 05:25:00,   47.86,   52.66,   42.25,   52.42,   57.61,   46.54
10/12/2013 05:30:00,   50.51,   56.67,   43.16,   53.52,   57.99,   47.87
10/12/2013 05:35:00,   50.49,   56.19,   43.44,   54.97,   59.64,   47.81
10/12/2013 05:40:00,   50.76,   54.98,   44.93,   53.86,   58.05,   48.94
10/12/2013 05:45:00,   53.05,   57.51,   45.38,   56.24,   59.12,   49.89
10/12/2013 05:50:00,   53.37,   59.03,   45.56,   56.96,   61.55,   49.36
10/12/2013 05:55:00,   53.39,   58.08,   46.17,   55.84,   60.56,   49.43
10/12/2013 06:00:00,   53.97,   59.11,   45.62,   56.32,   60.84,   49.19
10/12/2013 06:05:00,   54.20,   60.03,   45.85,   57.54,   62.10,   49.54
10/12/2013 06:10:00,   49.27,   54.51,   43.81,   52.64,   56.78,   48.51
10/12/2013 06:15:00,   52.75,   58.29,   45.30,   56.13,   61.29,   50.02
10/12/2013 06:20:00,   52.05,   57.51,   45.39,   55.57,   60.60,   50.03
10/12/2013 06:25:00,   52.70,   57.36,   45.75,   55.96,   60.21,   50.30
10/12/2013 06:30:00,   53.58,   58.20,   46.86,   56.29,   60.42,   50.86
10/12/2013 06:35:00,   54.07,   58.72,   47.96,   57.91,   62.88,   52.07
10/12/2013 06:40:00,   53.65,   57.47,   47.94,   57.40,   61.46,   51.10
10/12/2013 06:45:00,   55.58,   60.42,   48.25,   59.02,   64.00,   52.11
10/12/2013 06:50:00,   56.86,   60.58,   50.45,   61.72,   65.86,   54.55
10/12/2013 06:55:00,   55.09,   58.80,   48.54,   57.75,   60.96,   52.22
10/12/2013 07:00:00,   57.01,   61.72,   50.47,   62.38,   68.50,   54.25
10/12/2013 07:05:00,   56.51,   60.16,   51.21,   60.28,   63.98,   54.90
10/12/2013 07:10:00,   57.30,   61.61,   51.26,   61.41,   65.70,   55.45
10/12/2013 07:15:00,   57.56,   60.83,   52.56,   61.27,   65.08,   56.38
10/12/2013 07:20:00,   55.45,   58.39,   51.10,   59.87,   63.12,   54.50
10/12/2013 07:25:00,   58.14,   61.49,   53.13,   61.85,   65.26,   56.67
10/12/2013 07:30:00,   58.50,   61.34,   54.42,   63.13,   66.27,   57.73
10/12/2013 07:35:00,   57.27,   60.31,   51.83,   60.92,   63.19,   56.00
10/12/2013 07:40:00,   58.79,   62.02,   54.34,   63.25,   67.66,   57.86
10/12/2013 07:45:00,   57.97,   61.24,   52.12,   62.59,   65.45,   57.45
10/12/2013 07:50:00,   57.80,   60.60,   54.08,   61.47,   64.24,   57.99
10/12/2013 07:55:00,   57.38,   60.82,   52.97,   60.90,   64.02,   57.01
10/12/2013 08:00:00,   57.65,   59.93,   54.30,   61.76,   64.24,   58.38
10/12/2013 08:05:00,   57.90,   60.98,   53.88,   61.60,   64.21,   57.87
10/12/2013 08:10:00,   56.96,   59.55,   53.05,   62.02,   65.18,   57.94
10/12/2013 08:15:00,   59.00,   61.87,   54.80,   63.06,   66.25,   58.88
10/12/2013 08:20:00,   58.86,   60.94,   54.75,   63.06,   65.13,   59.56
10/12/2013 08:25:00,   58.52,   61.31,   54.11,   63.29,   66.57,   58.65
10/12/2013 08:30:00,   58.31,   60.64,   54.86,   62.79,   65.59,   58.65
10/12/2013 08:35:00,   58.26,   60.63,   53.48,   64.77,   68.28,   57.67
10/12/2013 08:40:00,   57.92,   60.66,   54.20,   64.15,   68.00,   59.06
10/12/2013 08:45:00,   60.76,   64.79,   54.54,   69.68,   76.18,   59.41
10/12/2013 08:50:00,   58.01,   60.20,   54.88,   64.93,   69.51,   60.18
10/12/2013 08:55:00,   58.59,   61.53,   54.84,   63.80,   66.32,   60.33
10/12/2013 09:00:00,   62.43,   62.92,   53.73,   64.92,   67.45,   58.22
10/12/2013 09:05:00,   57.70,   60.25,   54.35,   62.32,   64.84,   59.34
10/12/2013 09:10:00,   58.52,   61.51,   54.69,   65.16,   69.58,   59.61
10/12/2013 09:15:00,   60.62,   63.47,   54.68,   68.46,   74.01,   59.25
10/12/2013 09:20:00,   58.21,   60.89,   54.18,   63.22,   66.34,   59.00
10/12/2013 09:25:00,   58.63,   60.90,   54.44,   63.69,   66.91,   58.81
10/12/2013 09:30:00,   59.35,   61.97,   54.57,   63.80,   66.38,   59.06
10/12/2013 09:35:00,   58.66,   62.35,   53.34,   63.95,   67.87,   57.80
10/12/2013 09:40:00,   61.12,   65.26,   55.61,   71.27,   77.85,   60.54
10/12/2013 09:45:00,   59.04,   61.83,   53.48,   64.99,   68.52,   56.84
10/12/2013 09:50:00,   59.68,   62.07,   54.47,   64.73,   67.74,   57.82
10/12/2013 09:55:00,   57.96,   61.27,   53.04,   62.94,   66.37,   57.76
10/12/2013 10:00:00,   58.86,   61.28,   54.85,   63.13,   66.33,   58.11
10/12/2013 10:05:00,   58.51,   62.14,   53.95,   62.74,   65.43,   58.19
10/12/2013 10:10:00,   57.63,   60.41,   52.93,   62.48,   65.74,   56.92
10/12/2013 10:15:00,   58.51,   61.82,   53.52,   63.59,   66.56,   59.04
10/12/2013 10:20:00,   57.76,   60.65,   53.19,   62.87,   66.25,   58.63
10/12/2013 10:25:00,   58.85,   61.80,   53.04,   63.93,   67.95,   57.90
10/12/2013 10:30:00,   57.86,   60.45,   53.32,   62.19,   65.14,   57.09
10/12/2013 10:35:00,   61.06,   64.43,   54.28,   68.43,   74.10,   58.49
10/12/2013 10:40:00,   59.43,   62.20,   54.65,   64.96,   69.15,   59.25
10/12/2013 10:45:00,   60.68,   64.64,   55.57,   65.00,   68.73,   59.49
10/12/2013 10:50:00,   65.19,   64.19,   57.52,   68.93,   71.59,   60.45
10/12/2013 10:55:00,   60.08,   62.34,   56.20,   64.81,   68.79,   59.40
10/12/2013 11:00:00,   59.11,   61.97,   53.96,   66.12,   71.79,   58.02
10/12/2013 11:05:00,   59.05,   61.76,   53.21,   63.39,   66.70,   58.25
10/12/2013 11:10:00,   58.80,   61.10,   54.21,   61.43,   63.68,   58.01
10/12/2013 11:15:00,   59.27,   61.86,   55.53,   62.28,   64.82,   58.54
10/12/2013 11:20:00,   58.09,   60.88,   53.72,   62.18,   64.60,   58.59
10/12/2013 11:25:00,   58.57,   61.40,   53.56,   63.34,   66.12,   58.43
10/12/2013 11:30:00,   59.44,   61.90,   55.77,   63.82,   66.98,   58.96
10/12/2013 11:35:00,   59.39,   61.72,   55.97,   62.80,   65.48,   58.43
10/12/2013 11:40:00,   59.43,   62.25,   55.19,   63.37,   66.34,   58.07
10/12/2013 11:45:00,   59.17,   62.34,   54.54,   64.85,   69.13,   59.18
10/12/2013 11:50:00,   59.63,   61.88,   56.19,   63.15,   65.86,   59.76
10/12/2013 11:55:00,   58.55,   61.10,   54.65,   62.68,   65.44,   58.06
10/12/2013 12:00:00,   57.16,   60.13,   53.28,   61.09,   63.52,   57.46
10/12/2013 12:05:00,   57.78,   60.33,   53.95,   61.91,   64.93,   57.54
10/12/2013 12:10:00,   59.30,   63.00,   53.05,   64.54,   68.09,   58.82
10/12/2013 12:15:00,   61.06,   63.68,   54.61,   65.24,   69.41,   59.07
10/12/2013 12:20:00,   58.78,   61.11,   54.79,   62.43,   64.62,   58.76
10/12/2013 12:25:00,   59.39,   61.93,   54.19,   65.48,   71.20,   58.13
10/12/2013 12:30:00,   59.66,   62.47,   54.35,   64.84,   68.08,   58.14
10/12/2013 12:35:00,   61.46,   64.24,   57.21,   65.85,   69.69,   60.85
10/12/2013 12:40:00,   61.00,   63.20,   57.28,   63.49,   65.88,   59.32
10/12/2013 12:45:00,   59.47,   61.95,   55.04,   63.25,   66.09,   59.12
10/12/2013 12:50:00,   58.80,   60.70,   55.30,   61.37,   63.50,   58.19
10/12/2013 12:55:00,   58.79,   61.26,   55.13,   62.29,   64.85,   58.52
10/12/2013 13:00:00,   60.20,   62.46,   56.90,   63.86,   66.96,   59.87
10/12/2013 13:05:00,   58.78,   61.17,   54.46,   61.67,   63.67,   58.81
10/12/2013 13:10:00,   60.60,   62.15,   58.07,   63.28,   65.44,   59.92
10/12/2013 13:15:00,   61.46,   62.83,   58.81,   63.57,   66.12,   59.39
10/12/2013 13:20:00,   59.70,   62.10,   56.53,   61.17,   63.52,   57.68
10/12/2013 13:25:00,   60.52,   62.71,   56.07,   63.30,   65.90,   58.42
10/12/2013 13:30:00,   59.25,   61.27,   55.20,   62.26,   64.59,   58.61
10/12/2013 13:35:00,   60.43,   62.42,   56.49,   63.24,   65.56,   59.26
10/12/2013 13:40:00,   60.47,   61.14,   53.77,   63.06,   65.06,   57.55
10/12/2013 13:45:00,   58.16,   60.85,   53.84,   61.07,   63.15,   57.45
10/12/2013 13:50:00,   58.46,   60.78,   54.99,   62.37,   64.49,   59.24
10/12/2013 13:55:00,   59.82,   62.29,   55.58,   63.38,   66.12,   59.13
10/12/2013 14:00:00,   60.35,   62.61,   55.84,   62.93,   65.23,   58.92
10/12/2013 14:05:00,   61.40,   63.31,   57.86,   63.57,   65.57,   60.12
10/12/2013 14:10:00,   61.73,   63.38,   58.80,   63.97,   66.04,   61.69
10/12/2013 14:15:00,   60.73,   62.73,   56.74,   62.77,   64.97,   59.39
10/12/2013 14:20:00,   61.48,   63.84,   58.15,   63.66,   66.49,   60.46
10/12/2013 14:25:00,   62.59,   63.97,   60.71,   64.58,   67.14,   61.75
10/12/2013 14:30:00,   62.99,   64.20,   60.74,   65.65,   68.62,   61.92
10/12/2013 14:35:00,   62.88,   64.24,   60.22,   64.27,   66.44,   61.89
10/12/2013 14:40:00,   61.68,   63.75,   58.77,   63.40,   65.53,   60.67
10/12/2013 14:45:00,   59.88,   61.92,   56.84,   62.64,   65.25,   59.53
10/12/2013 14:50:00,   61.04,   63.24,   58.25,   65.03,   67.93,   61.05
10/12/2013 14:55:00,   60.47,   62.68,   56.15,   63.97,   66.10,   60.04
10/12/2013 15:00:00,   60.37,   62.62,   57.06,   64.81,   67.97,   60.18
10/12/2013 15:05:00,   59.91,   62.16,   55.49,   64.41,   67.23,   59.84
10/12/2013 15:10:00,   61.33,   63.06,   58.54,   65.61,   69.39,   61.22
10/12/2013 15:15:00,   62.51,   63.95,   59.90,   65.06,   66.90,   61.91
10/12/2013 15:20:00,   60.57,   62.11,   57.90,   64.29,   66.66,   60.83
10/12/2013 15:25:00,   57.89,   60.71,   53.92,   62.38,   64.91,   58.75
10/12/2013 15:30:00,   57.79,   60.07,   54.12,   63.89,   66.98,   59.41
10/12/2013 15:35:00,   57.83,   60.12,   53.66,   62.88,   66.03,   58.48
10/12/2013 15:40:00,   57.41,   60.44,   53.55,   61.91,   64.08,   58.63
10/12/2013 15:45:00,   57.63,   60.18,   52.59,   61.91,   64.63,   57.36
10/12/2013 15:50:00,   58.42,   60.87,   53.41,   62.12,   64.79,   57.94
10/12/2013 15:55:00,   57.84,   60.41,   52.83,   62.13,   65.05,   57.45
10/12/2013 16:00:00,   58.03,   60.42,   53.98,   61.90,   64.47,   58.02
10/12/2013 16:05:00,   57.27,   60.24,   53.22,   62.24,   65.22,   58.34
10/12/2013 16:10:00,   56.73,   59.00,   51.57,   61.69,   64.05,   57.47
10/12/2013 16:15:00,   56.65,   58.89,   52.54,   61.56,   63.70,   58.02
10/12/2013 16:20:00,   57.65,   60.48,   53.28,   61.33,   63.57,   57.85
10/12/2013 16:25:00,   58.18,   60.64,   53.73,   62.74,   65.56,   58.23
10/12/2013 16:30:00,   57.95,   60.63,   52.10,   61.85,   64.41,   57.11
10/12/2013 16:35:00,   57.53,   60.89,   52.75,   61.20,   64.18,   57.24
10/12/2013 16:40:00,   56.56,   60.21,   51.05,   60.06,   63.10,   55.42
10/12/2013 16:45:00,   57.71,   60.15,   53.13,   61.18,   63.35,   57.18
10/12/2013 16:50:00,   58.11,   60.59,   52.85,   64.11,   67.56,   58.76
10/12/2013 16:55:00,   57.87,   60.59,   52.08,   61.73,   64.52,   56.22
10/12/2013 17:00:00,   57.24,   58.89,   53.05,   63.19,   65.75,   58.81
10/12/2013 17:05:00,   57.78,   60.17,   53.42,   63.85,   67.63,   58.64
10/12/2013 17:10:00,   57.41,   60.30,   53.26,   62.89,   65.78,   58.79
10/12/2013 17:15:00,   58.58,   61.27,   54.28,   64.77,   68.50,   59.10
10/12/2013 17:20:00,   58.58,   61.08,   53.94,   66.84,   71.61,   59.16
10/12/2013 17:25:00,   57.91,   60.51,   53.50,   62.69,   65.61,   58.59
10/12/2013 17:30:00,   58.58,   61.57,   54.54,   63.63,   66.96,   59.30
10/12/2013 17:35:00,   59.11,   61.77,   55.07,   63.55,   66.57,   59.22
10/12/2013 17:40:00,   58.54,   61.10,   54.32,   62.42,   64.86,   57.82
10/12/2013 17:45:00,   57.16,   60.72,   52.67,   61.18,   64.15,   57.26
10/12/2013 17:50:00,   58.99,   61.55,   54.06,   63.13,   65.91,   58.33
10/12/2013 17:55:00,   58.27,   60.83,   52.89,   63.51,   67.62,   56.99
10/12/2013 18:00:00,   58.47,   61.23,   53.15,   62.03,   64.53,   57.73
10/12/2013 18:05:00,   58.36,   60.71,   54.58,   62.88,   65.75,   58.86
10/12/2013 18:10:00,   58.67,   61.13,   53.60,   62.78,   65.63,   56.88
10/12/2013 18:15:00,   58.80,   61.69,   53.65,   63.99,   68.81,   57.64
10/12/2013 18:20:00,   58.77,   61.50,   53.11,   62.43,   65.12,   57.05
10/12/2013 18:25:00,   59.04,   61.68,   53.39,   62.57,   65.00,   58.20
10/12/2013 18:30:00,   58.72,   61.09,   54.56,   62.38,   64.67,   58.27
10/12/2013 18:35:00,   57.79,   60.39,   53.28,   63.51,   67.13,   57.00
10/12/2013 18:40:00,   59.21,   61.56,   55.49,   64.15,   66.99,   58.94
10/12/2013 18:45:00,   58.39,   60.97,   53.74,   62.80,   65.27,   57.95
10/12/2013 18:50:00,   58.82,   62.10,   52.47,   62.51,   65.55,   56.30
10/12/2013 18:55:00,   59.23,   61.42,   54.78,   62.88,   65.67,   57.99
10/12/2013 19:00:00,   59.42,   61.85,   56.07,   63.72,   66.50,   59.94
10/12/2013 19:05:00,   58.59,   61.37,   53.96,   62.16,   65.07,   57.56
10/12/2013 19:10:00,   58.66,   60.97,   54.64,   62.44,   65.00,   58.42
10/12/2013 19:15:00,   59.32,   62.01,   55.17,   62.77,   65.51,   58.66
10/12/2013 19:20:00,   58.54,   61.34,   53.88,   63.48,   67.44,   57.99
10/12/2013 19:25:00,   58.53,   61.28,   53.91,   64.65,   69.26,   58.39
10/12/2013 19:30:00,   57.93,   60.68,   53.87,   64.50,   68.33,   58.27
10/12/2013 19:35:00,   58.37,   60.68,   54.71,   64.81,   69.42,   58.87
10/12/2013 19:40:00,   58.16,   60.79,   54.26,   61.80,   64.52,   57.35
10/12/2013 19:45:00,   58.55,   61.78,   52.62,   62.19,   65.74,   57.11
10/12/2013 19:50:00,   58.00,   60.88,   54.39,   62.04,   65.06,   57.83
10/12/2013 19:55:00,   57.98,   60.50,   54.37,   61.98,   64.13,   57.83
10/12/2013 20:00:00,   57.56,   60.57,   51.57,   61.78,   65.37,   56.16
10/12/2013 20:05:00,   57.58,   60.84,   51.66,   61.62,   64.47,   55.03
10/12/2013 20:10:00,   57.53,   61.31,   52.16,   61.41,   64.61,   56.57
10/12/2013 20:15:00,   58.16,   61.04,   52.92,   61.30,   64.33,   56.86
10/12/2013 20:20:00,   58.44,   61.36,   53.74,   61.28,   63.92,   57.12
10/12/2013 20:25:00,   56.46,   59.67,   51.36,   59.65,   62.67,   55.07
10/12/2013 20:30:00,   57.02,   60.54,   50.89,   59.87,   62.80,   54.20
10/12/2013 20:35:00,   57.48,   60.73,   52.09,   60.52,   63.20,   55.59
10/12/2013 20:40:00,   56.01,   59.69,   50.39,   58.60,   61.66,   53.56
10/12/2013 20:45:00,   56.91,   60.79,   51.59,   59.50,   62.65,   55.30
10/12/2013 20:50:00,   57.24,   60.56,   51.75,   59.21,   62.13,   54.88
10/12/2013 20:55:00,   56.16,   59.48,   50.39,   59.04,   62.54,   53.38
10/12/2013 21:00:00,   56.65,   60.24,   50.70,   58.73,   61.95,   54.03
10/12/2013 21:05:00,   55.91,   59.25,   50.87,   58.31,   61.03,   53.85
10/12/2013 21:10:00,   56.36,   60.28,   50.19,   59.89,   64.08,   53.50
10/12/2013 21:15:00,   57.63,   60.62,   51.83,   60.03,   62.64,   56.23
10/12/2013 21:20:00,   56.14,   59.85,   50.08,   60.32,   64.29,   53.36
10/12/2013 21:25:00,   55.72,   59.03,   50.83,   59.46,   62.61,   53.98
10/12/2013 21:30:00,   55.59,   59.65,   49.22,   59.29,   62.79,   53.38
10/12/2013 21:35:00,   56.76,   60.82,   49.22,   60.90,   64.53,   54.93
10/12/2013 21:40:00,   56.74,   59.68,   51.09,   60.32,   63.33,   55.70
10/12/2013 21:45:00,   56.22,   60.32,   50.07,   60.54,   64.76,   53.87
10/12/2013 21:50:00,   55.37,   57.98,   48.96,   58.27,   60.92,   53.51
10/12/2013 21:55:00,   55.70,   59.51,   49.31,   59.58,   63.37,   53.64
10/12/2013 22:00:00,   56.56,   59.96,   49.86,   59.66,   63.05,   53.81
10/12/2013 22:05:00,   56.15,   60.39,   50.33,   59.71,   63.21,   54.28
10/12/2013 22:10:00,   57.72,   61.46,   51.32,   61.23,   64.74,   54.99
10/12/2013 22:15:00,   55.08,   58.36,   49.44,   58.20,   61.62,   53.46
10/12/2013 22:20:00,   54.03,   57.64,   47.94,   57.64,   61.35,   52.17
10/12/2013 22:25:00,   55.86,   59.47,   49.07,   58.30,   61.86,   52.32
10/12/2013 22:30:00,   55.01,   59.73,   48.55,   57.47,   61.45,   51.99
10/12/2013 22:35:00,   55.24,   58.56,   49.58,   58.47,   61.68,   52.92
10/12/2013 22:40:00,   54.40,   59.11,   48.04,   58.75,   61.74,   51.73
10/12/2013 22:45:00,   55.23,   60.23,   47.39,   58.51,   62.68,   51.20
10/12/2013 22:50:00,   53.75,   57.67,   47.66,   59.47,   62.78,   51.95
10/12/2013 22:55:00,   55.38,   60.09,   49.04,   58.64,   62.60,   52.10
10/12/2013 23:00:00,   53.51,   58.22,   47.97,   56.05,   59.52,   51.77
10/12/2013 23:05:00,   54.06,   59.05,   46.22,   57.13,   61.68,   49.41
10/12/2013 23:10:00,   56.06,   60.52,   47.90,   58.56,   63.07,   51.62
10/12/2013 23:15:00,   54.95,   59.71,   47.17,   57.47,   61.87,   50.79
10/12/2013 23:20:00,   53.45,   58.62,   46.63,   55.74,   60.03,   50.35
10/12/2013 23:25:00,   53.68,   58.33,   46.02,   56.29,   60.89,   49.62
10/12/2013 23:30:00,   52.89,   58.01,   45.66,   55.11,   59.31,   49.02
10/12/2013 23:35:00,   55.83,   60.18,   47.40,   59.01,   63.14,   50.30
10/12/2013 23:40:00,   52.69,   58.55,   45.52,   55.71,   60.97,   49.55
10/12/2013 23:45:00,   50.87,   55.43,   45.28,   54.24,   57.63,   49.02
10/12/2013 23:50:00,   51.90,   57.58,   42.90,   54.28,   59.57,   46.82
10/12/2013 23:55:00,   53.95,   59.56,   45.34,   56.87,   62.02,   49.29

