# noise_analysis run from DCC-NOISE-001003 at Thu Jul  4 00:00:00 2013
# Monitoring unit located at 53.342609N 6.340721W
# logfile   = /home/root/noise_analysis.log
# cfg_dir   = /home/root/config
# outputdir = /home/root/noise
# Sensitivity = -26.271103
# Gain = 1.000000
# Time should be in local format (i.e. daylight savings time)
# dd/mm/yyyy hh:mm:ss, A Leq,   A L10,   A L95,   C Leq,   C L10,   C L95
04/07/2013 00:05:00,   51.54,   56.89,   44.54,   54.09,   58.71,   48.54
04/07/2013 00:10:00,   50.70,   56.46,   43.21,   53.36,   58.52,   47.38
04/07/2013 00:15:00,   51.74,   55.55,   46.54,   54.12,   57.71,   49.48
04/07/2013 00:20:00,   52.56,   56.94,   47.69,   54.64,   58.61,   50.35
04/07/2013 00:25:00,   52.94,   57.38,   46.26,   55.37,   59.49,   49.37
04/07/2013 00:30:00,   51.92,   54.48,   47.50,   54.49,   57.78,   50.07
04/07/2013 00:35:00,   52.15,   56.06,   46.39,   54.90,   58.38,   49.65
04/07/2013 00:40:00,   52.27,   55.51,   47.64,   54.86,   57.70,   50.53
04/07/2013 00:45:00,   52.00,   55.80,   47.29,   54.30,   57.55,   50.49
04/07/2013 00:50:00,   52.67,   56.28,   47.13,   55.20,   58.86,   50.66
04/07/2013 00:55:00,   52.33,   57.23,   46.56,   54.70,   59.09,   50.05
04/07/2013 01:00:00,   51.99,   56.27,   45.84,   55.32,   59.94,   48.96
04/07/2013 01:05:00,   52.14,   56.68,   46.53,   53.93,   58.07,   49.35
04/07/2013 01:10:00,   52.32,   56.94,   44.89,   54.37,   58.49,   48.32
04/07/2013 01:15:00,   49.62,   54.30,   41.90,   52.35,   56.68,   45.83
04/07/2013 01:20:00,   51.03,   54.62,   45.43,   53.32,   56.37,   48.40
04/07/2013 01:25:00,   49.09,   55.42,   41.64,   51.71,   57.14,   46.10
04/07/2013 01:30:00,   49.43,   56.01,   40.10,   51.69,   57.36,   44.65
04/07/2013 01:35:00,   48.54,   54.51,   41.82,   50.85,   55.86,   46.08
04/07/2013 01:40:00,   50.62,   55.86,   43.13,   52.72,   57.49,   46.76
04/07/2013 01:45:00,   48.09,   54.56,   41.68,   50.54,   55.68,   45.89
04/07/2013 01:50:00,   47.81,   53.04,   42.26,   50.27,   54.30,   46.00
04/07/2013 01:55:00,   48.76,   54.03,   42.98,   50.99,   56.03,   46.59
04/07/2013 02:00:00,   48.29,   52.82,   43.20,   51.34,   55.43,   46.73
04/07/2013 02:05:00,   49.39,   53.50,   43.79,   51.55,   55.22,   47.37
04/07/2013 02:10:00,   52.21,   55.63,   47.35,   54.41,   58.03,   49.76
04/07/2013 02:15:00,   49.97,   53.68,   42.73,   52.53,   56.93,   46.53
04/07/2013 02:20:00,   48.28,   52.63,   41.98,   50.66,   54.96,   45.40
04/07/2013 02:25:00,   49.53,   54.44,   42.09,   53.21,   57.34,   45.54
04/07/2013 02:30:00,   45.76,   48.30,   40.27,   48.19,   50.27,   44.17
04/07/2013 02:35:00,   46.89,   51.47,   39.10,   49.61,   53.64,   43.54
04/07/2013 02:40:00,   46.17,   52.26,   40.66,   49.73,   53.73,   45.14
04/07/2013 02:45:00,   45.74,   49.76,   39.77,   48.84,   52.88,   44.42
04/07/2013 02:50:00,   43.97,   48.20,   39.16,   47.79,   51.04,   44.69
04/07/2013 02:55:00,   46.20,   52.71,   39.71,   49.36,   54.84,   44.55
04/07/2013 03:00:00,   46.27,   51.72,   39.09,   50.32,   55.92,   44.40
04/07/2013 03:05:00,   48.12,   52.16,   41.95,   50.67,   54.98,   45.85
04/07/2013 03:10:00,   48.24,   52.30,   41.04,   50.53,   54.33,   45.23
04/07/2013 03:15:00,   43.26,   46.84,   39.63,   46.39,   48.54,   44.10
04/07/2013 03:20:00,   47.89,   51.64,   41.49,   50.57,   53.83,   45.58
04/07/2013 03:25:00,   48.39,   53.18,   41.90,   50.93,   55.41,   45.61
04/07/2013 03:30:00,   47.35,   52.16,   39.82,   50.19,   54.98,   44.61
04/07/2013 03:35:00,   46.04,   50.85,   40.32,   49.95,   55.24,   44.79
04/07/2013 03:40:00,   46.65,   50.90,   41.39,   49.81,   54.61,   45.45
04/07/2013 03:45:00,   48.01,   52.01,   42.81,   50.37,   54.27,   46.37
04/07/2013 03:50:00,   48.77,   53.76,   41.78,   51.15,   56.57,   45.38
04/07/2013 03:55:00,   48.39,   52.64,   41.56,   51.97,   56.20,   45.84
04/07/2013 04:00:00,   47.85,   52.15,   42.24,   50.51,   54.86,   46.00
04/07/2013 04:05:00,   46.88,   49.82,   42.12,   49.47,   53.08,   45.74
04/07/2013 04:10:00,   50.03,   54.29,   44.80,   52.05,   56.79,   47.27
04/07/2013 04:15:00,   47.88,   51.39,   42.39,   50.00,   52.29,   46.18
04/07/2013 04:20:00,   46.83,   52.05,   41.75,   49.69,   54.48,   45.98
04/07/2013 04:25:00,   46.70,   51.83,   41.75,   50.23,   54.90,   45.76
04/07/2013 04:30:00,   45.04,   47.29,   41.69,   48.32,   50.44,   46.00
04/07/2013 04:35:00,   45.07,   47.27,   41.47,   48.35,   49.98,   46.06
04/07/2013 04:40:00,   47.98,   52.57,   42.25,   50.76,   54.81,   46.35
04/07/2013 04:45:00,   48.09,   52.79,   43.52,   51.66,   56.52,   47.06
04/07/2013 04:50:00,   49.75,   53.84,   44.00,   52.51,   55.91,   47.53
04/07/2013 04:55:00,   49.79,   53.13,   45.22,   52.01,   54.99,   48.23
04/07/2013 05:00:00,   47.79,   52.23,   44.10,   50.79,   54.23,   47.85
04/07/2013 05:05:00,   49.98,   53.00,   45.29,   52.36,   55.59,   48.33
04/07/2013 05:10:00,   48.95,   52.12,   44.40,   51.71,   55.01,   47.65
04/07/2013 05:15:00,   49.49,   53.72,   43.61,   52.46,   55.99,   47.52
04/07/2013 05:20:00,   50.27,   55.57,   44.57,   52.49,   57.34,   48.00
04/07/2013 05:25:00,   49.72,   54.47,   42.97,   52.23,   56.52,   47.31
04/07/2013 05:30:00,   51.89,   56.20,   46.83,   54.42,   57.93,   50.32
04/07/2013 05:35:00,   51.13,   55.45,   44.59,   53.06,   56.64,   48.38
04/07/2013 05:40:00,   52.54,   57.69,   45.64,   55.08,   59.21,   49.59
04/07/2013 05:45:00,   51.73,   56.22,   46.21,   54.44,   58.14,   50.18
04/07/2013 05:50:00,   51.76,   56.38,   46.75,   55.04,   58.72,   50.87
04/07/2013 05:55:00,   52.27,   56.78,   47.31,   55.74,   59.19,   51.51
04/07/2013 06:00:00,   52.53,   56.58,   48.14,   55.81,   60.23,   51.61
04/07/2013 06:05:00,   52.48,   56.57,   47.59,   55.25,   58.48,   51.55
04/07/2013 06:10:00,   54.09,   57.55,   49.38,   56.54,   59.07,   53.33
04/07/2013 06:15:00,   52.62,   56.10,   47.96,   56.00,   59.22,   52.12
04/07/2013 06:20:00,   54.28,   58.39,   48.13,   58.83,   63.37,   52.48
04/07/2013 06:25:00,   54.03,   56.81,   50.16,   58.40,   61.76,   54.08
04/07/2013 06:30:00,   54.59,   57.23,   51.61,   57.90,   60.50,   54.82
04/07/2013 06:35:00,   57.92,   61.50,   52.76,   63.47,   67.42,   56.80
04/07/2013 06:40:00,   58.14,   61.67,   52.60,   63.31,   68.27,   56.76
04/07/2013 06:45:00,   57.19,   59.68,   52.27,   60.52,   63.10,   55.99
04/07/2013 06:50:00,   56.04,   58.39,   53.24,   59.93,   63.01,   56.20
04/07/2013 06:55:00,   57.77,   60.32,   54.49,   61.68,   64.18,   57.66
04/07/2013 07:00:00,   56.76,   59.75,   52.46,   59.92,   62.63,   55.85
04/07/2013 07:05:00,   57.00,   59.33,   53.61,   60.73,   63.48,   56.91
04/07/2013 07:10:00,   56.29,   59.28,   52.96,   59.35,   61.86,   56.25
04/07/2013 07:15:00,   57.89,   60.05,   55.20,   61.50,   64.04,   58.14
04/07/2013 07:20:00,   57.70,   60.28,   54.26,   61.95,   65.47,   57.83
04/07/2013 07:25:00,   56.13,   59.08,   52.58,   60.82,   64.12,   56.48
04/07/2013 07:30:00,   58.86,   61.42,   55.06,   63.66,   65.98,   59.28
04/07/2013 07:35:00,   58.81,   61.77,   53.97,   63.37,   65.96,   57.56
04/07/2013 07:40:00,   57.56,   59.93,   54.57,   61.50,   63.76,   58.45
04/07/2013 07:45:00,   58.71,   61.24,   55.03,   63.07,   66.45,   59.06
04/07/2013 07:50:00,   58.35,   60.73,   54.81,   62.91,   65.61,   58.28
04/07/2013 07:55:00,   58.55,   60.64,   54.65,   64.09,   66.47,   59.14
04/07/2013 08:00:00,   58.40,   61.56,   54.88,   62.53,   65.86,   58.43
04/07/2013 08:05:00,   57.09,   59.31,   54.79,   60.88,   63.29,   57.96
04/07/2013 08:10:00,   58.02,   60.11,   54.60,   61.93,   63.99,   57.91
04/07/2013 08:15:00,   57.76,   60.28,   53.72,   61.88,   64.56,   57.82
04/07/2013 08:20:00,   58.45,   61.03,   53.73,   62.50,   65.10,   57.47
04/07/2013 08:25:00,   58.39,   60.70,   54.90,   62.98,   65.46,   58.49
04/07/2013 08:30:00,   57.41,   59.72,   53.77,   61.47,   63.57,   57.78
04/07/2013 08:35:00,   57.44,   59.87,   54.46,   62.23,   65.65,   57.96
04/07/2013 08:40:00,   57.96,   60.27,   53.76,   60.97,   62.92,   56.79
04/07/2013 08:45:00,   58.08,   60.80,   53.87,   61.73,   64.82,   57.56
04/07/2013 08:50:00,   58.65,   61.53,   54.01,   63.05,   66.29,   58.09
04/07/2013 08:55:00,   58.74,   60.65,   56.18,   62.37,   64.37,   59.02
04/07/2013 09:00:00,   57.81,   59.66,   55.12,   61.50,   63.44,   58.33
04/07/2013 09:05:00,   57.17,   59.10,   53.77,   60.80,   63.39,   57.36
04/07/2013 09:10:00,   57.03,   59.61,   53.60,   60.95,   63.44,   56.77
04/07/2013 09:15:00,   57.91,   60.27,   54.10,   61.89,   64.96,   58.47
04/07/2013 09:20:00,   57.38,   59.92,   52.27,   61.50,   64.56,   57.06
04/07/2013 09:25:00,   57.75,   59.90,   54.28,   61.78,   63.89,   57.94
04/07/2013 09:30:00,   58.19,   60.59,   54.29,   62.15,   65.25,   58.41
04/07/2013 09:35:00,   56.82,   58.68,   53.60,   61.85,   63.63,   57.84
04/07/2013 09:40:00,   60.14,   62.73,   54.14,   63.48,   65.81,   57.93
04/07/2013 09:45:00,   57.43,   60.58,   52.48,   60.97,   63.96,   55.97
04/07/2013 09:50:00,   56.92,   59.24,   52.76,   61.57,   64.39,   57.25
04/07/2013 09:55:00,   57.52,   60.08,   53.81,   62.07,   65.41,   57.71
04/07/2013 10:00:00,   59.21,   61.06,   55.12,   64.23,   66.46,   60.18
04/07/2013 10:05:00,   58.50,   60.99,   54.84,   63.89,   68.66,   58.53
04/07/2013 10:10:00,   57.81,   59.78,   54.30,   61.91,   63.73,   58.34
04/07/2013 10:15:00,   58.62,   60.74,   55.04,   62.90,   65.49,   58.70
04/07/2013 10:20:00,   57.93,   60.62,   53.82,   61.53,   64.47,   57.27
04/07/2013 10:25:00,   57.54,   59.74,   54.14,   61.34,   63.66,   57.78
04/07/2013 10:30:00,   58.32,   60.70,   54.08,   63.01,   66.22,   58.37
04/07/2013 10:35:00,   56.80,   59.43,   53.41,   60.84,   64.03,   57.03
04/07/2013 10:40:00,   56.95,   59.58,   52.52,   61.03,   64.17,   56.90
04/07/2013 10:45:00,   57.35,   59.61,   53.61,   61.93,   64.61,   57.69
04/07/2013 10:50:00,   56.55,   59.14,   52.73,   61.37,   63.90,   58.21
04/07/2013 10:55:00,   57.54,   60.56,   52.46,   61.28,   64.40,   56.51
04/07/2013 11:00:00,   57.57,   59.96,   53.61,   61.93,   63.58,   57.67
04/07/2013 11:05:00,   57.92,   60.65,   54.00,   62.48,   65.55,   58.55
04/07/2013 11:10:00,   56.85,   59.68,   52.67,   61.08,   64.70,   56.27
04/07/2013 11:15:00,   57.21,   59.56,   53.38,   61.19,   63.84,   57.05
04/07/2013 11:20:00,   57.74,   59.58,   54.12,   61.62,   63.95,   57.33
04/07/2013 11:25:00,   57.37,   59.74,   53.99,   61.21,   63.30,   57.11
04/07/2013 11:30:00,   57.21,   59.38,   52.89,   61.55,   63.77,   56.76
04/07/2013 11:35:00,   57.48,   59.89,   54.28,   62.11,   64.95,   57.33
04/07/2013 11:40:00,   58.69,   61.70,   53.61,   63.83,   66.09,   58.20
04/07/2013 11:45:00,   56.94,   59.39,   53.27,   61.14,   64.07,   56.94
04/07/2013 11:50:00,   57.20,   58.95,   54.61,   61.46,   63.72,   58.60
04/07/2013 11:55:00,   57.75,   59.62,   55.17,   62.51,   64.74,   58.96
04/07/2013 12:00:00,   57.76,   60.18,   54.15,   61.94,   64.57,   57.80
04/07/2013 12:05:00,   58.39,   60.26,   54.76,   62.81,   64.73,   58.52
04/07/2013 12:10:00,   58.20,   60.81,   53.85,   61.95,   64.34,   57.44
04/07/2013 12:15:00,   59.21,   61.37,   54.29,   62.78,   65.65,   58.54
04/07/2013 12:20:00,   58.25,   60.80,   53.31,   62.44,   66.08,   57.18
04/07/2013 12:25:00,   58.83,   61.75,   55.02,   63.26,   66.85,   59.23
04/07/2013 12:30:00,   57.81,   60.27,   54.61,   61.46,   63.70,   58.00
04/07/2013 12:35:00,   56.51,   58.71,   53.18,   60.77,   63.55,   57.28
04/07/2013 12:40:00,   56.58,   58.95,   52.58,   61.73,   64.55,   57.45
04/07/2013 12:45:00,   56.49,   58.85,   53.23,   61.21,   63.35,   57.57
04/07/2013 12:50:00,   58.94,   60.55,   53.76,   62.06,   65.72,   57.19
04/07/2013 12:55:00,   58.84,   60.54,   53.47,   62.47,   64.85,   57.90
04/07/2013 13:00:00,   60.23,   62.13,   55.10,   64.39,   68.67,   58.98
04/07/2013 13:05:00,   60.36,   61.34,   54.23,   62.88,   64.84,   58.32
04/07/2013 13:10:00,   58.88,   61.37,   55.40,   63.07,   65.74,   59.02
04/07/2013 13:15:00,   58.97,   61.04,   55.69,   63.50,   65.78,   58.64
04/07/2013 13:20:00,   56.75,   59.31,   53.21,   60.51,   63.42,   56.87
04/07/2013 13:25:00,   57.85,   59.64,   52.82,   61.49,   63.46,   56.91
04/07/2013 13:30:00,   57.65,   59.19,   53.45,   62.08,   64.82,   57.50
04/07/2013 13:35:00,   57.86,   59.62,   54.23,   62.52,   65.40,   58.57
04/07/2013 13:40:00,   58.30,   61.25,   54.35,   63.42,   67.53,   58.19
04/07/2013 13:45:00,   56.63,   59.02,   52.84,   60.99,   63.72,   57.22
04/07/2013 13:50:00,   57.10,   59.87,   52.64,   61.56,   64.67,   56.79
04/07/2013 13:55:00,   56.50,   58.40,   53.22,   60.79,   63.16,   57.30
04/07/2013 14:00:00,   57.67,   59.49,   54.95,   62.55,   65.00,   58.72
04/07/2013 14:05:00,   58.07,   59.84,   52.92,   63.05,   65.58,   57.45
04/07/2013 14:10:00,   56.79,   58.91,   52.73,   60.68,   62.45,   56.63
04/07/2013 14:15:00,   56.35,   58.37,   53.47,   60.67,   62.56,   57.57
04/07/2013 14:20:00,   57.33,   59.43,   53.72,   61.89,   63.64,   58.72
04/07/2013 14:25:00,   58.05,   60.74,   54.05,   62.50,   65.43,   57.87
04/07/2013 14:30:00,   57.95,   59.99,   54.25,   62.64,   65.89,   57.57
04/07/2013 14:35:00,   58.05,   60.43,   54.29,   62.40,   64.79,   57.69
04/07/2013 14:40:00,   57.97,   59.97,   55.02,   62.25,   64.26,   59.10
04/07/2013 14:45:00,   57.61,   59.48,   54.06,   61.91,   64.76,   58.03
04/07/2013 14:50:00,   58.65,   60.71,   55.27,   64.32,   68.41,   58.82
04/07/2013 14:55:00,   58.85,   60.91,   56.70,   63.41,   65.85,   59.89
04/07/2013 15:00:00,   58.45,   61.10,   53.31,   63.63,   67.50,   57.93
04/07/2013 15:05:00,   58.58,   60.72,   55.33,   63.67,   66.21,   58.95
04/07/2013 15:10:00,   57.41,   59.59,   53.65,   61.69,   63.98,   57.74
04/07/2013 15:15:00,   58.53,   60.05,   54.31,   62.20,   64.62,   58.28
04/07/2013 15:20:00,   57.57,   60.00,   52.54,   63.16,   67.19,   56.96
04/07/2013 15:25:00,   58.13,   61.66,   53.15,   63.29,   68.29,   57.32
04/07/2013 15:30:00,   57.54,   59.85,   53.14,   62.28,   65.43,   57.16
04/07/2013 15:35:00,   57.43,   59.72,   54.05,   61.41,   63.84,   57.63
04/07/2013 15:40:00,   57.70,   59.98,   53.45,   62.35,   65.23,   57.08
04/07/2013 15:45:00,   57.54,   60.04,   52.83,   61.57,   64.57,   56.76
04/07/2013 15:50:00,   57.07,   59.13,   52.31,   60.70,   62.70,   57.60
04/07/2013 15:55:00,   57.13,   59.19,   53.71,   60.62,   62.58,   57.04
04/07/2013 16:00:00,   56.69,   59.08,   52.43,   62.05,   64.74,   57.97
04/07/2013 16:05:00,   56.69,   59.19,   52.75,   60.74,   62.84,   57.06
04/07/2013 16:10:00,   57.50,   59.75,   53.79,   62.09,   65.43,   57.52
04/07/2013 16:15:00,   56.45,   58.52,   52.63,   60.10,   62.33,   57.37
04/07/2013 16:20:00,   57.80,   59.61,   53.89,   62.55,   64.41,   57.49
04/07/2013 16:25:00,   58.44,   60.43,   54.12,   62.50,   64.90,   57.41
04/07/2013 16:30:00,   57.95,   59.93,   54.33,   61.76,   64.20,   57.50
04/07/2013 16:35:00,   57.86,   60.71,   53.25,   62.60,   66.29,   57.42
04/07/2013 16:40:00,   57.09,   58.98,   53.79,   61.68,   63.72,   57.64
04/07/2013 16:45:00,   57.43,   59.74,   53.42,   61.30,   63.41,   57.45
04/07/2013 16:50:00,   57.81,   60.15,   52.48,   61.60,   64.82,   56.04
04/07/2013 16:55:00,   56.56,   59.34,   52.48,   60.49,   62.74,   56.76
04/07/2013 17:00:00,   57.56,   59.52,   54.27,   61.63,   64.14,   57.55
04/07/2013 17:05:00,   58.37,   60.92,   53.00,   62.52,   65.27,   57.79
04/07/2013 17:10:00,   57.64,   60.24,   53.39,   61.20,   64.25,   56.74
04/07/2013 17:15:00,   57.23,   59.41,   53.38,   61.08,   62.91,   57.43
04/07/2013 17:20:00,   56.73,   58.83,   53.87,   60.56,   62.31,   57.61
04/07/2013 17:25:00,   57.06,   59.33,   53.70,   60.73,   63.21,   57.33
04/07/2013 17:30:00,   57.37,   59.56,   52.99,   60.82,   63.13,   56.65
04/07/2013 17:35:00,   57.39,   59.51,   52.90,   61.21,   64.11,   56.52
04/07/2013 17:40:00,   56.97,   59.24,   53.23,   60.74,   62.95,   56.68
04/07/2013 17:45:00,   57.34,   59.84,   53.24,   62.08,   64.98,   57.41
04/07/2013 17:50:00,   57.37,   59.77,   52.91,   61.34,   64.14,   56.53
04/07/2013 17:55:00,   59.63,   65.42,   52.86,   63.30,   69.04,   57.35
04/07/2013 18:00:00,   57.03,   59.21,   54.03,   60.90,   63.31,   57.78
04/07/2013 18:05:00,   57.28,   59.53,   53.07,   60.62,   63.04,   56.94
04/07/2013 18:10:00,   56.77,   59.59,   52.43,   60.90,   63.73,   55.69
04/07/2013 18:15:00,   58.44,   61.28,   52.14,   62.15,   65.13,   56.02
04/07/2013 18:20:00,   57.74,   60.01,   53.72,   61.29,   63.22,   57.79
04/07/2013 18:25:00,   56.33,   58.96,   51.29,   61.00,   64.59,   55.32
04/07/2013 18:30:00,   56.64,   58.83,   52.31,   60.49,   62.88,   55.92
04/07/2013 18:35:00,   57.21,   59.80,   51.51,   60.83,   63.98,   55.25
04/07/2013 18:40:00,   56.89,   59.38,   53.43,   60.23,   62.08,   56.90
04/07/2013 18:45:00,   57.12,   59.25,   54.07,   60.67,   62.61,   57.46
04/07/2013 18:50:00,   57.64,   60.49,   52.75,   61.10,   63.90,   56.16
04/07/2013 18:55:00,   57.46,   59.56,   53.95,   61.12,   63.76,   57.39
04/07/2013 19:00:00,   57.59,   59.85,   52.98,   61.03,   63.06,   57.05
04/07/2013 19:05:00,   57.11,   59.55,   53.15,   60.82,   63.83,   57.06
04/07/2013 19:10:00,   57.98,   61.93,   51.72,   62.57,   67.23,   54.65
04/07/2013 19:15:00,   57.91,   60.72,   51.90,   60.94,   63.44,   55.55
04/07/2013 19:20:00,   59.01,   61.59,   53.49,   62.89,   67.83,   56.93
04/07/2013 19:25:00,   56.48,   59.08,   52.30,   60.02,   62.97,   56.15
04/07/2013 19:30:00,   56.33,   59.23,   52.00,   60.15,   62.88,   55.89
04/07/2013 19:35:00,   56.64,   60.00,   51.74,   60.70,   63.09,   55.91
04/07/2013 19:40:00,   56.15,   58.93,   51.59,   59.72,   61.81,   55.72
04/07/2013 19:45:00,   56.17,   58.79,   51.49,   59.07,   61.86,   54.08
04/07/2013 19:50:00,   56.62,   59.38,   52.69,   60.74,   63.40,   56.26
04/07/2013 19:55:00,   56.32,   59.00,   52.34,   60.43,   62.77,   56.25
04/07/2013 20:00:00,   58.53,   60.32,   52.11,   62.41,   66.08,   56.71
04/07/2013 20:05:00,   57.00,   59.70,   53.13,   59.86,   62.35,   56.09
04/07/2013 20:10:00,   56.21,   59.47,   51.91,   59.69,   62.56,   56.08
04/07/2013 20:15:00,   56.62,   59.80,   52.29,   59.62,   62.57,   55.38
04/07/2013 20:20:00,   57.88,   60.58,   53.17,   61.27,   64.86,   56.88
04/07/2013 20:25:00,   56.50,   60.20,   51.01,   60.67,   64.65,   54.63
04/07/2013 20:30:00,   56.03,   58.70,   51.59,   59.38,   61.59,   54.89
04/07/2013 20:35:00,   57.76,   59.67,   53.63,   60.93,   63.04,   56.60
04/07/2013 20:40:00,   57.02,   59.86,   52.92,   60.34,   63.64,   56.50
04/07/2013 20:45:00,   55.75,   59.03,   50.84,   59.93,   63.75,   54.26
04/07/2013 20:50:00,   57.25,   59.43,   53.51,   62.04,   65.14,   56.91
04/07/2013 20:55:00,   56.99,   60.25,   52.86,   61.39,   66.19,   55.74
04/07/2013 21:00:00,   56.85,   59.54,   52.41,   60.79,   63.87,   55.43
04/07/2013 21:05:00,   55.68,   58.33,   51.76,   59.44,   61.70,   56.07
04/07/2013 21:10:00,   57.01,   60.06,   52.00,   61.12,   64.44,   56.48
04/07/2013 21:15:00,   55.21,   58.21,   50.99,   58.58,   61.00,   54.26
04/07/2013 21:20:00,   56.15,   59.34,   51.88,   58.97,   61.50,   55.28
04/07/2013 21:25:00,   55.46,   59.23,   50.79,   59.08,   62.05,   54.55
04/07/2013 21:30:00,   54.67,   58.02,   49.35,   57.88,   60.95,   52.39
04/07/2013 21:35:00,   56.03,   58.81,   52.40,   59.39,   61.95,   56.11
04/07/2013 21:40:00,   55.61,   58.23,   50.86,   58.28,   60.59,   53.64
04/07/2013 21:45:00,   56.07,   59.57,   51.35,   58.76,   62.49,   54.16
04/07/2013 21:50:00,   54.94,   58.61,   50.62,   57.56,   60.58,   53.50
04/07/2013 21:55:00,   56.26,   59.00,   52.53,   59.17,   61.73,   55.47
04/07/2013 22:00:00,   56.05,   58.95,   51.26,   59.00,   62.07,   54.54
04/07/2013 22:05:00,   55.83,   58.51,   51.82,   58.98,   61.38,   55.40
04/07/2013 22:10:00,   55.50,   58.74,   51.16,   58.67,   61.46,   54.22
04/07/2013 22:15:00,   55.71,   58.77,   51.80,   58.81,   61.24,   54.76
04/07/2013 22:20:00,   55.77,   58.58,   50.71,   57.99,   60.59,   54.16
04/07/2013 22:25:00,   55.83,   59.40,   50.70,   59.38,   64.68,   53.81
04/07/2013 22:30:00,   54.91,   58.05,   49.77,   58.49,   61.98,   52.83
04/07/2013 22:35:00,   55.11,   58.92,   50.55,   57.80,   61.35,   53.56
04/07/2013 22:40:00,   52.74,   56.80,   48.46,   55.47,   58.76,   51.42
04/07/2013 22:45:00,   54.07,   58.23,   48.99,   56.50,   60.02,   52.01
04/07/2013 22:50:00,   54.30,   57.57,   50.73,   57.08,   60.39,   53.48
04/07/2013 22:55:00,   53.56,   56.73,   49.86,   56.11,   58.95,   52.56
04/07/2013 23:00:00,   55.42,   58.84,   50.04,   58.66,   62.09,   53.36
04/07/2013 23:05:00,   55.23,   58.52,   50.88,   57.72,   60.72,   53.57
04/07/2013 23:10:00,   54.13,   56.98,   49.85,   57.20,   60.28,   53.11
04/07/2013 23:15:00,   54.51,   57.19,   50.79,   56.85,   59.40,   53.79
04/07/2013 23:20:00,   54.39,   57.43,   50.40,   57.04,   59.84,   53.21
04/07/2013 23:25:00,   53.88,   58.10,   48.89,   56.67,   59.78,   52.50
04/07/2013 23:30:00,   53.03,   56.68,   48.14,   56.46,   59.90,   51.94
04/07/2013 23:35:00,   53.48,   56.63,   48.19,   56.74,   59.94,   51.50
04/07/2013 23:40:00,   53.27,   57.89,   48.41,   55.74,   59.79,   51.49
04/07/2013 23:45:00,   53.19,   56.97,   48.08,   56.16,   59.94,   51.25
04/07/2013 23:50:00,   52.28,   55.72,   48.28,   55.43,   57.99,   51.77
04/07/2013 23:55:00,   53.14,   56.44,   49.13,   56.34,   59.65,   52.44

