# noise_analysis run from DCC-NOISE-001003 at Mon Nov 11 00:00:00 2013
# Monitoring unit located at 53.342609N 6.340721W
# logfile   = /home/root/noise_analysis.log
# cfg_dir   = /home/root/config
# outputdir = /home/root/noise
# Sensitivity = -26.271103
# Gain = 1.000000
# Time should be in local format (i.e. daylight savings time)
# dd/mm/yyyy hh:mm:ss, A Leq,   A L10,   A L95,   C Leq,   C L10,   C L95
11/11/2013 00:05:00,   55.20,   59.90,   48.25,   57.04,   61.18,   51.54
11/11/2013 00:10:00,   53.50,   58.80,   46.99,   55.44,   60.11,   50.03
11/11/2013 00:15:00,   53.89,   59.62,   45.44,   55.92,   60.69,   49.01
11/11/2013 00:20:00,   53.95,   59.38,   46.65,   56.12,   60.57,   50.17
11/11/2013 00:25:00,   54.20,   59.39,   45.13,   56.42,   60.49,   49.12
11/11/2013 00:30:00,   54.22,   60.10,   46.87,   56.85,   61.41,   50.90
11/11/2013 00:35:00,   52.40,   57.54,   46.78,   54.75,   59.09,   50.47
11/11/2013 00:40:00,   53.85,   59.88,   44.66,   56.61,   62.12,   48.18
11/11/2013 00:45:00,   54.93,   60.17,   46.70,   57.56,   61.78,   50.35
11/11/2013 00:50:00,   54.29,   59.96,   46.01,   56.11,   61.31,   48.93
11/11/2013 00:55:00,   54.03,   59.12,   45.48,   55.62,   60.11,   48.71
11/11/2013 01:00:00,   54.80,   60.49,   46.06,   56.37,   61.28,   48.88
11/11/2013 01:06:00,   53.51,   57.96,   46.18,   55.71,   60.08,   49.78
11/11/2013 01:11:00,   53.19,   60.05,   45.29,   55.04,   60.80,   48.73
11/11/2013 01:16:00,   53.78,   58.60,   46.49,   55.64,   60.12,   50.01
11/11/2013 01:21:00,   54.14,   59.92,   44.71,   55.58,   60.55,   48.05
11/11/2013 01:26:00,   52.91,   58.58,   44.88,   54.90,   59.58,   48.77
11/11/2013 01:31:00,   49.13,   55.74,   43.01,   51.48,   57.16,   46.92
11/11/2013 01:36:00,   51.35,   57.71,   42.64,   53.57,   59.26,   47.05
11/11/2013 01:41:00,   49.42,   54.43,   42.83,   52.08,   56.38,   46.96
11/11/2013 01:46:00,   49.17,   56.06,   42.04,   51.38,   57.04,   46.20
11/11/2013 01:51:00,   47.07,   52.98,   42.32,   50.35,   55.32,   46.67
11/11/2013 01:56:00,   49.05,   54.18,   43.55,   51.98,   55.58,   47.82
11/11/2013 02:01:00,   49.76,   54.50,   42.16,   52.96,   56.74,   47.48
11/11/2013 02:06:00,   50.30,   56.50,   41.63,   53.00,   57.97,   47.23
11/11/2013 02:11:00,   51.13,   58.20,   42.77,   53.75,   60.63,   46.87
11/11/2013 02:16:00,   50.52,   56.13,   43.13,   53.40,   58.87,   47.17
11/11/2013 02:21:00,   47.90,   53.52,   42.06,   50.35,   55.23,   45.54
11/11/2013 02:26:00,   49.68,   55.13,   41.66,   52.62,   57.46,   45.81
11/11/2013 02:31:00,   46.69,   50.28,   41.11,   50.09,   54.40,   45.64
11/11/2013 02:36:00,   46.22,   50.31,   39.95,   49.70,   54.20,   44.52
11/11/2013 02:41:00,   50.61,   57.14,   41.86,   52.70,   58.57,   45.79
11/11/2013 02:46:00,   47.76,   52.96,   41.36,   50.22,   55.54,   45.57
11/11/2013 02:51:00,   46.91,   50.81,   42.42,   49.94,   53.83,   45.81
11/11/2013 02:56:00,   47.77,   51.78,   41.88,   49.98,   53.32,   45.61
11/11/2013 03:01:00,   48.55,   54.86,   41.76,   51.55,   57.34,   45.65
11/11/2013 03:06:00,   46.08,   50.60,   40.84,   50.28,   53.63,   45.91
11/11/2013 03:11:00,   48.42,   52.09,   43.58,   52.02,   56.08,   47.27
11/11/2013 03:16:00,   47.82,   52.00,   42.35,   50.91,   55.05,   46.44
11/11/2013 03:21:00,   46.66,   49.18,   42.95,   50.45,   54.45,   46.52
11/11/2013 03:26:00,   46.41,   50.52,   41.17,   49.69,   54.05,   45.02
11/11/2013 03:31:00,   45.95,   48.43,   41.89,   49.06,   51.62,   45.58
11/11/2013 03:36:00,   46.31,   50.15,   41.63,   49.34,   52.32,   45.87
11/11/2013 03:41:00,   49.06,   53.24,   44.08,   51.66,   55.66,   47.14
11/11/2013 03:46:00,   49.00,   53.42,   43.53,   51.83,   56.69,   46.92
11/11/2013 03:51:00,   50.28,   55.71,   43.01,   52.92,   57.34,   46.69
11/11/2013 03:56:00,   48.28,   50.87,   44.13,   51.11,   54.50,   47.66
11/11/2013 04:01:00,   46.40,   48.01,   42.18,   50.25,   53.29,   46.14
11/11/2013 04:06:00,   50.67,   54.97,   43.58,   53.45,   57.52,   47.63
11/11/2013 04:11:00,   49.49,   54.19,   44.04,   52.04,   55.95,   47.53
11/11/2013 04:16:00,   48.62,   52.78,   43.80,   51.37,   55.24,   47.40
11/11/2013 04:21:00,   48.17,   50.30,   43.03,   51.66,   55.71,   46.83
11/11/2013 04:26:00,   49.83,   54.08,   44.17,   52.78,   58.08,   47.71
11/11/2013 04:31:00,   47.76,   50.52,   44.45,   50.57,   52.99,   47.86
11/11/2013 04:36:00,   49.79,   53.65,   43.92,   52.60,   55.99,   48.08
11/11/2013 04:41:00,   50.82,   54.90,   46.18,   53.24,   56.88,   49.22
11/11/2013 04:46:00,   48.41,   51.07,   45.14,   52.80,   55.11,   48.25
11/11/2013 04:51:00,   50.53,   53.86,   45.84,   54.18,   59.94,   48.88
11/11/2013 04:56:00,   51.67,   55.82,   46.11,   54.18,   58.44,   49.37
11/11/2013 05:01:00,   52.24,   56.23,   46.30,   55.02,   57.75,   50.07
11/11/2013 05:06:00,   50.39,   54.47,   45.42,   52.93,   56.25,   49.10
11/11/2013 05:11:00,   50.18,   54.73,   45.03,   52.68,   56.77,   48.65
11/11/2013 05:16:00,   50.95,   54.62,   46.65,   54.31,   57.25,   50.46
11/11/2013 05:21:00,   52.28,   56.39,   47.42,   55.06,   58.25,   50.79
11/11/2013 05:26:00,   52.70,   57.11,   48.17,   55.72,   59.62,   51.80
11/11/2013 05:31:00,   51.17,   56.79,   46.69,   53.49,   57.74,   50.45
11/11/2013 05:36:00,   52.10,   56.54,   47.68,   54.77,   58.81,   51.10
11/11/2013 05:41:00,   53.54,   58.29,   48.70,   57.06,   61.45,   52.43
11/11/2013 05:46:00,   52.97,   56.66,   48.52,   55.12,   58.32,   51.70
11/11/2013 05:51:00,   54.00,   58.42,   49.02,   56.73,   60.73,   52.15
11/11/2013 05:56:00,   54.62,   58.97,   48.49,   56.34,   60.26,   51.58
11/11/2013 06:01:00,   54.38,   58.28,   49.87,   56.84,   60.25,   53.23
11/11/2013 06:06:00,   54.53,   58.24,   49.17,   58.24,   62.22,   52.63
11/11/2013 06:11:00,   54.50,   58.24,   49.11,   57.86,   61.71,   52.45
11/11/2013 06:16:00,   54.43,   57.41,   50.39,   58.65,   62.39,   54.36
11/11/2013 06:21:00,   54.58,   58.85,   49.38,   56.81,   60.77,   52.72
11/11/2013 06:26:00,   54.83,   58.43,   50.73,   58.34,   61.57,   54.55
11/11/2013 06:31:00,   54.55,   57.33,   50.64,   57.49,   60.31,   53.88
11/11/2013 06:36:00,   56.60,   60.46,   52.35,   59.71,   63.92,   55.70
11/11/2013 06:41:00,   57.89,   61.72,   51.57,   62.56,   68.18,   54.89
11/11/2013 06:46:00,   57.06,   59.76,   52.83,   60.88,   64.03,   56.80
11/11/2013 06:51:00,   57.95,   61.08,   52.28,   62.11,   65.93,   55.84
11/11/2013 06:56:00,   57.10,   60.31,   52.86,   60.01,   63.39,   55.94
11/11/2013 07:01:00,   58.10,   61.58,   54.41,   61.77,   64.90,   58.39
11/11/2013 07:06:00,   59.39,   63.46,   53.28,   64.97,   70.17,   56.74
11/11/2013 07:11:00,   57.70,   60.28,   53.55,   61.07,   64.12,   56.91
11/11/2013 07:16:00,   57.33,   60.06,   53.68,   60.44,   62.90,   57.00
11/11/2013 07:21:00,   57.97,   60.50,   55.02,   61.15,   63.53,   58.21
11/11/2013 07:26:00,   58.80,   62.05,   54.19,   62.97,   65.88,   58.18
11/11/2013 07:31:00,   59.00,   61.58,   54.86,   62.61,   65.37,   59.00
11/11/2013 07:36:00,   59.63,   62.66,   55.66,   63.20,   66.12,   59.68
11/11/2013 07:41:00,   59.18,   61.69,   55.90,   62.89,   65.54,   59.71
11/11/2013 07:46:00,   58.69,   61.37,   55.57,   61.33,   63.29,   58.99
11/11/2013 07:51:00,   58.43,   60.94,   55.15,   62.18,   64.55,   58.51
11/11/2013 07:56:00,   60.23,   63.10,   56.43,   63.29,   65.87,   59.75
11/11/2013 08:01:00,   59.46,   62.26,   55.55,   63.04,   65.88,   59.12
11/11/2013 08:06:00,   59.29,   61.90,   55.94,   62.95,   65.06,   59.85
11/11/2013 08:11:00,   59.53,   61.88,   56.45,   63.21,   65.34,   60.31
11/11/2013 08:16:00,   59.74,   62.14,   55.90,   63.94,   66.70,   60.08
11/11/2013 08:21:00,   58.40,   60.70,   54.78,   62.29,   64.72,   58.79
11/11/2013 08:26:00,   58.27,   60.48,   55.36,   61.95,   63.99,   59.01
11/11/2013 08:31:00,   59.21,   61.47,   56.67,   64.42,   67.91,   60.78
11/11/2013 08:36:00,   59.14,   61.62,   56.30,   63.16,   65.57,   60.38
11/11/2013 08:41:00,   59.49,   61.91,   56.70,   63.34,   65.54,   60.64
11/11/2013 08:46:00,   59.10,   61.07,   56.25,   62.62,   63.94,   60.39
11/11/2013 08:51:00,   59.01,   60.95,   56.48,   62.51,   64.57,   60.11
11/11/2013 08:56:00,   59.34,   61.64,   56.31,   63.88,   66.02,   60.16
11/11/2013 09:01:00,   60.89,   62.76,   57.97,   64.78,   66.49,   61.45
11/11/2013 09:06:00,   59.85,   62.23,   56.29,   62.93,   65.04,   59.72
11/11/2013 09:11:00,   59.96,   61.78,   57.03,   64.08,   66.52,   60.19
11/11/2013 09:16:00,   59.21,   61.21,   56.43,   62.61,   64.77,   59.82
11/11/2013 09:21:00,   59.91,   62.43,   56.41,   64.30,   66.29,   60.05
11/11/2013 09:26:00,   59.36,   61.60,   56.47,   63.71,   65.89,   60.58
11/11/2013 09:31:00,   59.88,   62.43,   56.63,   63.11,   65.29,   59.60
11/11/2013 09:36:00,   60.22,   63.06,   55.78,   63.50,   66.38,   59.68
11/11/2013 09:41:00,   59.50,   61.98,   55.51,   62.89,   65.24,   59.41
11/11/2013 09:46:00,   59.45,   62.35,   55.46,   63.10,   65.57,   59.53
11/11/2013 09:51:00,   62.06,   64.83,   57.38,   65.43,   68.87,   60.59
11/11/2013 09:56:00,   59.49,   62.11,   55.67,   63.88,   66.90,   59.38
11/11/2013 10:01:00,   59.04,   61.69,   55.58,   63.56,   66.60,   59.53
11/11/2013 10:06:00,   57.78,   60.58,   54.23,   60.98,   63.13,   57.56
11/11/2013 10:11:00,   59.38,   62.01,   55.50,   62.91,   65.70,   59.38
11/11/2013 10:16:00,   59.79,   62.11,   56.05,   62.92,   64.79,   59.46
11/11/2013 10:21:00,   58.69,   61.46,   54.94,   62.03,   64.39,   58.96
11/11/2013 10:26:00,   59.09,   62.02,   55.44,   61.72,   64.05,   58.71
11/11/2013 10:31:00,   59.57,   61.97,   55.80,   62.90,   65.51,   58.90
11/11/2013 10:36:00,   59.85,   62.18,   55.78,   62.58,   64.88,   59.72
11/11/2013 10:41:00,   58.74,   61.38,   55.40,   61.81,   63.94,   59.41
11/11/2013 10:46:00,   59.97,   62.22,   57.16,   63.50,   66.10,   60.45
11/11/2013 10:51:00,   59.62,   62.07,   55.31,   62.59,   65.39,   58.76
11/11/2013 10:56:00,   60.39,   63.16,   56.36,   63.38,   65.61,   59.23
11/11/2013 11:01:00,   60.45,   63.10,   56.33,   63.54,   66.38,   59.77
11/11/2013 11:06:00,   60.39,   62.52,   57.00,   63.82,   67.54,   59.34
11/11/2013 11:11:00,   59.26,   61.64,   56.08,   62.73,   64.72,   59.44
11/11/2013 11:16:00,   59.96,   62.35,   56.64,   63.48,   66.19,   60.10
11/11/2013 11:21:00,   60.02,   62.70,   56.06,   64.19,   67.61,   59.30
11/11/2013 11:26:00,   59.37,   61.37,   56.11,   63.23,   65.30,   59.91
11/11/2013 11:31:00,   60.64,   62.60,   57.76,   64.90,   66.61,   61.22
11/11/2013 11:36:00,   60.19,   62.40,   57.06,   64.44,   66.66,   61.11
11/11/2013 11:41:00,   60.17,   62.29,   56.62,   64.16,   66.02,   60.94
11/11/2013 11:46:00,   60.47,   62.97,   56.81,   64.55,   67.04,   60.30
11/11/2013 11:51:00,   60.17,   62.10,   57.18,   64.90,   67.87,   61.35
11/11/2013 11:56:00,   59.38,   61.85,   55.64,   63.82,   66.80,   59.91
11/11/2013 12:01:00,   60.63,   62.70,   56.83,   63.77,   65.76,   60.31
11/11/2013 12:06:00,   60.11,   62.60,   55.71,   63.77,   66.27,   59.54
11/11/2013 12:11:00,   59.13,   62.12,   55.73,   63.75,   67.60,   59.63
11/11/2013 12:16:00,   59.15,   61.33,   56.56,   64.36,   66.75,   61.14
11/11/2013 12:21:00,   60.83,   63.74,   56.93,   65.04,   68.18,   60.43
11/11/2013 12:26:00,   60.06,   62.58,   56.11,   64.16,   67.03,   60.26
11/11/2013 12:31:00,   58.95,   61.35,   55.80,   62.37,   64.57,   59.01
11/11/2013 12:36:00,   60.33,   62.91,   56.68,   63.73,   66.40,   59.73
11/11/2013 12:41:00,   60.45,   62.61,   56.74,   64.00,   65.98,   59.96
11/11/2013 12:46:00,   59.91,   62.62,   56.51,   63.07,   65.01,   60.12
11/11/2013 12:51:00,   59.92,   62.59,   54.83,   63.35,   65.77,   58.97
11/11/2013 12:56:00,   58.81,   61.56,   55.35,   62.28,   64.68,   59.16
11/11/2013 13:01:00,   59.25,   61.13,   55.33,   62.67,   65.31,   59.37
11/11/2013 13:06:00,   59.34,   61.22,   56.73,   63.06,   65.16,   59.88
11/11/2013 13:11:00,   59.27,   61.89,   55.91,   64.72,   67.79,   60.16
11/11/2013 13:16:00,   57.64,   59.88,   54.97,   61.95,   63.97,   59.17
11/11/2013 13:21:00,   59.02,   61.35,   55.80,   64.07,   67.00,   60.42
11/11/2013 13:26:00,   58.84,   61.19,   55.68,   63.93,   66.04,   61.16
11/11/2013 13:31:00,   58.08,   60.76,   52.89,   62.44,   64.81,   57.72
11/11/2013 13:36:00,   59.12,   61.79,   55.25,   63.50,   65.59,   59.38
11/11/2013 13:41:00,   59.04,   61.22,   54.71,   63.10,   65.35,   59.07
11/11/2013 13:46:00,   58.92,   61.34,   55.35,   64.14,   67.95,   59.40
11/11/2013 13:51:00,   59.62,   62.22,   55.79,   63.65,   67.47,   59.56
11/11/2013 13:56:00,   58.93,   61.98,   55.05,   62.38,   64.47,   59.59
11/11/2013 14:01:00,   60.19,   62.88,   54.77,   63.58,   66.06,   58.50
11/11/2013 14:06:00,   60.28,   62.76,   56.02,   63.05,   65.49,   59.09
11/11/2013 14:11:00,   60.27,   62.76,   56.73,   62.49,   64.57,   59.46
11/11/2013 14:16:00,   59.61,   62.04,   54.94,   62.59,   65.23,   58.86
11/11/2013 14:21:00,   61.38,   63.80,   57.50,   65.11,   66.87,   62.51
11/11/2013 14:26:00,   61.32,   63.16,   58.95,   65.42,   67.15,   63.03
11/11/2013 14:31:00,   60.98,   62.77,   58.18,   65.04,   66.39,   63.19
11/11/2013 14:36:00,   60.38,   62.59,   56.48,   63.88,   65.98,   60.00
11/11/2013 14:41:00,   60.02,   62.18,   56.47,   63.93,   66.76,   60.15
11/11/2013 14:46:00,   60.26,   62.41,   57.08,   63.30,   65.50,   60.28
11/11/2013 14:51:00,   60.95,   63.37,   55.84,   65.15,   67.38,   60.26
11/11/2013 14:56:00,   59.74,   62.16,   55.14,   62.66,   65.07,   58.94
11/11/2013 15:01:00,   60.25,   62.54,   57.04,   64.46,   67.63,   60.38
11/11/2013 15:06:00,   59.60,   62.10,   56.09,   63.20,   65.47,   59.99
11/11/2013 15:11:00,   60.07,   62.23,   56.45,   63.09,   65.09,   59.71
11/11/2013 15:16:00,   59.63,   62.21,   56.36,   62.92,   65.10,   59.71
11/11/2013 15:21:00,   60.19,   63.30,   55.71,   63.28,   65.91,   59.54
11/11/2013 15:26:00,   60.17,   62.48,   56.23,   63.22,   65.53,   59.97
11/11/2013 15:31:00,   59.91,   62.40,   55.65,   62.67,   65.06,   58.91
11/11/2013 15:36:00,   59.77,   62.17,   55.74,   63.41,   65.71,   58.85
11/11/2013 15:41:00,   59.49,   61.81,   55.14,   62.91,   65.55,   59.38
11/11/2013 15:46:00,   60.13,   63.17,   55.73,   62.59,   64.72,   59.17
11/11/2013 15:51:00,   62.01,   65.71,   56.59,   64.16,   67.19,   60.50
11/11/2013 15:56:00,   60.29,   63.11,   54.68,   63.21,   65.54,   58.83
11/11/2013 16:01:00,   59.25,   62.14,   54.84,   62.14,   64.81,   58.42
11/11/2013 16:06:00,   59.68,   62.63,   54.74,   63.15,   65.53,   58.20
11/11/2013 16:11:00,   60.41,   63.22,   56.11,   62.65,   64.97,   58.99
11/11/2013 16:16:00,   61.51,   65.62,   56.90,   63.39,   66.16,   60.12
11/11/2013 16:21:00,   61.01,   64.37,   57.14,   64.00,   66.29,   60.93
11/11/2013 16:26:00,   61.02,   63.57,   56.58,   63.46,   65.11,   59.79
11/11/2013 16:31:00,   58.35,   60.57,   54.86,   63.33,   65.23,   60.27
11/11/2013 16:36:00,   58.61,   60.66,   55.67,   63.38,   67.31,   59.77
11/11/2013 16:41:00,   58.66,   60.92,   54.43,   63.18,   66.16,   58.98
11/11/2013 16:46:00,   59.03,   61.47,   55.76,   63.67,   67.39,   59.01
11/11/2013 16:51:00,   58.18,   60.70,   54.04,   61.86,   64.15,   57.53
11/11/2013 16:56:00,   58.49,   60.33,   54.58,   61.40,   63.18,   58.78
11/11/2013 17:01:00,   57.97,   60.12,   55.02,   62.31,   64.33,   58.97
11/11/2013 17:06:00,   58.53,   60.63,   54.97,   63.16,   64.90,   59.45
11/11/2013 17:11:00,   58.67,   60.55,   55.36,   62.33,   64.05,   58.96
11/11/2013 17:16:00,   57.73,   60.32,   54.56,   61.95,   63.86,   58.86
11/11/2013 17:21:00,   58.48,   61.04,   54.47,   62.04,   64.41,   58.30
11/11/2013 17:26:00,   58.29,   60.61,   54.31,   61.83,   64.26,   58.46
11/11/2013 17:31:00,   57.87,   60.63,   54.21,   61.00,   63.15,   57.42
11/11/2013 17:36:00,   58.64,   61.16,   53.95,   62.92,   65.37,   58.55
11/11/2013 17:41:00,   58.23,   60.26,   55.19,   61.78,   63.92,   58.50
11/11/2013 17:46:00,   58.55,   60.86,   55.02,   62.31,   65.07,   58.16
11/11/2013 17:51:00,   58.57,   61.20,   54.88,   62.88,   65.41,   59.57
11/11/2013 17:56:00,   58.20,   60.71,   54.73,   62.02,   64.99,   58.20
11/11/2013 18:01:00,   58.24,   60.93,   53.46,   61.61,   63.78,   57.71
11/11/2013 18:06:00,   58.11,   60.96,   54.77,   61.97,   64.63,   59.06
11/11/2013 18:11:00,   58.70,   60.98,   55.45,   62.30,   65.15,   59.12
11/11/2013 18:16:00,   58.29,   61.14,   54.75,   62.07,   64.42,   58.28
11/11/2013 18:21:00,   57.86,   60.44,   52.85,   61.18,   63.55,   56.58
11/11/2013 18:26:00,   58.60,   61.03,   54.84,   61.77,   64.15,   58.71
11/11/2013 18:31:00,   59.09,   61.49,   55.71,   62.38,   65.22,   59.33
11/11/2013 18:36:00,   58.66,   61.60,   55.17,   62.02,   64.54,   58.79
11/11/2013 18:41:00,   57.98,   60.22,   54.70,   61.65,   64.39,   58.53
11/11/2013 18:46:00,   58.87,   61.26,   54.88,   62.13,   64.27,   58.79
11/11/2013 18:51:00,   58.26,   61.00,   55.02,   61.67,   64.22,   58.23
11/11/2013 18:56:00,   58.25,   60.51,   54.91,   61.58,   63.68,   58.14
11/11/2013 19:01:00,   57.99,   60.94,   54.58,   61.11,   64.00,   58.14
11/11/2013 19:06:00,   58.12,   60.99,   54.57,   61.22,   63.76,   58.04
11/11/2013 19:11:00,   57.32,   60.12,   54.23,   60.64,   63.33,   57.84
11/11/2013 19:16:00,   58.60,   61.03,   54.52,   62.83,   66.09,   58.09
11/11/2013 19:21:00,   58.72,   61.60,   54.96,   61.88,   64.55,   58.49
11/11/2013 19:26:00,   58.23,   60.85,   54.65,   60.94,   63.05,   58.05
11/11/2013 19:31:00,   57.42,   59.82,   54.62,   60.22,   62.02,   57.67
11/11/2013 19:36:00,   57.76,   60.62,   52.82,   61.19,   63.96,   57.06
11/11/2013 19:41:00,   57.46,   60.73,   53.21,   60.50,   63.69,   57.03
11/11/2013 19:46:00,   57.53,   60.13,   53.53,   60.54,   63.35,   56.29
11/11/2013 19:51:00,   58.00,   60.71,   53.63,   60.90,   63.25,   56.60
11/11/2013 19:56:00,   57.53,   59.74,   53.36,   60.49,   62.62,   56.65
11/11/2013 20:01:00,   56.72,   59.93,   53.06,   61.01,   63.71,   55.97
11/11/2013 20:06:00,   57.37,   60.56,   52.99,   60.77,   63.29,   56.11
11/11/2013 20:11:00,   57.47,   60.30,   53.32,   60.49,   62.97,   56.67
11/11/2013 20:16:00,   57.68,   60.64,   54.18,   61.46,   64.29,   57.86
11/11/2013 20:21:00,   57.47,   60.48,   53.74,   60.90,   63.67,   57.20
11/11/2013 20:26:00,   56.89,   60.19,   53.16,   59.47,   62.25,   56.62
11/11/2013 20:31:00,   58.22,   61.74,   52.05,   60.94,   63.98,   55.17
11/11/2013 20:36:00,   57.13,   59.89,   53.66,   60.13,   62.81,   57.13
11/11/2013 20:41:00,   57.16,   60.22,   52.47,   60.01,   63.21,   55.35
11/11/2013 20:46:00,   63.56,   68.07,   54.35,   67.50,   72.45,   56.83
11/11/2013 20:51:00,   65.10,   68.94,   56.85,   68.26,   71.90,   59.88
11/11/2013 20:56:00,   57.77,   60.83,   52.63,   61.64,   65.36,   56.33
11/11/2013 21:01:00,   57.49,   60.72,   53.65,   60.55,   63.31,   56.57
11/11/2013 21:06:00,   57.61,   61.11,   52.71,   60.83,   64.18,   56.17
11/11/2013 21:11:00,   56.52,   60.14,   51.87,   59.78,   62.89,   55.40
11/11/2013 21:16:00,   57.16,   59.55,   52.64,   60.24,   62.88,   55.78
11/11/2013 21:21:00,   57.10,   60.02,   52.57,   60.55,   64.44,   55.71
11/11/2013 21:26:00,   56.75,   59.86,   51.63,   59.13,   61.90,   54.93
11/11/2013 21:31:00,   56.32,   59.64,   51.97,   59.35,   62.14,   54.92
11/11/2013 21:36:00,   57.31,   60.37,   50.48,   60.34,   63.11,   54.52
11/11/2013 21:41:00,   57.02,   60.93,   52.69,   60.92,   63.86,   56.13
11/11/2013 21:46:00,   57.43,   60.89,   52.54,   59.80,   62.74,   55.39
11/11/2013 21:51:00,   55.81,   58.86,   51.30,   59.03,   62.38,   54.44
11/11/2013 21:56:00,   57.74,   61.70,   52.05,   60.12,   63.51,   54.89
11/11/2013 22:01:00,   56.97,   59.67,   51.41,   59.62,   62.54,   54.14
11/11/2013 22:06:00,   56.09,   59.86,   51.02,   58.47,   61.58,   54.64
11/11/2013 22:11:00,   55.58,   60.13,   49.35,   57.99,   62.00,   53.09
11/11/2013 22:16:00,   56.46,   59.57,   52.24,   59.41,   61.83,   55.38
11/11/2013 22:21:00,   57.09,   60.63,   52.16,   60.49,   63.91,   55.48
11/11/2013 22:26:00,   55.89,   59.25,   51.24,   59.47,   62.92,   54.62
11/11/2013 22:31:00,   55.16,   58.63,   50.14,   57.47,   60.56,   53.14
11/11/2013 22:36:00,   55.37,   59.56,   50.56,   58.51,   62.42,   53.52
11/11/2013 22:41:00,   55.11,   58.59,   49.59,   58.37,   62.31,   52.98
11/11/2013 22:46:00,   54.70,   58.60,   48.75,   57.32,   60.37,   52.48
11/11/2013 22:51:00,   53.96,   57.55,   49.32,   57.68,   61.72,   52.58
11/11/2013 22:56:00,   54.84,   58.75,   49.78,   57.17,   59.99,   53.30
11/11/2013 23:01:00,   52.51,   56.69,   47.28,   55.73,   59.43,   51.34
11/11/2013 23:06:00,   53.26,   58.15,   47.42,   56.04,   60.26,   51.31
11/11/2013 23:11:00,   54.32,   58.08,   49.02,   57.01,   60.08,   52.70
11/11/2013 23:16:00,   52.27,   57.18,   47.03,   55.10,   59.31,   50.47
11/11/2013 23:21:00,   54.26,   58.56,   48.67,   56.63,   60.49,   51.99
11/11/2013 23:26:00,   53.52,   57.72,   48.12,   56.01,   59.42,   51.33
11/11/2013 23:31:00,   54.47,   59.73,   47.54,   56.45,   61.30,   50.92
11/11/2013 23:36:00,   54.66,   59.19,   49.36,   58.93,   62.88,   52.99
11/11/2013 23:41:00,   53.54,   58.86,   47.74,   55.70,   60.01,   51.16
11/11/2013 23:46:00,   54.15,   58.56,   47.48,   56.92,   60.87,   51.00
11/11/2013 23:51:00,   52.70,   58.06,   47.13,   55.62,   59.75,   50.99
11/11/2013 23:56:00,   53.76,   58.79,   48.26,   56.75,   61.15,   51.86

