# noise_analysis run from DCC-NOISE-001003 at Wed Nov  6 00:00:00 2013
# Monitoring unit located at 53.342609N 6.340721W
# logfile   = /home/root/noise_analysis.log
# cfg_dir   = /home/root/config
# outputdir = /home/root/noise
# Sensitivity = -26.271103
# Gain = 1.000000
# Time should be in local format (i.e. daylight savings time)
# dd/mm/yyyy hh:mm:ss, A Leq,   A L10,   A L95,   C Leq,   C L10,   C L95
06/11/2013 00:05:00,   52.24,   56.60,   46.72,   54.57,   58.46,   50.06
06/11/2013 00:10:00,   52.31,   56.78,   47.69,   55.49,   58.84,   51.06
06/11/2013 00:15:00,   52.49,   56.40,   47.18,   54.59,   58.12,   50.44
06/11/2013 00:20:00,   52.22,   56.53,   46.86,   54.64,   58.40,   49.96
06/11/2013 00:25:00,   54.28,   59.26,   47.41,   56.17,   60.47,   50.73
06/11/2013 00:30:00,   50.80,   55.59,   46.07,   53.65,   57.47,   49.70
06/11/2013 00:35:00,   54.64,   59.83,   47.08,   55.69,   60.31,   49.92
06/11/2013 00:40:00,   53.90,   57.95,   46.15,   54.85,   58.73,   49.62
06/11/2013 00:45:00,   50.94,   57.86,   44.23,   52.99,   58.37,   48.01
06/11/2013 00:50:00,   51.37,   56.51,   44.35,   53.25,   57.93,   48.11
06/11/2013 00:55:00,   51.67,   56.48,   46.11,   54.08,   58.39,   49.08
06/11/2013 01:00:00,   51.79,   56.74,   43.87,   53.60,   57.96,   47.71
06/11/2013 01:07:00,   51.53,   56.57,   45.39,   54.19,   59.08,   48.65
06/11/2013 01:12:00,   50.65,   55.55,   44.55,   53.40,   57.55,   48.31
06/11/2013 01:17:00,   49.38,   54.86,   43.37,   51.96,   56.49,   47.10
06/11/2013 01:22:00,   48.81,   53.30,   43.79,   51.64,   55.06,   47.73
06/11/2013 01:27:00,   50.47,   55.98,   44.40,   52.77,   57.75,   47.94
06/11/2013 01:32:00,   51.21,   56.14,   44.71,   53.56,   57.85,   48.49
06/11/2013 01:37:00,   48.59,   54.96,   42.14,   51.29,   56.01,   46.95
06/11/2013 01:42:00,   47.11,   49.95,   42.90,   50.21,   52.08,   47.11
06/11/2013 01:47:00,   48.16,   52.76,   42.30,   51.20,   55.29,   47.38
06/11/2013 01:52:00,   50.38,   56.10,   43.71,   52.39,   57.01,   47.53
06/11/2013 01:57:00,   48.17,   53.29,   41.59,   50.97,   55.60,   46.27
06/11/2013 02:02:00,   45.90,   48.25,   41.63,   49.03,   50.79,   45.90
06/11/2013 02:07:00,   48.50,   54.26,   42.91,   51.31,   56.08,   46.99
06/11/2013 02:12:00,   44.53,   46.38,   41.54,   48.56,   50.58,   45.70
06/11/2013 02:17:00,   47.66,   53.17,   42.03,   50.18,   54.45,   46.36
06/11/2013 02:22:00,   47.58,   54.61,   41.57,   50.00,   55.78,   45.47
06/11/2013 02:27:00,   47.04,   52.21,   41.62,   49.81,   53.82,   45.58
06/11/2013 02:32:00,   47.68,   52.98,   41.45,   50.77,   55.41,   45.83
06/11/2013 02:37:00,   46.46,   49.48,   41.43,   49.52,   52.08,   45.47
06/11/2013 02:42:00,   47.38,   52.46,   41.01,   50.08,   53.72,   45.39
06/11/2013 02:47:00,   44.05,   45.65,   41.13,   48.14,   49.51,   45.80
06/11/2013 02:52:00,   47.40,   53.27,   40.73,   50.26,   55.26,   45.44
06/11/2013 02:57:00,   46.12,   50.09,   40.38,   49.71,   52.84,   45.46
06/11/2013 03:02:00,   44.26,   47.12,   39.66,   47.89,   50.14,   44.37
06/11/2013 03:07:00,   43.75,   45.31,   39.81,   47.50,   49.09,   44.57
06/11/2013 03:12:00,   46.38,   50.62,   41.76,   49.59,   53.70,   45.78
06/11/2013 03:17:00,   48.49,   54.24,   41.83,   51.68,   56.94,   46.28
06/11/2013 03:22:00,   46.79,   51.29,   41.94,   50.33,   54.13,   46.11
06/11/2013 03:27:00,   43.89,   44.60,   41.36,   47.98,   48.80,   45.84
06/11/2013 03:32:00,   42.44,   43.66,   40.60,   46.69,   47.85,   44.85
06/11/2013 03:37:00,   48.27,   54.36,   42.27,   51.16,   55.54,   46.12
06/11/2013 03:42:00,   47.46,   51.38,   41.48,   50.94,   54.99,   45.47
06/11/2013 03:47:00,   47.05,   51.05,   41.70,   50.52,   54.80,   46.02
06/11/2013 03:52:00,   46.21,   50.52,   42.09,   50.40,   53.81,   46.23
06/11/2013 03:57:00,   48.80,   53.81,   43.15,   52.75,   58.65,   47.03
06/11/2013 04:02:00,   45.95,   49.20,   42.05,   52.07,   57.69,   46.61
06/11/2013 04:07:00,   47.89,   52.62,   42.90,   50.81,   54.58,   46.95
06/11/2013 04:12:00,   48.21,   50.37,   44.27,   50.80,   52.88,   47.35
06/11/2013 04:17:00,   47.28,   49.80,   44.13,   51.35,   54.67,   47.73
06/11/2013 04:22:00,   46.73,   48.33,   43.05,   49.59,   51.34,   46.80
06/11/2013 04:27:00,   47.57,   51.37,   44.02,   50.65,   53.52,   47.92
06/11/2013 04:32:00,   47.85,   52.07,   42.75,   50.73,   54.38,   46.81
06/11/2013 04:37:00,   46.78,   49.50,   43.38,   50.04,   52.22,   46.94
06/11/2013 04:42:00,   46.92,   48.45,   43.54,   49.84,   51.10,   47.42
06/11/2013 04:47:00,   48.79,   53.87,   44.73,   51.81,   56.11,   48.41
06/11/2013 04:52:00,   49.65,   52.96,   45.86,   52.43,   55.44,   49.08
06/11/2013 04:57:00,   49.74,   54.21,   44.96,   52.29,   56.08,   48.37
06/11/2013 05:02:00,   48.79,   52.36,   44.88,   52.11,   56.25,   48.52
06/11/2013 05:07:00,   49.72,   54.63,   45.91,   52.52,   56.19,   49.68
06/11/2013 05:12:00,   48.24,   50.74,   45.91,   52.60,   55.42,   49.95
06/11/2013 05:17:00,   51.14,   55.25,   46.24,   53.85,   57.35,   50.02
06/11/2013 05:22:00,   51.89,   55.87,   47.02,   55.93,   59.40,   50.59
06/11/2013 05:27:00,   52.73,   57.92,   47.34,   56.80,   60.55,   50.97
06/11/2013 05:32:00,   52.58,   56.33,   47.10,   55.46,   58.64,   50.85
06/11/2013 05:37:00,   52.49,   58.04,   46.91,   55.19,   59.84,   50.37
06/11/2013 05:42:00,   50.86,   52.66,   47.32,   53.46,   54.91,   50.78
06/11/2013 05:47:00,   54.09,   58.82,   48.11,   55.99,   59.66,   51.45
06/11/2013 05:52:00,   51.32,   55.05,   47.64,   53.78,   56.50,   51.08
06/11/2013 05:57:00,   54.58,   58.90,   48.89,   56.61,   60.26,   51.89
06/11/2013 06:02:00,   53.84,   57.20,   48.99,   56.22,   59.08,   51.92
06/11/2013 06:07:00,   53.99,   58.31,   48.05,   56.67,   60.23,   51.21
06/11/2013 06:12:00,   53.27,   57.15,   48.44,   55.83,   59.26,   51.93
06/11/2013 06:17:00,   53.19,   58.18,   48.35,   55.89,   59.93,   52.06
06/11/2013 06:22:00,   54.01,   57.67,   49.58,   56.92,   60.51,   53.00
06/11/2013 06:27:00,   54.96,   58.75,   49.77,   58.10,   62.25,   52.99
06/11/2013 06:32:00,   53.78,   56.81,   49.78,   56.37,   58.89,   53.32
06/11/2013 06:37:00,   55.06,   58.23,   50.38,   57.99,   61.50,   53.93
06/11/2013 06:42:00,   56.49,   60.85,   51.30,   59.68,   63.81,   54.38
06/11/2013 06:47:00,   56.66,   60.87,   51.73,   60.59,   66.03,   55.21
06/11/2013 06:52:00,   56.50,   59.37,   52.92,   60.44,   64.14,   56.22
06/11/2013 06:57:00,   56.51,   60.29,   52.64,   60.40,   64.33,   56.02
06/11/2013 07:02:00,   56.60,   60.36,   52.01,   60.05,   63.79,   55.55
06/11/2013 07:07:00,   58.19,   61.16,   53.68,   62.61,   65.44,   57.26
06/11/2013 07:12:00,   58.07,   61.56,   54.31,   61.71,   65.44,   57.68
06/11/2013 07:17:00,   58.45,   61.62,   54.83,   62.38,   65.77,   57.83
06/11/2013 07:22:00,   58.05,   61.48,   53.74,   60.53,   63.33,   56.79
06/11/2013 07:27:00,   58.66,   61.31,   54.06,   61.83,   64.81,   57.32
06/11/2013 07:32:00,   58.61,   62.02,   55.41,   62.69,   66.55,   58.48
06/11/2013 07:37:00,   58.41,   60.64,   54.65,   61.98,   64.56,   57.75
06/11/2013 07:42:00,   58.05,   61.31,   54.10,   61.35,   64.19,   57.58
06/11/2013 07:47:00,   58.80,   61.73,   54.44,   63.10,   66.17,   58.43
06/11/2013 07:52:00,   58.43,   61.68,   53.62,   61.66,   64.54,   57.01
06/11/2013 07:57:00,   62.67,   62.89,   54.43,   65.16,   68.06,   58.44
06/11/2013 08:02:00,   58.08,   60.55,   55.54,   61.54,   64.02,   58.64
06/11/2013 08:07:00,   57.83,   60.68,   54.60,   62.21,   65.09,   58.40
06/11/2013 08:12:00,   57.64,   60.24,   54.34,   61.31,   63.21,   58.31
06/11/2013 08:17:00,   59.06,   61.90,   54.80,   63.53,   66.83,   59.09
06/11/2013 08:22:00,   58.32,   60.81,   54.85,   62.70,   64.93,   59.32
06/11/2013 08:27:00,   59.25,   61.85,   55.77,   63.09,   65.39,   59.70
06/11/2013 08:32:00,   57.89,   60.69,   54.76,   62.20,   64.65,   59.20
06/11/2013 08:37:00,   63.15,   64.77,   55.46,   65.39,   67.21,   60.04
06/11/2013 08:42:00,   57.76,   60.44,   54.74,   62.22,   65.08,   59.10
06/11/2013 08:47:00,   57.63,   60.19,   54.69,   62.77,   64.62,   59.25
06/11/2013 08:52:00,   58.01,   60.98,   54.49,   62.36,   65.27,   59.11
06/11/2013 08:57:00,   61.02,   61.98,   54.34,   64.00,   65.52,   58.63
06/11/2013 09:02:00,   58.14,   60.70,   54.64,   62.86,   65.36,   59.61
06/11/2013 09:07:00,   57.95,   60.51,   54.44,   62.57,   64.74,   59.20
06/11/2013 09:12:00,   58.61,   60.98,   55.86,   62.81,   65.13,   60.34
06/11/2013 09:17:00,   58.46,   61.12,   54.52,   62.40,   65.06,   58.86
06/11/2013 09:22:00,   58.75,   62.56,   54.54,   63.85,   67.31,   59.18
06/11/2013 09:27:00,   58.06,   60.98,   54.43,   61.85,   64.42,   58.19
06/11/2013 09:32:00,   58.08,   61.23,   54.01,   61.34,   63.59,   57.98
06/11/2013 09:37:00,   57.97,   61.11,   54.12,   62.02,   64.51,   58.66
06/11/2013 09:42:00,   59.02,   61.52,   55.42,   63.33,   65.73,   58.90
06/11/2013 09:47:00,   58.37,   60.95,   54.23,   62.16,   64.45,   58.30
06/11/2013 09:52:00,   59.15,   61.31,   55.47,   63.01,   65.31,   59.06
06/11/2013 09:57:00,   58.57,   60.77,   54.50,   63.29,   66.01,   59.31
06/11/2013 10:02:00,   57.65,   60.59,   53.79,   61.93,   64.88,   58.48
06/11/2013 10:07:00,   57.84,   60.76,   54.00,   61.28,   63.50,   57.37
06/11/2013 10:12:00,   58.48,   61.32,   53.82,   62.21,   65.33,   57.47
06/11/2013 10:17:00,   58.55,   61.41,   54.42,   61.42,   63.80,   57.70
06/11/2013 10:22:00,   58.07,   60.49,   54.15,   61.82,   64.31,   57.98
06/11/2013 10:27:00,   57.68,   60.73,   53.73,   61.32,   64.14,   57.44
06/11/2013 10:32:00,   57.42,   60.36,   54.11,   62.83,   67.11,   58.21
06/11/2013 10:37:00,   59.64,   62.17,   54.62,   63.73,   66.73,   58.52
06/11/2013 10:42:00,   58.24,   61.24,   53.76,   61.37,   63.41,   57.43
06/11/2013 10:47:00,   56.91,   60.68,   52.87,   61.42,   63.87,   57.28
06/11/2013 10:52:00,   57.40,   60.91,   53.09,   61.10,   64.27,   56.58
06/11/2013 10:57:00,   58.41,   60.96,   54.20,   61.99,   65.03,   57.85
06/11/2013 11:02:00,   58.26,   61.43,   54.35,   61.23,   63.84,   57.78
06/11/2013 11:07:00,   58.18,   60.86,   53.86,   61.38,   63.62,   58.16
06/11/2013 11:12:00,   57.90,   60.74,   54.08,   60.82,   63.27,   57.66
06/11/2013 11:17:00,   58.11,   61.12,   53.10,   61.86,   64.98,   57.00
06/11/2013 11:22:00,   57.89,   60.71,   53.85,   60.98,   63.34,   57.47
06/11/2013 11:27:00,   57.79,   60.84,   53.13,   60.95,   63.76,   56.96
06/11/2013 11:32:00,   57.44,   60.58,   53.56,   62.06,   65.16,   57.56
06/11/2013 11:37:00,   58.26,   60.71,   53.40,   62.04,   64.28,   58.74
06/11/2013 11:42:00,   61.17,   62.49,   53.94,   63.67,   65.79,   57.53
06/11/2013 11:47:00,   57.04,   60.21,   53.16,   62.39,   66.65,   57.74
06/11/2013 11:52:00,   57.81,   60.48,   52.54,   62.58,   65.70,   56.86
06/11/2013 11:57:00,   62.76,   68.00,   54.11,   65.26,   71.03,   58.35
06/11/2013 12:02:00,   58.74,   61.97,   52.71,   63.92,   67.66,   57.55
06/11/2013 12:07:00,   58.38,   62.07,   52.49,   62.17,   65.91,   56.18
06/11/2013 12:12:00,   56.69,   60.11,   51.67,   61.16,   64.14,   55.87
06/11/2013 12:17:00,   58.04,   61.32,   52.41,   61.67,   64.75,   56.91
06/11/2013 12:22:00,   58.21,   61.39,   51.60,   61.66,   64.43,   55.86
06/11/2013 12:27:00,   57.96,   60.45,   53.89,   61.31,   64.14,   57.76
06/11/2013 12:32:00,   57.70,   60.33,   52.74,   61.38,   64.28,   56.99
06/11/2013 12:37:00,   56.23,   60.00,   51.65,   61.74,   65.34,   56.87
06/11/2013 12:42:00,   58.70,   61.03,   53.80,   63.76,   67.87,   59.73
06/11/2013 12:47:00,   59.54,   62.17,   53.38,   63.45,   66.56,   56.41
06/11/2013 12:52:00,   57.49,   60.11,   53.55,   61.53,   64.57,   57.61
06/11/2013 12:57:00,   57.80,   60.64,   52.89,   61.64,   64.15,   57.68
06/11/2013 13:02:00,   56.95,   60.39,   52.67,   61.22,   64.47,   57.40
06/11/2013 13:07:00,   56.37,   59.70,   51.21,   60.61,   63.86,   55.96
06/11/2013 13:12:00,   58.78,   61.49,   52.32,   62.28,   65.51,   56.00
06/11/2013 13:17:00,   57.41,   60.40,   53.07,   61.31,   63.71,   56.95
06/11/2013 13:22:00,   58.00,   60.79,   53.76,   62.33,   64.83,   57.74
06/11/2013 13:27:00,   57.96,   61.49,   52.59,   60.87,   63.68,   56.14
06/11/2013 13:32:00,   58.11,   61.30,   52.31,   62.61,   65.58,   58.09
06/11/2013 13:37:00,   57.54,   60.61,   52.43,   61.19,   63.41,   56.64
06/11/2013 13:42:00,   57.26,   60.91,   51.95,   61.19,   64.10,   55.55
06/11/2013 13:47:00,   58.34,   61.05,   52.33,   62.48,   65.23,   57.12
06/11/2013 13:52:00,   58.07,   61.16,   53.37,   61.10,   63.75,   57.33
06/11/2013 13:57:00,   57.30,   60.38,   52.29,   61.57,   64.26,   57.26
06/11/2013 14:02:00,   58.24,   60.84,   53.72,   62.37,   64.40,   58.52
06/11/2013 14:07:00,   58.37,   61.22,   54.18,   62.84,   65.91,   58.08
06/11/2013 14:12:00,   57.69,   60.32,   52.88,   62.23,   64.94,   57.18
06/11/2013 14:17:00,   59.08,   61.35,   54.48,   62.31,   64.12,   58.02
06/11/2013 14:22:00,   57.62,   60.91,   52.47,   61.06,   64.10,   56.74
06/11/2013 14:27:00,   58.98,   61.07,   52.06,   62.38,   64.30,   56.96
06/11/2013 14:32:00,   57.47,   60.82,   52.94,   61.58,   64.48,   57.06
06/11/2013 14:37:00,   56.56,   59.19,   52.56,   61.32,   63.87,   57.02
06/11/2013 14:42:00,   57.59,   60.06,   53.38,   61.82,   64.41,   57.20
06/11/2013 14:47:00,   58.65,   61.75,   53.99,   63.57,   67.13,   58.77
06/11/2013 14:52:00,   58.15,   60.84,   53.47,   62.31,   64.52,   58.13
06/11/2013 14:57:00,   57.14,   60.06,   52.55,   61.56,   64.49,   57.02
06/11/2013 15:02:00,   56.41,   59.87,   51.05,   60.06,   63.15,   55.56
06/11/2013 15:07:00,   57.82,   60.30,   52.40,   60.77,   63.19,   56.67
06/11/2013 15:12:00,   57.26,   60.12,   52.40,   60.60,   63.22,   56.61
06/11/2013 15:17:00,   58.23,   61.13,   54.32,   62.04,   64.81,   58.51
06/11/2013 15:22:00,   58.48,   61.08,   53.86,   62.13,   64.40,   58.13
06/11/2013 15:27:00,   57.40,   60.31,   52.21,   60.84,   63.99,   56.00
06/11/2013 15:32:00,   56.60,   59.39,   51.26,   60.26,   62.87,   55.11
06/11/2013 15:37:00,   57.66,   60.93,   51.57,   60.73,   63.70,   54.90
06/11/2013 15:42:00,   57.85,   60.67,   53.68,   60.88,   63.54,   56.96
06/11/2013 15:47:00,   59.17,   61.51,   54.87,   61.93,   64.23,   58.31
06/11/2013 15:52:00,   59.17,   61.68,   54.76,   62.24,   64.29,   58.75
06/11/2013 15:57:00,   58.48,   60.73,   54.00,   61.84,   64.06,   57.46
06/11/2013 16:02:00,   58.49,   60.84,   54.07,   61.68,   63.76,   58.09
06/11/2013 16:07:00,   57.91,   60.89,   53.83,   62.50,   65.16,   58.10
06/11/2013 16:12:00,   60.60,   62.77,   54.27,   63.65,   66.71,   58.20
06/11/2013 16:17:00,   59.04,   61.82,   55.35,   62.12,   64.90,   58.69
06/11/2013 16:22:00,   58.06,   60.49,   53.82,   61.82,   64.27,   58.45
06/11/2013 16:27:00,   59.00,   61.65,   54.97,   62.35,   64.54,   59.08
06/11/2013 16:32:00,   59.44,   62.34,   55.12,   63.04,   65.34,   59.61
06/11/2013 16:37:00,   60.31,   63.46,   54.76,   63.12,   65.74,   57.83
06/11/2013 16:42:00,   60.74,   63.56,   56.13,   63.22,   65.64,   59.28
06/11/2013 16:47:00,   60.10,   62.52,   55.51,   62.18,   64.07,   58.25
06/11/2013 16:52:00,   61.45,   64.62,   56.14,   65.39,   69.36,   59.85
06/11/2013 16:57:00,   60.98,   63.33,   56.76,   63.20,   65.28,   59.69
06/11/2013 17:02:00,   60.48,   62.99,   56.00,   63.24,   65.41,   59.54
06/11/2013 17:07:00,   60.14,   62.66,   56.54,   63.03,   65.47,   59.29
06/11/2013 17:12:00,   59.55,   62.55,   55.00,   62.15,   64.62,   58.47
06/11/2013 17:17:00,   59.86,   62.68,   55.39,   62.97,   65.30,   59.65
06/11/2013 17:22:00,   58.98,   61.99,   54.45,   61.44,   63.88,   58.15
06/11/2013 17:27:00,   58.77,   61.27,   53.32,   62.40,   65.25,   58.20
06/11/2013 17:32:00,   60.40,   62.54,   55.23,   63.18,   65.31,   59.73
06/11/2013 17:37:00,   58.00,   61.13,   54.47,   62.40,   65.49,   58.67
06/11/2013 17:42:00,   59.38,   62.94,   53.93,   63.21,   66.56,   58.83
06/11/2013 17:47:00,   60.35,   65.22,   55.30,   64.27,   68.35,   59.70
06/11/2013 17:52:00,   59.55,   61.82,   54.24,   63.72,   66.08,   59.28
06/11/2013 17:57:00,   59.06,   61.40,   55.74,   61.73,   63.59,   59.25
06/11/2013 18:02:00,   59.76,   62.77,   55.57,   62.89,   65.25,   59.34
06/11/2013 18:07:00,   59.50,   62.60,   54.65,   62.81,   66.08,   58.00
06/11/2013 18:12:00,   59.35,   61.70,   55.50,   61.81,   63.71,   58.34
06/11/2013 18:17:00,   60.10,   62.96,   55.79,   63.47,   66.14,   59.53
06/11/2013 18:22:00,   59.45,   61.91,   55.72,   62.43,   64.45,   59.01
06/11/2013 18:27:00,   59.35,   61.95,   55.09,   62.80,   65.24,   58.84
06/11/2013 18:32:00,   58.78,   61.47,   54.05,   61.93,   64.16,   57.52
06/11/2013 18:37:00,   59.64,   61.77,   55.12,   62.78,   65.31,   58.39
06/11/2013 18:42:00,   60.10,   62.39,   56.27,   63.61,   65.45,   59.96
06/11/2013 18:47:00,   58.79,   61.52,   54.55,   61.79,   64.24,   57.99
06/11/2013 18:52:00,   59.92,   62.51,   55.29,   62.40,   65.07,   58.39
06/11/2013 18:57:00,   61.35,   63.22,   56.84,   64.25,   66.15,   59.52
06/11/2013 19:02:00,   60.03,   62.55,   55.92,   63.42,   66.30,   58.94
06/11/2013 19:07:00,   62.89,   62.90,   56.19,   65.20,   65.50,   59.79
06/11/2013 19:12:00,   58.95,   61.73,   54.10,   62.21,   64.62,   57.36
06/11/2013 19:17:00,   59.31,   61.93,   56.25,   62.55,   65.56,   59.17
06/11/2013 19:22:00,   59.99,   62.67,   55.87,   62.26,   64.76,   58.63
06/11/2013 19:27:00,   58.80,   61.76,   54.90,   61.75,   64.06,   57.91
06/11/2013 19:32:00,   60.02,   62.91,   55.40,   63.45,   66.96,   58.69
06/11/2013 19:37:00,   59.14,   61.59,   55.33,   61.46,   63.82,   58.31
06/11/2013 19:42:00,   59.11,   62.09,   54.08,   61.70,   64.07,   57.69
06/11/2013 19:47:00,   59.40,   62.03,   55.10,   61.76,   64.33,   58.21
06/11/2013 19:52:00,   59.47,   62.08,   55.54,   62.74,   66.60,   58.38
06/11/2013 19:57:00,   59.24,   61.81,   55.38,   61.62,   63.66,   57.90
06/11/2013 20:02:00,   59.64,   62.51,   55.55,   62.74,   65.62,   58.46
06/11/2013 20:07:00,   59.27,   62.35,   54.75,   61.94,   64.57,   58.31
06/11/2013 20:12:00,   58.24,   61.00,   54.33,   60.51,   62.81,   57.28
06/11/2013 20:17:00,   58.79,   61.30,   54.84,   61.62,   63.65,   56.66
06/11/2013 20:22:00,   59.20,   62.16,   54.68,   61.31,   63.57,   57.57
06/11/2013 20:27:00,   59.53,   62.71,   55.26,   62.56,   65.59,   58.85
06/11/2013 20:32:00,   58.96,   62.10,   55.37,   61.42,   63.91,   57.90
06/11/2013 20:37:00,   59.26,   61.24,   55.21,   62.18,   65.43,   57.74
06/11/2013 20:42:00,   58.73,   60.98,   55.25,   61.84,   63.87,   58.82
06/11/2013 20:47:00,   57.91,   60.63,   54.32,   60.26,   62.80,   56.98
06/11/2013 20:52:00,   59.40,   63.25,   55.04,   62.58,   67.38,   57.51
06/11/2013 20:57:00,   59.00,   61.67,   55.03,   61.90,   64.51,   58.19
06/11/2013 21:02:00,   57.64,   60.31,   54.01,   60.30,   62.39,   56.87
06/11/2013 21:07:00,   58.79,   61.87,   54.47,   62.36,   65.92,   57.58
06/11/2013 21:12:00,   59.01,   62.22,   54.15,   61.50,   64.62,   56.99
06/11/2013 21:17:00,   58.54,   61.52,   54.34,   60.83,   63.55,   57.31
06/11/2013 21:22:00,   59.45,   63.34,   55.07,   63.25,   67.73,   57.95
06/11/2013 21:27:00,   57.71,   61.39,   52.32,   60.20,   62.92,   55.45
06/11/2013 21:32:00,   58.20,   61.80,   54.17,   60.43,   63.36,   57.30
06/11/2013 21:37:00,   57.43,   61.02,   52.85,   59.81,   62.92,   55.58
06/11/2013 21:42:00,   57.38,   61.28,   53.26,   59.48,   62.58,   56.02
06/11/2013 21:47:00,   58.02,   61.32,   53.97,   60.33,   62.91,   56.87
06/11/2013 21:52:00,   58.48,   61.46,   54.41,   60.72,   63.46,   56.90
06/11/2013 21:57:00,   58.01,   61.26,   53.32,   60.55,   63.36,   56.14
06/11/2013 22:02:00,   58.07,   61.22,   54.04,   60.09,   62.42,   57.19
06/11/2013 22:07:00,   57.60,   61.58,   53.08,   60.13,   63.32,   56.75
06/11/2013 22:12:00,   58.38,   62.29,   53.10,   61.06,   64.25,   56.45
06/11/2013 22:17:00,   57.96,   60.66,   53.35,   60.64,   63.33,   56.80
06/11/2013 22:22:00,   58.48,   62.82,   52.06,   61.60,   66.00,   55.29
06/11/2013 22:27:00,   57.06,   60.51,   52.23,   59.14,   62.59,   55.23
06/11/2013 22:32:00,   56.64,   60.27,   52.39,   59.21,   62.82,   55.66
06/11/2013 22:37:00,   57.07,   60.55,   52.29,   59.54,   62.69,   55.12
06/11/2013 22:42:00,   57.68,   60.46,   52.66,   59.97,   62.54,   56.20
06/11/2013 22:47:00,   55.94,   59.31,   51.31,   58.37,   61.23,   54.63
06/11/2013 22:52:00,   56.70,   60.23,   51.30,   59.16,   62.62,   54.70
06/11/2013 22:57:00,   56.49,   60.81,   50.79,   58.95,   62.58,   54.34
06/11/2013 23:02:00,   57.01,   60.78,   52.41,   59.57,   62.77,   55.29
06/11/2013 23:07:00,   56.08,   59.62,   51.06,   58.07,   61.21,   53.86
06/11/2013 23:12:00,   56.49,   60.03,   51.52,   58.42,   61.19,   54.26
06/11/2013 23:17:00,   57.07,   61.01,   50.94,   59.71,   63.68,   53.79
06/11/2013 23:22:00,   55.74,   60.16,   50.68,   58.18,   61.78,   53.72
06/11/2013 23:27:00,   55.35,   59.16,   51.18,   59.01,   61.72,   55.15
06/11/2013 23:32:00,   54.51,   58.06,   49.94,   57.47,   60.72,   53.38
06/11/2013 23:37:00,   55.33,   61.01,   49.22,   57.85,   62.83,   52.11
06/11/2013 23:42:00,   54.41,   59.20,   48.71,   56.29,   60.31,   51.58
06/11/2013 23:47:00,   55.73,   59.66,   50.37,   58.09,   61.92,   53.29
06/11/2013 23:52:00,   54.95,   58.24,   50.45,   57.02,   59.73,   53.29
06/11/2013 23:57:00,   54.11,   57.78,   49.61,   56.74,   60.07,   52.94

