# noise_analysis run from DCC-NOISE-001003 at Sat May 11 00:00:00 2013
# Monitoring unit located at 53.342609N 6.340721W
# logfile   = /home/root/noise_analysis.log
# cfg_dir   = /home/root/config
# outputdir = /home/root/noise
# Sensitivity = -26.271103
# Gain = 1.000000
# Time should be in local format (i.e. daylight savings time)
# dd/mm/yyyy hh:mm:ss, A Leq,   A L10,   A L95,   C Leq,   C L10,   C L95
11/05/2013 00:05:00,   54.35,   58.90,   48.24,   57.50,   60.86,   51.51
11/05/2013 00:10:00,   54.03,   58.06,   48.88,   56.24,   59.49,   51.74
11/05/2013 00:15:00,   56.37,   61.18,   50.17,   58.99,   63.54,   53.09
11/05/2013 00:20:00,   54.71,   59.22,   49.00,   56.42,   60.42,   51.69
11/05/2013 00:25:00,   55.59,   60.17,   48.81,   57.12,   61.35,   51.54
11/05/2013 00:30:00,   53.37,   57.16,   47.79,   55.10,   58.24,   50.63
11/05/2013 00:35:00,   55.20,   58.48,   50.49,   56.16,   59.51,   51.96
11/05/2013 00:40:00,   55.82,   59.13,   51.97,   56.99,   60.43,   53.47
11/05/2013 00:45:00,   56.62,   60.41,   52.42,   57.76,   61.07,   53.88
11/05/2013 00:50:00,   53.24,   57.93,   47.36,   55.24,   59.28,   50.44
11/05/2013 00:55:00,   53.99,   58.34,   47.30,   56.43,   59.94,   50.52
11/05/2013 01:00:00,   54.74,   59.58,   47.45,   56.47,   60.93,   50.21
11/05/2013 01:05:00,   53.89,   58.30,   47.56,   55.57,   59.36,   50.36
11/05/2013 01:10:00,   53.33,   57.65,   46.92,   55.43,   59.32,   49.91
11/05/2013 01:15:00,   55.11,   59.41,   49.53,   57.14,   61.64,   51.80
11/05/2013 01:20:00,   53.85,   58.57,   47.37,   56.67,   60.72,   51.38
11/05/2013 01:25:00,   53.14,   57.99,   47.02,   55.17,   59.24,   50.15
11/05/2013 01:30:00,   53.35,   58.11,   47.37,   55.55,   60.15,   50.48
11/05/2013 01:35:00,   55.26,   59.99,   47.72,   57.55,   61.66,   51.07
11/05/2013 01:40:00,   53.30,   58.23,   46.06,   55.44,   60.21,   49.46
11/05/2013 01:45:00,   50.84,   55.36,   45.22,   53.82,   57.57,   48.79
11/05/2013 01:50:00,   53.68,   58.90,   46.91,   55.62,   60.15,   49.96
11/05/2013 01:55:00,   54.45,   59.50,   47.07,   56.55,   61.09,   50.04
11/05/2013 02:00:00,   56.30,   60.40,   48.67,   57.87,   62.15,   51.05
11/05/2013 02:05:00,   55.16,   60.24,   48.95,   57.40,   61.65,   52.04
11/05/2013 02:10:00,   54.63,   58.44,   47.12,   57.26,   60.93,   50.43
11/05/2013 02:15:00,   55.02,   59.11,   49.15,   57.00,   60.43,   51.70
11/05/2013 02:20:00,   55.15,   59.81,   46.88,   56.97,   61.20,   50.51
11/05/2013 02:25:00,   55.14,   59.81,   47.87,   57.06,   61.50,   50.40
11/05/2013 02:30:00,   52.21,   57.40,   45.25,   54.67,   59.25,   48.77
11/05/2013 02:35:00,   53.84,   58.11,   45.75,   55.75,   59.90,   49.11
11/05/2013 02:40:00,   51.11,   56.39,   43.83,   53.50,   58.43,   47.29
11/05/2013 02:45:00,   53.19,   58.66,   45.69,   55.14,   60.04,   48.87
11/05/2013 02:50:00,   53.28,   58.16,   47.14,   55.41,   60.08,   50.07
11/05/2013 02:55:00,   53.47,   57.51,   48.03,   56.64,   61.21,   50.90
11/05/2013 03:00:00,   54.84,   59.36,   48.26,   58.12,   62.01,   51.73
11/05/2013 03:05:00,   53.49,   58.13,   47.95,   56.45,   60.49,   50.83
11/05/2013 03:10:00,   53.47,   57.89,   47.42,   55.16,   59.47,   49.79
11/05/2013 03:15:00,   53.52,   57.09,   47.84,   55.96,   59.28,   50.56
11/05/2013 03:20:00,   53.34,   57.65,   46.76,   55.58,   59.32,   49.57
11/05/2013 03:25:00,   52.42,   56.54,   46.98,   54.32,   58.27,   49.62
11/05/2013 03:30:00,   55.35,   59.69,   47.88,   57.41,   61.31,   50.68
11/05/2013 03:35:00,   53.48,   59.10,   47.24,   55.38,   60.31,   50.21
11/05/2013 03:40:00,   51.24,   57.27,   44.71,   53.91,   59.52,   48.14
11/05/2013 03:45:00,   54.25,   59.54,   47.34,   56.30,   61.06,   50.04
11/05/2013 03:50:00,   52.58,   57.02,   45.84,   54.57,   58.84,   49.17
11/05/2013 03:55:00,   52.87,   58.13,   47.23,   55.62,   60.58,   50.26
11/05/2013 04:00:00,   50.71,   56.13,   43.68,   53.27,   57.67,   47.66
11/05/2013 04:05:00,   53.33,   59.89,   44.59,   55.47,   61.08,   48.63
11/05/2013 04:10:00,   51.51,   56.50,   43.91,   53.64,   57.89,   47.73
11/05/2013 04:15:00,   54.10,   59.57,   45.62,   56.34,   61.28,   49.16
11/05/2013 04:20:00,   50.03,   54.18,   44.31,   52.42,   55.86,   47.66
11/05/2013 04:25:00,   54.52,   58.73,   47.00,   56.30,   60.87,   49.52
11/05/2013 04:30:00,   52.80,   58.19,   45.78,   54.36,   58.98,   49.09
11/05/2013 04:35:00,   53.98,   58.60,   47.97,   56.53,   61.20,   50.80
11/05/2013 04:40:00,   51.14,   54.75,   46.89,   53.16,   56.56,   49.36
11/05/2013 04:45:00,   52.18,   55.94,   47.28,   54.63,   58.58,   50.12
11/05/2013 04:50:00,   53.42,   57.76,   47.49,   54.60,   59.08,   49.93
11/05/2013 04:55:00,   55.00,   60.11,   47.66,   55.62,   60.43,   49.90
11/05/2013 05:00:00,   54.33,   59.40,   48.06,   55.59,   59.38,   50.20
11/05/2013 05:05:00,   55.26,   60.30,   47.50,   56.11,   60.63,   49.97
11/05/2013 05:10:00,   54.57,   59.54,   46.86,   55.79,   60.37,   49.37
11/05/2013 05:15:00,   51.88,   57.36,   45.95,   54.25,   58.77,   49.20
11/05/2013 05:20:00,   54.32,   57.96,   49.63,   57.10,   60.90,   52.42
11/05/2013 05:25:00,   53.89,   58.35,   47.79,   55.81,   59.95,   50.58
11/05/2013 05:30:00,   52.77,   57.57,   46.97,   55.64,   59.99,   49.73
11/05/2013 05:35:00,   52.70,   59.05,   47.73,   57.06,   63.75,   51.08
11/05/2013 05:40:00,   55.40,   60.96,   46.60,   56.74,   61.70,   49.64
11/05/2013 05:45:00,   54.23,   57.89,   48.45,   57.16,   60.66,   51.87
11/05/2013 05:50:00,   53.91,   58.48,   48.99,   56.15,   59.75,   51.73
11/05/2013 05:55:00,   54.49,   59.31,   49.20,   56.52,   60.83,   51.71
11/05/2013 06:00:00,   54.71,   60.11,   49.51,   57.03,   61.59,   51.69
11/05/2013 06:05:00,   54.08,   58.78,   48.01,   56.30,   61.16,   50.84
11/05/2013 06:10:00,   54.16,   58.80,   49.66,   55.62,   59.67,   52.09
11/05/2013 06:15:00,   55.71,   61.14,   50.19,   57.44,   62.39,   52.27
11/05/2013 06:20:00,   56.81,   61.19,   51.53,   58.03,   61.65,   53.61
11/05/2013 06:25:00,   56.64,   61.54,   50.30,   58.36,   62.53,   53.19
11/05/2013 06:30:00,   56.59,   62.15,   49.78,   58.91,   63.59,   52.98
11/05/2013 06:35:00,   55.92,   60.30,   50.37,   59.30,   64.73,   53.74
11/05/2013 06:40:00,   55.02,   59.04,   50.42,   57.15,   60.62,   53.33
11/05/2013 06:45:00,   55.27,   58.99,   50.26,   59.53,   63.94,   54.09
11/05/2013 06:50:00,   57.03,   60.49,   51.37,   61.22,   64.95,   54.78
11/05/2013 06:55:00,   55.58,   59.54,   50.05,   58.18,   61.93,   53.46
11/05/2013 07:00:00,   54.91,   58.40,   50.71,   58.27,   61.07,   54.75
11/05/2013 07:05:00,   57.97,   63.00,   51.32,   62.01,   67.39,   55.05
11/05/2013 07:10:00,   56.47,   61.16,   50.73,   60.16,   64.16,   54.26
11/05/2013 07:15:00,   55.35,   59.50,   49.39,   59.01,   63.58,   52.96
11/05/2013 07:20:00,   55.52,   58.88,   50.53,   58.35,   61.63,   54.33
11/05/2013 07:25:00,   56.00,   60.76,   50.68,   59.53,   63.76,   54.34
11/05/2013 07:30:00,   57.99,   63.19,   50.53,   61.75,   67.46,   54.39
11/05/2013 07:35:00,   58.98,   63.26,   52.64,   61.87,   66.14,   56.28
11/05/2013 07:40:00,   57.68,   61.48,   52.68,   60.65,   64.55,   56.08
11/05/2013 07:45:00,   57.12,   60.62,   52.68,   59.64,   63.13,   55.58
11/05/2013 07:50:00,   57.14,   60.52,   53.42,   60.42,   64.05,   56.33
11/05/2013 07:55:00,   57.46,   61.78,   51.29,   61.22,   65.42,   54.15
11/05/2013 08:00:00,   58.03,   62.02,   51.09,   61.04,   65.62,   54.58
11/05/2013 08:05:00,   55.94,   59.08,   51.23,   58.96,   61.69,   54.38
11/05/2013 08:10:00,   58.34,   62.31,   53.69,   61.29,   65.11,   56.97
11/05/2013 08:15:00,   56.82,   61.44,   51.97,   59.68,   63.18,   54.25
11/05/2013 08:20:00,   58.28,   61.83,   54.45,   61.60,   65.43,   57.05
11/05/2013 08:25:00,   59.19,   61.70,   55.39,   64.01,   67.92,   58.29
11/05/2013 08:30:00,   57.13,   60.14,   52.26,   60.59,   64.22,   55.42
11/05/2013 08:35:00,   58.40,   61.33,   54.18,   61.37,   64.67,   56.66
11/05/2013 08:40:00,   56.98,   60.26,   51.71,   60.54,   64.73,   54.54
11/05/2013 08:45:00,   58.83,   61.78,   53.85,   62.09,   64.82,   56.51
11/05/2013 08:50:00,   58.10,   61.35,   54.05,   61.44,   64.64,   56.83
11/05/2013 08:55:00,   57.97,   61.17,   52.60,   61.60,   65.25,   55.06
11/05/2013 09:00:00,   59.86,   62.48,   55.78,   63.81,   66.15,   58.72
11/05/2013 09:05:00,   58.83,   62.80,   53.08,   61.53,   64.89,   55.80
11/05/2013 09:10:00,   58.57,   61.82,   52.92,   62.46,   65.67,   56.14
11/05/2013 09:15:00,   58.57,   61.39,   54.33,   62.25,   66.52,   57.30
11/05/2013 09:20:00,   60.97,   64.90,   55.84,   64.89,   70.21,   58.80
11/05/2013 09:25:00,   59.82,   62.70,   55.49,   64.65,   69.15,   58.46
11/05/2013 09:30:00,   59.27,   62.03,   55.57,   64.70,   69.26,   58.76
11/05/2013 09:35:00,   58.92,   61.97,   54.27,   62.79,   65.98,   58.02
11/05/2013 09:40:00,   58.43,   61.30,   54.68,   61.92,   64.24,   57.30
11/05/2013 09:45:00,   59.98,   63.02,   55.94,   64.72,   68.16,   59.14
11/05/2013 09:50:00,   61.31,   64.50,   55.84,   66.26,   70.88,   59.32
11/05/2013 09:55:00,   61.51,   64.72,   55.66,   65.90,   70.31,   59.14
11/05/2013 10:00:00,   59.84,   62.78,   55.31,   63.34,   66.64,   58.79
11/05/2013 10:05:00,   60.04,   61.99,   56.29,   64.20,   67.43,   59.29
11/05/2013 10:10:00,   59.56,   62.68,   54.66,   64.91,   68.60,   58.98
11/05/2013 10:15:00,   58.55,   61.25,   53.82,   62.90,   65.50,   57.79
11/05/2013 10:20:00,   60.15,   62.86,   54.96,   63.68,   66.75,   57.93
11/05/2013 10:25:00,   59.30,   63.17,   54.30,   62.36,   66.02,   57.21
11/05/2013 10:30:00,   60.95,   64.41,   55.31,   66.90,   73.23,   58.04
11/05/2013 10:35:00,   60.32,   62.73,   55.66,   64.73,   68.84,   59.20
11/05/2013 10:40:00,   60.05,   62.97,   54.70,   63.29,   65.51,   58.37
11/05/2013 10:45:00,   59.61,   61.76,   56.33,   63.30,   65.57,   59.26
11/05/2013 10:50:00,   59.59,   61.77,   55.52,   63.54,   66.20,   58.96
11/05/2013 10:55:00,   59.62,   61.64,   56.08,   63.69,   67.29,   59.28
11/05/2013 11:00:00,   58.51,   60.97,   53.81,   62.31,   64.93,   57.75
11/05/2013 11:05:00,   60.17,   61.90,   57.79,   64.71,   66.73,   61.14
11/05/2013 11:10:00,   58.49,   60.69,   54.03,   63.47,   66.12,   58.56
11/05/2013 11:15:00,   59.38,   61.65,   55.01,   63.95,   67.48,   58.14
11/05/2013 11:20:00,   60.77,   63.37,   55.15,   66.61,   72.36,   58.76
11/05/2013 11:25:00,   58.64,   61.01,   54.10,   62.66,   64.81,   57.72
11/05/2013 11:30:00,   59.67,   62.14,   56.05,   63.70,   66.54,   59.66
11/05/2013 11:35:00,   60.61,   62.98,   56.14,   63.85,   66.54,   59.02
11/05/2013 11:40:00,   60.58,   63.09,   56.76,   64.40,   67.10,   60.76
11/05/2013 11:45:00,   60.21,   63.03,   55.93,   63.36,   65.77,   59.39
11/05/2013 11:50:00,   59.47,   61.50,   56.01,   63.58,   66.30,   59.11
11/05/2013 11:55:00,   60.28,   62.32,   57.37,   63.57,   65.05,   60.58
11/05/2013 12:00:00,   59.61,   62.11,   55.27,   64.20,   67.86,   58.87
11/05/2013 12:05:00,   59.60,   61.92,   55.68,   64.72,   67.59,   60.21
11/05/2013 12:10:00,   61.59,   64.82,   57.35,   67.16,   71.70,   61.14
11/05/2013 12:15:00,   61.48,   64.14,   56.72,   67.63,   73.67,   59.87
11/05/2013 12:20:00,   61.54,   63.42,   57.06,   67.43,   70.70,   60.61
11/05/2013 12:25:00,   62.11,   64.18,   58.23,   68.54,   73.91,   61.67
11/05/2013 12:30:00,   61.53,   64.43,   57.90,   66.51,   70.79,   61.05
11/05/2013 12:35:00,   63.93,   66.03,   58.54,   68.72,   73.10,   61.50
11/05/2013 12:40:00,   60.99,   62.65,   57.66,   65.63,   68.54,   61.06
11/05/2013 12:45:00,   59.29,   61.56,   55.28,   63.35,   65.76,   59.70
11/05/2013 12:50:00,   59.73,   61.82,   55.73,   63.72,   66.85,   59.21
11/05/2013 12:55:00,   59.32,   61.48,   56.01,   64.02,   67.37,   60.16
11/05/2013 13:00:00,   59.48,   62.00,   54.24,   63.09,   65.75,   58.14
11/05/2013 13:05:00,   59.61,   61.58,   55.66,   63.78,   67.69,   58.85
11/05/2013 13:10:00,   59.52,   61.52,   55.05,   64.06,   66.91,   58.78
11/05/2013 13:15:00,   59.67,   61.72,   54.87,   64.29,   67.67,   59.38
11/05/2013 13:20:00,   60.01,   63.13,   55.56,   64.76,   67.89,   59.19
11/05/2013 13:25:00,   59.54,   61.69,   55.22,   64.61,   66.84,   59.19
11/05/2013 13:30:00,   59.25,   61.86,   53.78,   64.07,   67.28,   58.10
11/05/2013 13:35:00,   68.44,   73.49,   58.17,   74.45,   81.53,   61.37
11/05/2013 13:40:00,   63.69,   65.99,   59.75,   67.84,   72.29,   62.41
11/05/2013 13:45:00,   63.20,   65.09,   60.23,   66.84,   69.84,   63.18
11/05/2013 13:50:00,   60.87,   63.48,   56.29,   63.79,   65.84,   59.44
11/05/2013 13:55:00,   61.06,   63.74,   56.66,   63.21,   65.26,   59.59
11/05/2013 14:00:00,   60.09,   62.45,   55.96,   62.29,   64.22,   59.20
11/05/2013 14:05:00,   60.10,   62.76,   54.88,   63.68,   66.78,   58.86
11/05/2013 14:10:00,   59.57,   61.94,   55.55,   62.85,   65.04,   59.09
11/05/2013 14:15:00,   60.73,   62.86,   56.47,   63.12,   65.00,   59.67
11/05/2013 14:20:00,   59.90,   61.90,   56.47,   62.65,   65.18,   59.52
11/05/2013 14:25:00,   60.68,   63.23,   56.95,   64.47,   67.45,   60.42
11/05/2013 14:30:00,   60.36,   62.11,   56.38,   65.27,   68.17,   59.30
11/05/2013 14:35:00,   59.66,   62.16,   56.42,   62.49,   64.91,   59.34
11/05/2013 14:40:00,   59.33,   61.90,   54.22,   62.49,   64.51,   58.08
11/05/2013 14:45:00,   59.80,   62.34,   55.61,   63.40,   65.36,   59.67
11/05/2013 14:50:00,   59.47,   61.77,   56.08,   62.59,   64.52,   58.65
11/05/2013 14:55:00,   59.77,   62.27,   55.11,   63.78,   66.71,   58.83
11/05/2013 15:00:00,   61.77,   64.05,   57.00,   66.51,   71.02,   60.09
11/05/2013 15:05:00,   61.05,   62.18,   57.13,   64.50,   66.43,   60.45
11/05/2013 15:10:00,   59.73,   61.85,   56.24,   63.03,   65.27,   59.65
11/05/2013 15:15:00,   60.18,   62.13,   57.13,   63.39,   65.88,   60.03
11/05/2013 15:20:00,   59.97,   62.05,   56.37,   63.19,   65.52,   59.48
11/05/2013 15:25:00,   60.28,   62.63,   55.25,   64.20,   66.98,   59.51
11/05/2013 15:30:00,   60.61,   62.77,   56.39,   64.61,   67.58,   58.85
11/05/2013 15:35:00,   61.36,   63.97,   57.83,   64.78,   67.54,   60.50
11/05/2013 15:40:00,   62.07,   66.12,   57.10,   65.44,   68.32,   61.08
11/05/2013 15:45:00,   61.79,   65.73,   55.31,   65.47,   69.01,   58.87
11/05/2013 15:50:00,   59.86,   62.79,   55.22,   63.98,   66.95,   58.67
11/05/2013 15:55:00,   60.18,   61.85,   55.78,   64.05,   66.75,   59.67
11/05/2013 16:00:00,   60.54,   63.30,   55.86,   65.79,   69.91,   59.29
11/05/2013 16:05:00,   59.74,   62.12,   54.88,   63.86,   66.57,   58.22
11/05/2013 16:10:00,   60.44,   62.73,   56.65,   64.50,   68.55,   59.87
11/05/2013 16:15:00,   60.15,   62.41,   56.35,   64.26,   67.42,   59.53
11/05/2013 16:20:00,   63.49,   66.38,   56.92,   66.07,   71.24,   60.20
11/05/2013 16:25:00,   59.96,   62.04,   56.28,   62.96,   65.10,   59.00
11/05/2013 16:30:00,   60.36,   62.26,   57.75,   65.01,   68.22,   60.10
11/05/2013 16:35:00,   59.82,   62.43,   55.73,   64.52,   68.36,   59.27
11/05/2013 16:40:00,   60.67,   64.39,   55.18,   63.64,   66.81,   58.79
11/05/2013 16:45:00,   60.67,   63.91,   55.40,   67.07,   73.94,   58.41
11/05/2013 16:50:00,   59.15,   61.49,   55.61,   63.26,   66.71,   58.36
11/05/2013 16:55:00,   59.11,   61.24,   55.48,   63.23,   65.63,   58.89
11/05/2013 17:00:00,   59.24,   61.40,   56.26,   63.69,   66.73,   59.98
11/05/2013 17:05:00,   60.24,   62.00,   56.08,   63.86,   66.39,   59.32
11/05/2013 17:10:00,   61.76,   64.13,   56.80,   67.71,   72.50,   59.80
11/05/2013 17:15:00,   60.07,   63.60,   55.76,   65.14,   69.60,   59.25
11/05/2013 17:20:00,   59.10,   61.83,   55.55,   63.58,   65.86,   58.98
11/05/2013 17:25:00,   59.87,   61.89,   54.70,   63.69,   66.47,   58.45
11/05/2013 17:30:00,   59.41,   62.21,   55.08,   63.50,   66.92,   57.97
11/05/2013 17:35:00,   59.12,   61.14,   55.10,   63.24,   65.49,   58.37
11/05/2013 17:40:00,   58.45,   61.15,   54.54,   62.24,   64.72,   57.59
11/05/2013 17:45:00,   59.04,   61.30,   54.44,   63.53,   67.07,   57.57
11/05/2013 17:50:00,   59.60,   61.59,   55.76,   64.37,   67.08,   59.76
11/05/2013 17:55:00,   59.46,   62.79,   54.13,   63.35,   67.60,   57.69
11/05/2013 18:00:00,   60.00,   62.61,   55.27,   64.14,   68.55,   57.92
11/05/2013 18:05:00,   59.12,   61.48,   55.49,   63.72,   67.77,   58.49
11/05/2013 18:10:00,   59.95,   61.84,   55.40,   65.52,   68.55,   59.41
11/05/2013 18:15:00,   59.02,   60.43,   55.11,   64.34,   67.77,   59.89
11/05/2013 18:20:00,   58.86,   61.80,   55.90,   62.58,   64.90,   59.35
11/05/2013 18:25:00,   59.09,   61.15,   55.67,   63.91,   66.50,   59.08
11/05/2013 18:30:00,   59.29,   62.40,   54.88,   63.99,   68.15,   58.53
11/05/2013 18:35:00,   59.61,   62.06,   54.53,   65.96,   71.38,   59.05
11/05/2013 18:40:00,   59.41,   62.23,   55.01,   64.50,   68.65,   58.32
11/05/2013 18:45:00,   59.21,   61.32,   55.07,   65.68,   70.09,   58.91
11/05/2013 18:50:00,   58.82,   61.48,   54.74,   63.47,   66.34,   57.73
11/05/2013 18:55:00,   59.91,   61.97,   55.43,   63.86,   67.87,   58.45
11/05/2013 19:00:00,   60.18,   63.15,   56.00,   65.59,   70.30,   59.15
11/05/2013 19:05:00,   59.67,   62.52,   54.90,   64.55,   65.37,   57.97
11/05/2013 19:10:00,   59.43,   61.42,   55.59,   64.15,   67.31,   58.76
11/05/2013 19:15:00,   59.40,   61.94,   56.09,   63.03,   65.36,   59.04
11/05/2013 19:20:00,   60.87,   62.88,   56.37,   65.51,   69.78,   60.22
11/05/2013 19:25:00,   60.33,   63.04,   55.66,   64.27,   66.65,   60.07
11/05/2013 19:30:00,   61.65,   64.42,   57.30,   65.81,   69.70,   60.02
11/05/2013 19:35:00,   60.17,   62.23,   56.03,   64.54,   67.05,   59.49
11/05/2013 19:40:00,   65.16,   68.30,   56.13,   71.15,   77.24,   59.58
11/05/2013 19:45:00,   61.74,   63.98,   55.84,   67.68,   72.85,   59.51
11/05/2013 19:50:00,   59.05,   61.69,   54.93,   63.41,   66.38,   58.75
11/05/2013 19:55:00,   58.55,   61.45,   53.49,   62.30,   66.60,   57.13
11/05/2013 20:00:00,   59.08,   61.32,   53.57,   62.85,   65.69,   57.14
11/05/2013 20:05:00,   58.79,   61.80,   53.92,   62.27,   65.09,   57.38
11/05/2013 20:10:00,   58.43,   61.62,   53.26,   60.96,   63.79,   56.72
11/05/2013 20:15:00,   59.10,   61.57,   55.28,   62.46,   64.43,   58.92
11/05/2013 20:20:00,   58.66,   61.43,   54.48,   61.74,   64.32,   57.72
11/05/2013 20:25:00,   59.50,   62.03,   55.59,   63.42,   66.85,   58.26
11/05/2013 20:30:00,   59.19,   62.03,   54.67,   62.00,   64.77,   56.92
11/05/2013 20:35:00,   58.42,   60.81,   54.15,   61.34,   63.90,   57.31
11/05/2013 20:40:00,   59.38,   61.84,   55.01,   62.02,   64.73,   57.71
11/05/2013 20:45:00,   58.27,   60.91,   54.32,   61.76,   63.64,   56.67
11/05/2013 20:50:00,   59.12,   61.58,   55.51,   62.83,   65.78,   58.00
11/05/2013 20:55:00,   58.74,   61.62,   53.90,   62.55,   65.32,   56.87
11/05/2013 21:00:00,   59.34,   61.30,   55.29,   64.94,   68.47,   58.25
11/05/2013 21:05:00,   58.08,   61.33,   53.76,   61.85,   65.59,   56.72
11/05/2013 21:10:00,   58.83,   61.03,   54.98,   63.03,   65.35,   58.65
11/05/2013 21:15:00,   59.10,   61.63,   54.13,   61.48,   63.91,   57.63
11/05/2013 21:20:00,   60.54,   63.66,   53.72,   62.17,   64.72,   58.04
11/05/2013 21:25:00,   58.06,   61.07,   53.80,   60.68,   63.50,   56.65
11/05/2013 21:30:00,   59.13,   61.97,   54.24,   61.10,   63.78,   57.03
11/05/2013 21:35:00,   57.55,   60.32,   52.22,   60.58,   63.22,   56.66
11/05/2013 21:40:00,   57.42,   60.80,   53.74,   60.23,   62.97,   56.76
11/05/2013 21:45:00,   57.87,   60.75,   53.09,   60.84,   63.83,   56.19
11/05/2013 21:50:00,   57.54,   60.10,   53.68,   60.23,   62.91,   55.95
11/05/2013 21:55:00,   57.16,   60.25,   52.26,   59.49,   62.30,   56.00
11/05/2013 22:00:00,   57.01,   60.47,   50.18,   59.67,   63.01,   54.34
11/05/2013 22:05:00,   58.76,   62.56,   53.94,   61.18,   64.12,   56.38
11/05/2013 22:10:00,   57.64,   60.44,   53.45,   60.14,   62.58,   56.00
11/05/2013 22:15:00,   57.25,   60.53,   52.22,   60.51,   64.13,   55.37
11/05/2013 22:20:00,   56.83,   59.91,   52.36,   59.74,   62.67,   55.44
11/05/2013 22:25:00,   55.98,   59.34,   51.70,   58.54,   61.42,   54.46
11/05/2013 22:30:00,   56.79,   60.46,   51.91,   59.09,   62.30,   54.55
11/05/2013 22:35:00,   56.66,   59.28,   52.77,   59.87,   62.84,   55.43
11/05/2013 22:40:00,   55.99,   59.51,   51.23,   58.88,   62.07,   53.71
11/05/2013 22:45:00,   56.34,   59.79,   51.59,   58.96,   62.26,   54.45
11/05/2013 22:50:00,   56.45,   60.07,   50.83,   59.22,   62.14,   54.15
11/05/2013 22:55:00,   55.25,   58.63,   50.86,   57.84,   60.79,   54.12
11/05/2013 23:00:00,   56.06,   60.32,   50.63,   59.26,   62.70,   53.91
11/05/2013 23:05:00,   55.57,   58.81,   50.52,   58.60,   61.66,   53.74
11/05/2013 23:10:00,   57.03,   59.40,   53.70,   60.12,   62.54,   56.30
11/05/2013 23:15:00,   57.00,   60.60,   51.62,   59.60,   62.77,   55.10
11/05/2013 23:20:00,   55.58,   59.31,   50.95,   58.17,   61.94,   54.00
11/05/2013 23:25:00,   56.03,   59.87,   51.28,   58.27,   61.35,   54.04
11/05/2013 23:30:00,   54.79,   58.90,   50.41,   57.57,   60.93,   53.43
11/05/2013 23:35:00,   55.99,   59.26,   51.00,   58.75,   61.97,   54.06
11/05/2013 23:40:00,   56.30,   59.48,   52.03,   59.49,   62.67,   55.28
11/05/2013 23:45:00,   55.17,   58.72,   49.60,   58.01,   61.70,   52.57
11/05/2013 23:50:00,   55.94,   59.21,   50.85,   58.37,   61.81,   53.87
11/05/2013 23:57:00,   55.95,   59.25,   51.56,   58.17,   61.19,   54.29

