# noise_analysis run from DCC-NOISE-001014 at Thu Feb  7 00:00:00 2013
# Monitoring unit located at 53.278938N 6.315392W
# logfile   = /home/root/noise_analysis.log
# cfg_dir   = /home/root/config
# outputdir = /home/root/noise
# Sensitivity = -26.577707
# Gain = 1.000000
# Time should be in local format (i.e. daylight savings time)
# dd/mm/yyyy hh:mm:ss, A Leq,   A L10,   A L95,   C Leq,   C L10,   C L95
07/02/2013 00:05:00,   56.57,   61.93,   50.48,   58.71,   62.79,   54.44
07/02/2013 00:10:00,   55.76,   59.80,   50.65,   58.62,   61.84,   54.37
07/02/2013 00:15:00,   52.64,   57.10,   47.95,   55.60,   58.78,   52.31
07/02/2013 00:20:00,   54.26,   58.96,   49.23,   57.28,   60.83,   53.09
07/02/2013 00:25:00,   53.32,   57.36,   49.12,   57.76,   62.68,   53.47
07/02/2013 00:30:00,   53.12,   57.47,   48.65,   56.18,   59.10,   52.21
07/02/2013 00:35:00,   54.29,   58.73,   49.53,   58.24,   61.05,   53.12
07/02/2013 00:40:00,   54.51,   58.86,   49.55,   57.54,   61.17,   53.50
07/02/2013 00:45:00,   53.37,   58.20,   48.27,   56.42,   60.14,   52.33
07/02/2013 00:50:00,   54.44,   58.26,   49.73,   57.39,   59.97,   54.10
07/02/2013 00:55:00,   53.19,   58.41,   47.51,   56.12,   59.71,   51.76
07/02/2013 01:00:00,   53.42,   59.06,   46.14,   56.66,   60.91,   50.55
07/02/2013 01:05:00,   54.00,   58.79,   48.39,   58.14,   61.60,   52.08
07/02/2013 01:10:00,   55.08,   59.54,   49.27,   57.84,   61.83,   53.53
07/02/2013 01:15:00,   55.28,   61.16,   48.47,   57.94,   62.28,   53.11
07/02/2013 01:20:00,   54.44,   59.77,   48.18,   56.99,   60.80,   52.47
07/02/2013 01:25:00,   50.59,   53.02,   46.22,   54.47,   56.84,   51.08
07/02/2013 01:30:00,   53.03,   58.30,   48.56,   56.72,   60.60,   52.95
07/02/2013 01:35:00,   53.13,   58.55,   47.45,   56.20,   60.19,   51.79
07/02/2013 01:40:00,   52.36,   57.54,   46.91,   55.65,   59.71,   51.89
07/02/2013 01:45:00,   51.28,   55.76,   47.24,   55.38,   58.92,   52.03
07/02/2013 01:50:00,   53.08,   58.17,   46.82,   56.35,   60.14,   51.53
07/02/2013 01:55:00,   52.42,   57.69,   46.90,   56.17,   59.98,   52.15
07/02/2013 02:00:00,   50.16,   52.39,   46.99,   54.81,   57.18,   51.76
07/02/2013 02:05:00,   52.51,   57.06,   46.36,   56.01,   59.45,   52.12
07/02/2013 02:10:00,   52.02,   58.63,   46.99,   55.12,   60.13,   51.24
07/02/2013 02:15:00,   51.64,   56.30,   46.90,   55.50,   58.96,   52.28
07/02/2013 02:20:00,   51.06,   54.91,   47.35,   55.11,   57.17,   52.80
07/02/2013 02:25:00,   49.73,   52.91,   45.85,   54.03,   57.15,   50.37
07/02/2013 02:30:00,   50.85,   57.01,   45.82,   55.01,   59.37,   50.90
07/02/2013 02:35:00,   50.43,   55.84,   46.03,   55.08,   58.97,   51.13
07/02/2013 02:40:00,   50.01,   54.17,   45.86,   54.73,   58.09,   50.57
07/02/2013 02:45:00,   50.72,   54.50,   46.21,   54.79,   58.04,   51.24
07/02/2013 02:50:00,   49.35,   52.02,   45.57,   53.97,   55.91,   50.73
07/02/2013 02:55:00,   51.35,   55.62,   46.25,   55.14,   58.13,   51.01
07/02/2013 03:00:00,   49.57,   51.94,   45.94,   53.51,   55.57,   50.44
07/02/2013 03:05:00,   50.62,   52.85,   46.98,   54.70,   56.49,   52.35
07/02/2013 03:10:00,   49.48,   49.87,   46.51,   54.50,   56.20,   52.03
07/02/2013 03:15:00,   51.89,   56.38,   47.72,   56.09,   59.26,   52.75
07/02/2013 03:20:00,   53.24,   58.90,   47.11,   56.66,   61.40,   51.89
07/02/2013 03:25:00,   50.89,   54.16,   46.70,   55.43,   58.80,   51.81
07/02/2013 03:30:00,   49.06,   50.84,   45.28,   53.69,   56.34,   49.75
07/02/2013 03:35:00,   50.77,   54.23,   46.48,   54.57,   57.38,   51.35
07/02/2013 03:40:00,   51.89,   55.74,   48.43,   56.30,   59.85,   52.90
07/02/2013 03:45:00,   51.67,   56.36,   45.86,   56.20,   60.79,   50.69
07/02/2013 03:50:00,   52.80,   58.97,   47.90,   56.58,   60.73,   52.68
07/02/2013 03:55:00,   50.69,   54.31,   47.10,   55.27,   59.18,   52.01
07/02/2013 04:00:00,   52.76,   58.23,   47.73,   56.60,   61.39,   52.55
07/02/2013 04:05:00,   52.59,   59.12,   47.73,   56.34,   60.85,   52.79
07/02/2013 04:10:00,   51.44,   56.79,   47.86,   55.66,   59.39,   52.37
07/02/2013 04:15:00,   52.72,   56.87,   47.84,   56.70,   60.35,   52.29
07/02/2013 04:20:00,   50.72,   53.28,   47.69,   55.01,   57.39,   52.39
07/02/2013 04:25:00,   51.71,   56.99,   47.14,   55.44,   59.63,   52.28
07/02/2013 04:30:00,   50.94,   53.77,   48.16,   55.25,   57.54,   52.92
07/02/2013 04:35:00,   50.95,   53.77,   47.86,   55.51,   58.77,   52.54
07/02/2013 04:40:00,   52.46,   57.25,   48.74,   55.78,   59.60,   52.73
07/02/2013 04:45:00,   52.21,   56.62,   48.86,   55.63,   59.15,   52.89
07/02/2013 04:50:00,   51.84,   54.83,   49.27,   55.86,   58.00,   53.52
07/02/2013 04:55:00,   53.60,   57.26,   50.25,   57.01,   59.69,   54.52
07/02/2013 05:00:00,   52.66,   54.01,   50.54,   56.68,   58.20,   54.43
07/02/2013 05:05:00,   52.37,   54.98,   49.81,   56.67,   58.89,   53.93
07/02/2013 05:10:00,   52.27,   55.33,   48.85,   56.24,   58.91,   53.23
07/02/2013 05:15:00,   54.75,   57.92,   50.60,   58.36,   60.96,   54.37
07/02/2013 05:20:00,   53.95,   57.64,   50.41,   57.73,   61.08,   54.52
07/02/2013 05:25:00,   54.70,   58.12,   51.53,   58.10,   61.01,   55.37
07/02/2013 05:30:00,   54.42,   59.30,   50.87,   57.84,   61.17,   54.96
07/02/2013 05:35:00,   55.77,   59.19,   50.68,   59.54,   61.89,   54.60
07/02/2013 05:40:00,   54.30,   58.72,   50.03,   57.59,   61.10,   54.50
07/02/2013 05:45:00,   54.13,   58.28,   50.04,   57.52,   60.74,   54.53
07/02/2013 05:50:00,   56.59,   60.77,   51.47,   59.89,   63.20,   55.82
07/02/2013 05:55:00,   55.71,   59.43,   51.66,   59.01,   61.43,   56.00
07/02/2013 06:00:00,   54.99,   58.04,   52.23,   58.31,   60.53,   56.20
07/02/2013 06:05:00,   55.64,   58.65,   51.92,   59.91,   63.90,   56.29
07/02/2013 06:10:00,   55.39,   60.28,   51.34,   58.48,   62.52,   55.21
07/02/2013 06:15:00,   54.79,   59.10,   50.81,   58.21,   61.63,   54.86
07/02/2013 06:20:00,   54.79,   57.41,   51.71,   58.05,   60.13,   55.77
07/02/2013 06:25:00,   55.16,   58.79,   51.65,   58.71,   61.07,   55.61
07/02/2013 06:30:00,   55.56,   60.00,   51.70,   59.02,   62.42,   55.87
07/02/2013 06:35:00,   55.95,   60.02,   51.62,   59.56,   63.72,   55.84
07/02/2013 06:40:00,   57.90,   61.48,   53.27,   61.90,   65.91,   57.38
07/02/2013 06:45:00,   58.32,   62.74,   53.23,   62.43,   67.63,   57.03
07/02/2013 06:50:00,   57.54,   62.40,   52.89,   61.47,   65.80,   57.06
07/02/2013 06:55:00,   60.78,   63.00,   54.45,   63.18,   65.03,   58.06
07/02/2013 07:00:00,   59.70,   63.22,   55.74,   63.43,   66.76,   59.66
07/02/2013 07:05:00,   59.41,   62.68,   54.39,   63.06,   67.18,   58.50
07/02/2013 07:10:00,   60.38,   63.16,   54.26,   65.67,   69.60,   58.82
07/02/2013 07:15:00,   59.08,   62.89,   55.09,   63.70,   67.94,   59.49
07/02/2013 07:20:00,   60.15,   63.36,   56.12,   64.40,   67.29,   60.76
07/02/2013 07:25:00,   59.08,   61.65,   55.48,   62.47,   64.70,   59.66
07/02/2013 07:30:00,   59.31,   61.97,   55.83,   63.18,   67.10,   59.67
07/02/2013 07:35:00,   60.28,   63.38,   55.91,   64.65,   68.41,   60.54
07/02/2013 07:40:00,   60.66,   63.43,   57.20,   65.08,   67.89,   61.02
07/02/2013 07:45:00,   61.33,   64.19,   57.24,   65.29,   68.73,   61.14
07/02/2013 07:50:00,   60.23,   62.46,   57.32,   63.94,   66.90,   60.92
07/02/2013 07:55:00,   61.79,   64.19,   58.09,   65.91,   70.25,   61.58
07/02/2013 08:00:00,   61.35,   63.79,   57.82,   64.89,   67.23,   61.17
07/02/2013 08:05:00,   59.97,   62.15,   57.53,   63.61,   65.91,   61.20
07/02/2013 08:10:00,   60.27,   62.79,   57.27,   64.23,   66.76,   61.53
07/02/2013 08:15:00,   60.69,   62.79,   58.01,   64.91,   67.23,   62.03
07/02/2013 08:20:00,   60.31,   62.20,   57.41,   64.05,   65.95,   61.45
07/02/2013 08:25:00,   60.48,   63.19,   56.93,   63.95,   66.21,   61.15
07/02/2013 08:30:00,   60.87,   63.31,   57.37,   65.35,   68.23,   61.08
07/02/2013 08:35:00,   60.57,   62.94,   57.50,   64.37,   67.42,   61.41
07/02/2013 08:40:00,   60.12,   62.54,   57.28,   64.63,   66.85,   61.88
07/02/2013 08:45:00,   62.32,   65.92,   58.06,   67.19,   70.10,   62.81
07/02/2013 08:50:00,   59.39,   62.08,   56.50,   63.49,   65.76,   60.72
07/02/2013 08:55:00,   62.08,   64.44,   57.35,   67.44,   71.29,   62.89
07/02/2013 09:00:00,   59.52,   61.98,   56.57,   63.96,   66.19,   61.35
07/02/2013 09:05:00,   60.13,   62.60,   57.52,   64.59,   67.07,   62.11
07/02/2013 09:10:00,   60.42,   62.86,   56.50,   64.53,   66.92,   61.40
07/02/2013 09:15:00,   60.61,   63.27,   57.28,   64.13,   66.17,   61.68
07/02/2013 09:20:00,   60.59,   63.21,   56.96,   64.40,   67.06,   60.73
07/02/2013 09:25:00,   60.13,   62.88,   56.41,   63.03,   65.07,   59.74
07/02/2013 09:30:00,   60.48,   62.60,   57.05,   64.23,   66.56,   61.45
07/02/2013 09:35:00,   59.52,   62.27,   56.42,   62.60,   64.85,   60.17
07/02/2013 09:40:00,   60.14,   62.51,   56.74,   63.62,   65.50,   60.49
07/02/2013 09:45:00,   60.03,   63.02,   55.04,   63.40,   66.02,   59.29
07/02/2013 09:50:00,   59.45,   62.88,   55.23,   63.38,   65.72,   59.43
07/02/2013 09:55:00,   58.81,   61.52,   54.90,   62.46,   64.76,   58.75
07/02/2013 10:00:00,   59.50,   62.37,   55.88,   63.41,   66.33,   59.85
07/02/2013 10:05:00,   59.63,   61.85,   56.44,   62.87,   64.30,   60.15
07/02/2013 10:10:00,   60.08,   62.61,   56.45,   64.10,   66.54,   60.17
07/02/2013 10:15:00,   60.04,   62.95,   55.56,   63.09,   65.55,   58.73
07/02/2013 10:20:00,   59.14,   61.58,   55.82,   62.48,   64.25,   60.11
07/02/2013 10:25:00,   60.44,   62.86,   56.15,   62.96,   64.94,   59.71
07/02/2013 10:30:00,   60.46,   62.72,   56.73,   62.66,   64.75,   59.87
07/02/2013 10:35:00,   60.60,   62.83,   56.95,   63.76,   66.10,   60.12
07/02/2013 10:40:00,   59.57,   62.56,   56.20,   62.43,   64.72,   59.41
07/02/2013 10:45:00,   60.11,   63.17,   56.43,   64.54,   67.67,   59.97
07/02/2013 10:50:00,   61.08,   63.21,   57.69,   64.66,   67.28,   60.47
07/02/2013 10:55:00,   61.79,   64.27,   57.76,   64.00,   66.37,   60.42
07/02/2013 11:00:00,   62.24,   64.80,   58.13,   64.42,   66.16,   61.02
07/02/2013 11:05:00,   62.07,   64.70,   55.29,   64.49,   67.84,   58.68
07/02/2013 11:10:00,   60.93,   63.92,   55.69,   63.84,   66.47,   59.56
07/02/2013 11:15:00,   61.01,   64.31,   55.67,   63.64,   66.07,   59.96
07/02/2013 11:20:00,   61.94,   65.01,   56.13,   64.51,   67.12,   59.60
07/02/2013 11:25:00,   62.81,   65.53,   57.09,   64.35,   66.48,   60.64
07/02/2013 11:30:00,   60.94,   64.40,   55.80,   63.34,   66.40,   58.62
07/02/2013 11:35:00,   62.18,   65.02,   55.80,   64.04,   66.33,   58.82
07/02/2013 11:40:00,   61.37,   63.98,   57.64,   64.48,   66.97,   61.28
07/02/2013 11:45:00,   59.99,   63.32,   55.52,   63.83,   66.97,   59.74
07/02/2013 11:50:00,   65.44,   71.25,   55.05,   67.08,   71.57,   59.52
07/02/2013 11:55:00,   61.54,   64.28,   56.51,   65.17,   68.37,   60.50
07/02/2013 12:00:00,   62.17,   65.04,   57.27,   64.94,   67.18,   61.36
07/02/2013 12:05:00,   61.58,   64.88,   56.32,   63.90,   66.56,   59.94
07/02/2013 12:10:00,   61.33,   64.64,   55.15,   63.60,   66.33,   59.61
07/02/2013 12:15:00,   61.90,   64.87,   56.24,   64.54,   67.17,   59.54
07/02/2013 12:20:00,   62.65,   65.39,   57.54,   65.57,   68.43,   61.25
07/02/2013 12:25:00,   61.87,   64.73,   57.34,   64.78,   67.72,   60.38
07/02/2013 12:30:00,   62.35,   65.35,   58.18,   64.81,   67.18,   61.44
07/02/2013 12:35:00,   62.82,   65.08,   58.69,   65.37,   67.38,   61.44
07/02/2013 12:40:00,   63.04,   65.41,   58.87,   65.79,   68.68,   62.01
07/02/2013 12:45:00,   62.95,   65.51,   58.11,   65.68,   68.08,   61.82
07/02/2013 12:50:00,   62.58,   65.05,   58.85,   65.53,   67.79,   61.92
07/02/2013 12:55:00,   63.45,   65.50,   60.11,   66.13,   67.98,   62.72
07/02/2013 13:00:00,   62.70,   65.55,   58.12,   64.73,   66.96,   61.75
07/02/2013 13:05:00,   63.02,   65.60,   59.06,   65.71,   67.77,   62.35
07/02/2013 13:10:00,   61.67,   65.33,   56.94,   65.45,   67.89,   61.23
07/02/2013 13:15:00,   61.35,   63.81,   57.58,   64.93,   67.03,   61.88
07/02/2013 13:20:00,   61.16,   63.96,   57.65,   64.67,   66.71,   62.00
07/02/2013 13:25:00,   62.66,   65.56,   58.76,   65.88,   67.91,   62.61
07/02/2013 13:30:00,   62.84,   65.60,   57.85,   65.33,   67.66,   61.77
07/02/2013 13:35:00,   62.38,   64.72,   58.32,   64.95,   66.85,   61.93
07/02/2013 13:40:00,   63.37,   66.62,   57.93,   66.72,   70.43,   62.18
07/02/2013 13:45:00,   62.19,   64.90,   57.72,   64.76,   66.79,   61.34
07/02/2013 13:50:00,   62.52,   65.38,   59.03,   66.28,   69.21,   62.76
07/02/2013 13:55:00,   63.20,   65.68,   58.91,   66.72,   69.24,   63.50
07/02/2013 14:00:00,   62.93,   65.31,   58.99,   65.87,   67.95,   62.32
07/02/2013 14:05:00,   62.16,   64.07,   58.52,   64.94,   67.34,   61.85
07/02/2013 14:10:00,   61.52,   63.39,   58.49,   64.43,   66.19,   61.84
07/02/2013 14:15:00,   61.64,   63.79,   58.56,   64.67,   66.49,   62.18
07/02/2013 14:20:00,   61.98,   64.25,   58.76,   65.34,   67.69,   62.15
07/02/2013 14:25:00,   62.57,   64.69,   59.28,   65.90,   67.96,   63.40
07/02/2013 14:30:00,   61.81,   63.89,   58.34,   65.42,   67.75,   62.15
07/02/2013 14:35:00,   62.65,   64.71,   59.86,   66.01,   67.82,   63.52
07/02/2013 14:40:00,   62.61,   64.79,   59.61,   65.63,   67.24,   63.47
07/02/2013 14:45:00,   62.59,   64.56,   60.42,   66.11,   68.11,   63.62
07/02/2013 14:50:00,   63.07,   65.47,   60.00,   65.83,   67.82,   63.18
07/02/2013 14:55:00,   63.20,   65.86,   59.18,   66.44,   68.96,   62.92
07/02/2013 15:00:00,   62.48,   65.63,   58.60,   66.46,   69.44,   62.11
07/02/2013 15:05:00,   63.16,   65.23,   58.93,   66.89,   70.03,   62.08
07/02/2013 15:10:00,   63.35,   65.77,   58.50,   66.14,   68.87,   61.75
07/02/2013 15:15:00,   63.14,   65.68,   59.47,   66.61,   69.54,   62.36
07/02/2013 15:20:00,   63.35,   65.96,   59.49,   68.14,   72.11,   62.76
07/02/2013 15:25:00,   61.99,   64.01,   58.93,   65.87,   68.94,   62.56
07/02/2013 15:30:00,   62.30,   64.76,   57.88,   68.30,   71.82,   62.30
07/02/2013 15:35:00,   61.87,   63.92,   58.21,   66.32,   68.90,   62.59
07/02/2013 15:40:00,   61.71,   63.65,   58.81,   65.96,   68.53,   62.48
07/02/2013 15:45:00,   62.53,   64.60,   58.84,   66.43,   69.09,   62.95
07/02/2013 15:50:00,   61.31,   63.58,   56.68,   66.84,   69.52,   62.34
07/02/2013 15:55:00,   60.90,   63.14,   57.13,   65.86,   68.70,   61.43
07/02/2013 16:00:00,   60.79,   62.56,   56.74,   64.26,   66.54,   61.07
07/02/2013 16:05:00,   60.56,   63.07,   55.94,   63.30,   65.24,   59.96
07/02/2013 16:10:00,   60.78,   63.55,   55.94,   64.67,   68.21,   59.53
07/02/2013 16:15:00,   60.58,   62.45,   57.06,   64.16,   66.12,   60.79
07/02/2013 16:20:00,   60.76,   63.47,   55.80,   63.91,   66.41,   59.63
07/02/2013 16:25:00,   60.23,   62.99,   56.33,   64.01,   66.85,   59.97
07/02/2013 16:30:00,   60.07,   62.13,   56.42,   63.51,   65.64,   60.19
07/02/2013 16:35:00,   60.01,   62.46,   55.79,   62.86,   64.82,   59.27
07/02/2013 16:40:00,   59.39,   62.01,   55.19,   62.70,   65.36,   58.84
07/02/2013 16:45:00,   59.90,   62.60,   54.47,   63.56,   65.66,   58.40
07/02/2013 16:50:00,   59.56,   62.05,   55.39,   64.24,   66.64,   59.42
07/02/2013 16:55:00,   59.41,   62.57,   54.03,   62.80,   66.01,   57.74
07/02/2013 17:00:00,   59.64,   62.19,   54.85,   62.40,   64.72,   58.18
07/02/2013 17:05:00,   59.50,   62.08,   54.92,   63.90,   66.29,   59.11
07/02/2013 17:10:00,   59.04,   61.71,   54.82,   62.61,   64.93,   58.94
07/02/2013 17:15:00,   60.53,   62.73,   55.02,   63.45,   66.29,   58.68
07/02/2013 17:20:00,   58.80,   61.38,   54.85,   61.93,   64.20,   58.55
07/02/2013 17:25:00,   59.54,   61.78,   54.97,   62.85,   64.93,   59.18
07/02/2013 17:30:00,   59.81,   62.35,   55.95,   62.69,   64.81,   58.83
07/02/2013 17:35:00,   59.33,   62.55,   54.93,   62.83,   65.07,   59.30
07/02/2013 17:40:00,   59.58,   62.16,   55.06,   63.88,   66.98,   59.16
07/02/2013 17:45:00,   59.33,   61.49,   55.66,   62.71,   64.76,   59.68
07/02/2013 17:50:00,   58.91,   61.87,   54.27,   61.86,   64.32,   57.70
07/02/2013 17:55:00,   60.13,   62.80,   54.05,   63.20,   66.04,   58.34
07/02/2013 18:00:00,   61.03,   64.05,   55.18,   63.91,   66.59,   59.22
07/02/2013 18:05:00,   59.65,   62.61,   54.17,   62.57,   65.06,   57.79
07/02/2013 18:10:00,   60.79,   63.79,   54.34,   63.43,   65.89,   57.91
07/02/2013 18:15:00,   59.93,   62.52,   54.44,   63.33,   65.44,   59.48
07/02/2013 18:20:00,   59.55,   62.54,   54.72,   63.66,   66.95,   58.57
07/02/2013 18:25:00,   60.34,   62.92,   54.46,   63.34,   65.47,   58.45
07/02/2013 18:30:00,   59.57,   62.14,   54.61,   62.55,   65.01,   57.92
07/02/2013 18:35:00,   59.98,   63.03,   55.19,   63.13,   65.48,   59.11
07/02/2013 18:40:00,   59.94,   62.88,   54.64,   62.64,   65.54,   58.06
07/02/2013 18:45:00,   59.65,   62.34,   54.53,   62.41,   64.69,   58.31
07/02/2013 18:50:00,   60.25,   63.11,   54.65,   63.46,   65.71,   58.76
07/02/2013 18:55:00,   62.17,   65.88,   56.87,   66.20,   71.29,   60.51
07/02/2013 19:00:00,   59.17,   62.03,   55.63,   62.33,   64.50,   59.33
07/02/2013 19:05:00,   60.02,   62.85,   55.39,   63.87,   66.18,   58.58
07/02/2013 19:10:00,   60.29,   62.59,   56.70,   64.24,   66.83,   60.14
07/02/2013 19:15:00,   59.70,   63.16,   54.67,   63.33,   66.24,   58.64
07/02/2013 19:20:00,   59.85,   62.91,   55.22,   62.74,   65.61,   58.55
07/02/2013 19:25:00,   59.99,   62.71,   53.91,   62.57,   65.17,   57.23
07/02/2013 19:30:00,   60.07,   63.01,   54.28,   62.59,   65.37,   57.83
07/02/2013 19:35:00,   59.23,   62.11,   54.87,   61.83,   64.37,   57.90
07/02/2013 19:40:00,   59.78,   62.78,   55.06,   62.73,   65.25,   58.35
07/02/2013 19:45:00,   59.59,   62.27,   56.02,   62.49,   65.09,   59.17
07/02/2013 19:50:00,   59.63,   63.44,   54.27,   62.46,   66.22,   57.67
07/02/2013 19:55:00,   59.13,   61.67,   55.16,   61.61,   64.00,   58.69
07/02/2013 20:00:00,   59.87,   62.97,   55.35,   62.50,   65.32,   58.53
07/02/2013 20:05:00,   59.68,   62.78,   55.65,   62.47,   65.04,   58.71
07/02/2013 20:10:00,   60.22,   63.13,   56.10,   63.26,   65.72,   59.74
07/02/2013 20:15:00,   60.71,   63.90,   56.69,   64.16,   66.62,   60.24
07/02/2013 20:20:00,   59.91,   63.03,   54.59,   63.06,   65.90,   59.43
07/02/2013 20:25:00,   61.03,   63.34,   56.21,   63.16,   65.46,   59.25
07/02/2013 20:30:00,   60.01,   63.03,   56.00,   63.24,   65.88,   59.03
07/02/2013 20:35:00,   59.91,   63.23,   54.81,   62.37,   65.10,   58.45
07/02/2013 20:40:00,   59.56,   62.43,   55.60,   62.37,   64.68,   59.05
07/02/2013 20:45:00,   60.23,   63.01,   56.42,   62.92,   65.18,   59.64
07/02/2013 20:50:00,   59.82,   62.75,   56.17,   62.31,   64.90,   59.48
07/02/2013 20:55:00,   60.19,   62.86,   56.10,   63.36,   65.59,   59.39
07/02/2013 21:00:00,   61.45,   62.85,   56.80,   63.67,   65.55,   60.03
07/02/2013 21:05:00,   59.47,   61.84,   56.26,   62.93,   65.35,   60.00
07/02/2013 21:10:00,   60.13,   63.19,   55.47,   63.33,   66.11,   59.34
07/02/2013 21:15:00,   59.50,   62.64,   54.72,   62.91,   65.81,   59.13
07/02/2013 21:20:00,   60.60,   62.94,   57.26,   63.43,   65.66,   60.09
07/02/2013 21:25:00,   60.43,   63.35,   55.52,   64.27,   68.05,   59.22
07/02/2013 21:30:00,   60.11,   63.29,   55.49,   62.25,   64.95,   58.66
07/02/2013 21:35:00,   58.77,   61.04,   54.89,   62.58,   64.52,   58.43
07/02/2013 21:40:00,   59.55,   62.77,   55.57,   62.12,   64.77,   58.87
07/02/2013 21:45:00,   59.17,   62.03,   55.91,   61.70,   63.93,   58.94
07/02/2013 21:50:00,   59.61,   61.56,   55.34,   63.57,   65.29,   58.45
07/02/2013 21:55:00,   59.05,   61.60,   55.27,   61.66,   63.62,   58.99
07/02/2013 22:00:00,   58.75,   61.42,   54.75,   61.38,   63.29,   58.23
07/02/2013 22:05:00,   58.73,   61.80,   55.39,   62.66,   65.95,   58.92
07/02/2013 22:10:00,   59.50,   61.80,   56.49,   62.60,   64.51,   60.06
07/02/2013 22:15:00,   59.59,   62.96,   54.17,   62.62,   66.28,   57.52
07/02/2013 22:20:00,   58.13,   60.92,   54.95,   60.91,   63.51,   57.69
07/02/2013 22:25:00,   59.78,   62.38,   55.93,   61.69,   63.74,   58.75
07/02/2013 22:30:00,   58.31,   62.14,   53.91,   60.78,   64.23,   56.82
07/02/2013 22:35:00,   59.29,   62.27,   56.35,   61.89,   64.24,   59.32
07/02/2013 22:40:00,   58.44,   61.66,   54.45,   61.62,   64.46,   57.95
07/02/2013 22:45:00,   57.94,   60.75,   54.30,   60.58,   63.39,   57.56
07/02/2013 22:50:00,   58.54,   61.29,   54.24,   61.79,   64.34,   57.57
07/02/2013 22:55:00,   57.51,   61.03,   53.39,   60.35,   63.05,   56.84
07/02/2013 23:00:00,   57.32,   60.77,   53.06,   61.06,   64.33,   56.66
07/02/2013 23:05:00,   57.78,   61.45,   53.26,   60.76,   64.43,   56.70
07/02/2013 23:10:00,   58.21,   61.16,   53.48,   60.41,   62.75,   56.64
07/02/2013 23:15:00,   56.74,   61.09,   53.05,   59.84,   63.21,   56.06
07/02/2013 23:20:00,   57.13,   60.80,   53.08,   60.03,   62.78,   56.33
07/02/2013 23:25:00,   57.38,   60.28,   53.01,   60.59,   63.57,   56.31
07/02/2013 23:30:00,   55.81,   59.01,   51.10,   58.92,   62.03,   54.77
07/02/2013 23:35:00,   55.74,   59.72,   50.74,   59.34,   62.56,   54.57
07/02/2013 23:40:00,   55.20,   58.92,   51.05,   58.48,   61.38,   54.90
07/02/2013 23:45:00,   56.13,   59.70,   51.96,   59.36,   62.30,   55.47
07/02/2013 23:50:00,   55.74,   59.33,   51.73,   59.01,   62.41,   55.58
07/02/2013 23:55:00,   56.72,   60.45,   51.29,   60.39,   63.97,   55.47

