# noise_analysis run from DCC-NOISE-001003 at Tue Jul  2 00:00:00 2013
# Monitoring unit located at 53.342609N 6.340721W
# logfile   = /home/root/noise_analysis.log
# cfg_dir   = /home/root/config
# outputdir = /home/root/noise
# Sensitivity = -26.271103
# Gain = 1.000000
# Time should be in local format (i.e. daylight savings time)
# dd/mm/yyyy hh:mm:ss, A Leq,   A L10,   A L95,   C Leq,   C L10,   C L95
02/07/2013 00:05:00,   46.96,   53.82,   40.16,   50.34,   55.99,   44.91
02/07/2013 00:10:00,   51.22,   56.55,   43.53,   53.44,   58.07,   46.87
02/07/2013 00:15:00,   50.16,   55.92,   41.73,   52.75,   58.16,   45.84
02/07/2013 00:20:00,   46.79,   52.40,   39.75,   50.21,   54.93,   44.07
02/07/2013 00:25:00,   49.87,   56.69,   39.91,   52.00,   57.96,   43.80
02/07/2013 00:30:00,   49.43,   55.23,   39.34,   53.14,   58.17,   43.95
02/07/2013 00:35:00,   49.37,   55.78,   40.75,   51.82,   57.14,   44.91
02/07/2013 00:40:00,   47.71,   53.79,   41.18,   50.23,   55.26,   45.26
02/07/2013 00:45:00,   47.84,   53.81,   40.43,   51.19,   56.29,   44.80
02/07/2013 00:50:00,   50.16,   55.98,   41.78,   52.78,   57.65,   46.10
02/07/2013 00:55:00,   47.47,   54.13,   39.21,   49.94,   55.33,   43.90
02/07/2013 01:00:00,   48.00,   54.44,   40.05,   50.50,   56.62,   44.53
02/07/2013 01:05:00,   46.42,   51.98,   39.24,   49.56,   54.24,   44.09
02/07/2013 01:10:00,   48.57,   55.14,   39.74,   51.31,   56.90,   44.45
02/07/2013 01:15:00,   50.30,   56.33,   40.32,   52.60,   58.21,   44.90
02/07/2013 01:20:00,   48.49,   55.54,   39.93,   51.15,   57.38,   45.01
02/07/2013 01:25:00,   48.84,   55.58,   39.47,   51.37,   57.20,   44.60
02/07/2013 01:30:00,   50.61,   55.81,   41.86,   53.03,   57.44,   46.01
02/07/2013 01:35:00,   47.62,   53.96,   39.74,   50.10,   55.22,   44.00
02/07/2013 01:40:00,   47.36,   54.54,   40.27,   50.26,   56.34,   44.71
02/07/2013 01:45:00,   46.46,   53.51,   38.77,   48.73,   54.41,   43.30
02/07/2013 01:50:00,   42.36,   46.71,   38.74,   46.41,   48.96,   44.05
02/07/2013 01:55:00,   48.24,   54.79,   40.22,   50.80,   56.47,   44.70
02/07/2013 02:00:00,   44.74,   49.79,   39.41,   47.88,   52.19,   43.50
02/07/2013 02:05:00,   45.38,   50.77,   40.82,   48.15,   52.58,   44.41
02/07/2013 02:10:00,   46.90,   52.41,   42.24,   48.54,   53.04,   44.36
02/07/2013 02:15:00,   45.86,   50.72,   40.91,   48.43,   52.34,   44.04
02/07/2013 02:20:00,   47.08,   53.02,   39.94,   50.30,   55.69,   44.08
02/07/2013 02:25:00,   44.84,   48.03,   40.83,   47.99,   49.96,   44.26
02/07/2013 02:30:00,   45.82,   51.51,   40.62,   48.09,   52.90,   43.88
02/07/2013 02:35:00,   47.27,   51.46,   41.92,   49.15,   53.36,   44.67
02/07/2013 02:40:00,   44.40,   44.64,   41.64,   46.94,   47.47,   44.40
02/07/2013 02:45:00,   45.40,   51.21,   39.90,   47.86,   52.17,   44.15
02/07/2013 02:50:00,   45.49,   52.37,   38.88,   48.21,   53.55,   43.22
02/07/2013 02:55:00,   43.35,   45.72,   38.79,   47.13,   49.50,   43.74
02/07/2013 03:00:00,   43.53,   47.43,   39.46,   46.77,   50.05,   43.35
02/07/2013 03:05:00,   46.10,   53.65,   38.49,   49.45,   55.56,   43.51
02/07/2013 03:10:00,   45.29,   52.54,   38.05,   49.01,   55.32,   43.17
02/07/2013 03:15:00,   43.76,   48.65,   38.20,   47.04,   50.09,   43.45
02/07/2013 03:20:00,   45.07,   51.70,   38.86,   47.90,   52.78,   43.36
02/07/2013 03:25:00,   47.69,   53.75,   40.91,   49.94,   55.51,   44.44
02/07/2013 03:30:00,   45.41,   50.20,   40.20,   48.38,   53.73,   43.94
02/07/2013 03:35:00,   45.71,   51.36,   40.34,   49.42,   54.88,   44.29
02/07/2013 03:40:00,   46.20,   52.01,   39.11,   49.76,   55.98,   43.92
02/07/2013 03:45:00,   45.16,   52.20,   37.94,   48.57,   54.66,   43.41
02/07/2013 03:50:00,   43.36,   47.65,   38.91,   46.45,   49.91,   43.39
02/07/2013 03:55:00,   41.09,   41.79,   38.77,   44.95,   45.60,   43.26
02/07/2013 04:00:00,   46.33,   52.72,   39.53,   49.28,   54.86,   43.95
02/07/2013 04:05:00,   41.74,   44.33,   38.49,   45.73,   47.49,   43.57
02/07/2013 04:10:00,   45.44,   51.01,   39.01,   48.18,   52.83,   43.54
02/07/2013 04:15:00,   46.01,   54.34,   38.33,   48.53,   55.29,   43.09
02/07/2013 04:20:00,   45.97,   53.52,   39.31,   48.48,   55.26,   43.69
02/07/2013 04:25:00,   42.66,   43.51,   39.06,   46.26,   46.53,   43.65
02/07/2013 04:30:00,   47.10,   52.53,   40.63,   49.68,   54.33,   44.68
02/07/2013 04:35:00,   52.04,   56.58,   40.99,   52.72,   57.18,   45.07
02/07/2013 04:40:00,   45.54,   47.95,   41.02,   47.63,   49.93,   44.18
02/07/2013 04:45:00,   44.99,   50.44,   38.51,   47.84,   52.75,   41.87
02/07/2013 04:50:00,   45.31,   49.97,   40.29,   47.22,   51.79,   43.41
02/07/2013 04:55:00,   46.82,   52.85,   40.69,   48.65,   53.49,   44.67
02/07/2013 05:00:00,   46.67,   52.31,   40.38,   48.79,   53.75,   44.10
02/07/2013 05:05:00,   44.10,   51.00,   38.42,   47.00,   52.32,   42.80
02/07/2013 05:10:00,   42.75,   46.49,   39.12,   45.82,   48.43,   43.25
02/07/2013 05:15:00,   48.45,   56.09,   40.08,   51.83,   57.74,   44.73
02/07/2013 05:20:00,   44.66,   48.83,   39.63,   47.28,   51.49,   43.52
02/07/2013 05:25:00,   46.72,   53.13,   39.98,   49.23,   54.75,   44.01
02/07/2013 05:30:00,   48.46,   53.84,   39.91,   51.45,   57.07,   43.84
02/07/2013 05:35:00,   49.56,   55.87,   42.30,   51.66,   56.72,   46.07
02/07/2013 05:40:00,   50.43,   56.58,   41.91,   52.36,   57.55,   45.66
02/07/2013 05:45:00,   51.91,   56.59,   44.04,   54.22,   58.60,   47.54
02/07/2013 05:50:00,   51.42,   57.70,   42.84,   53.05,   59.07,   45.98
02/07/2013 05:55:00,   50.69,   57.02,   42.89,   53.17,   58.88,   46.69
02/07/2013 06:00:00,   49.54,   54.73,   44.26,   52.12,   56.31,   47.48
02/07/2013 06:05:00,   51.19,   56.16,   43.87,   53.03,   57.49,   47.58
02/07/2013 06:10:00,   50.67,   56.42,   44.87,   53.11,   58.13,   48.12
02/07/2013 06:15:00,   51.95,   57.16,   45.08,   54.07,   58.62,   48.45
02/07/2013 06:20:00,   50.48,   55.76,   44.31,   54.38,   59.82,   47.99
02/07/2013 06:25:00,   50.76,   55.59,   45.32,   52.88,   57.25,   48.80
02/07/2013 06:30:00,   52.13,   57.35,   44.72,   55.64,   61.29,   48.29
02/07/2013 06:35:00,   53.57,   57.52,   46.52,   56.95,   61.42,   50.22
02/07/2013 06:40:00,   54.39,   58.45,   48.20,   57.59,   62.25,   51.41
02/07/2013 06:45:00,   55.48,   59.09,   47.39,   59.94,   63.40,   52.27
02/07/2013 06:50:00,   53.94,   57.94,   47.17,   57.59,   61.86,   50.88
02/07/2013 06:55:00,   54.76,   58.60,   50.10,   58.26,   61.56,   54.04
02/07/2013 07:00:00,   54.71,   58.71,   48.18,   57.68,   61.54,   51.81
02/07/2013 07:05:00,   54.81,   59.05,   47.71,   57.26,   60.81,   51.51
02/07/2013 07:10:00,   55.00,   58.69,   48.58,   58.13,   61.46,   51.98
02/07/2013 07:15:00,   54.27,   57.88,   49.41,   57.47,   61.19,   52.89
02/07/2013 07:20:00,   55.75,   59.68,   49.40,   58.68,   62.09,   53.26
02/07/2013 07:25:00,   54.76,   58.07,   50.11,   57.73,   60.50,   53.53
02/07/2013 07:30:00,   55.09,   58.71,   50.17,   58.53,   61.59,   53.80
02/07/2013 07:35:00,   56.53,   59.79,   50.85,   59.49,   62.45,   54.41
02/07/2013 07:40:00,   55.93,   58.99,   51.41,   59.38,   62.23,   54.64
02/07/2013 07:45:00,   56.26,   59.89,   48.40,   59.35,   62.67,   52.37
02/07/2013 07:50:00,   57.47,   60.61,   52.88,   60.95,   63.85,   56.36
02/07/2013 07:55:00,   57.63,   61.13,   52.45,   61.47,   64.46,   56.74
02/07/2013 08:00:00,   56.99,   60.85,   50.93,   59.97,   63.31,   55.06
02/07/2013 08:05:00,   56.50,   60.43,   51.73,   60.96,   64.17,   56.69
02/07/2013 08:10:00,   56.30,   59.62,   51.89,   59.87,   62.97,   55.68
02/07/2013 08:15:00,   57.10,   60.32,   51.77,   60.51,   64.40,   55.77
02/07/2013 08:20:00,   55.75,   58.33,   52.25,   59.76,   63.20,   55.87
02/07/2013 08:25:00,   56.55,   59.03,   51.70,   61.09,   63.84,   56.61
02/07/2013 08:30:00,   56.46,   60.35,   50.80,   60.36,   63.32,   56.39
02/07/2013 08:35:00,   56.64,   60.31,   51.16,   60.96,   64.12,   55.88
02/07/2013 08:40:00,   55.68,   59.05,   50.66,   58.99,   61.67,   54.96
02/07/2013 08:45:00,   58.60,   60.84,   53.28,   62.31,   64.60,   56.96
02/07/2013 08:50:00,   58.86,   63.16,   51.76,   62.78,   67.88,   56.59
02/07/2013 08:55:00,   56.89,   59.88,   52.29,   60.80,   63.79,   56.83
02/07/2013 09:00:00,   57.98,   60.92,   53.68,   61.54,   64.35,   57.34
02/07/2013 09:05:00,   57.15,   60.59,   51.42,   61.29,   64.17,   55.85
02/07/2013 09:10:00,   57.75,   61.11,   52.79,   61.08,   63.70,   57.39
02/07/2013 09:15:00,   57.04,   60.41,   52.40,   60.49,   63.99,   55.80
02/07/2013 09:20:00,   56.81,   60.34,   52.23,   60.43,   63.14,   56.08
02/07/2013 09:25:00,   58.38,   61.92,   52.66,   61.69,   65.82,   56.73
02/07/2013 09:30:00,   57.68,   60.61,   54.09,   60.25,   63.17,   56.85
02/07/2013 09:35:00,   57.14,   59.61,   53.00,   61.34,   64.81,   57.08
02/07/2013 09:40:00,   56.53,   59.13,   52.64,   60.38,   63.03,   56.19
02/07/2013 09:45:00,   57.14,   59.90,   53.32,   60.57,   63.17,   56.70
02/07/2013 09:50:00,   57.58,   59.93,   53.60,   61.77,   64.23,   57.54
02/07/2013 09:55:00,   56.78,   59.52,   52.43,   60.54,   63.05,   56.03
02/07/2013 10:00:00,   57.97,   61.27,   53.68,   62.08,   65.58,   57.07
02/07/2013 10:05:00,   58.57,   60.90,   55.18,   62.04,   65.03,   58.21
02/07/2013 10:10:00,   56.82,   60.21,   51.33,   60.34,   63.80,   54.36
02/07/2013 10:15:00,   57.05,   59.58,   53.73,   60.33,   62.41,   56.64
02/07/2013 10:20:00,   57.46,   59.66,   53.77,   61.37,   64.29,   57.37
02/07/2013 10:25:00,   58.70,   61.34,   53.82,   61.56,   64.08,   56.91
02/07/2013 10:30:00,   57.34,   60.40,   52.57,   60.62,   63.65,   56.01
02/07/2013 10:35:00,   56.79,   60.13,   51.29,   59.97,   62.88,   55.46
02/07/2013 10:40:00,   58.12,   60.75,   54.80,   61.17,   63.53,   57.96
02/07/2013 10:45:00,   58.37,   61.63,   52.93,   61.09,   64.19,   56.59
02/07/2013 10:50:00,   61.17,   63.83,   56.97,   62.98,   65.74,   59.56
02/07/2013 10:55:00,   60.42,   63.49,   55.78,   62.46,   65.28,   58.04
02/07/2013 11:00:00,   61.17,   63.56,   57.28,   62.51,   64.64,   59.18
02/07/2013 11:05:00,   61.05,   63.72,   57.51,   62.51,   64.83,   59.10
02/07/2013 11:10:00,   61.55,   64.25,   57.43,   63.45,   65.30,   60.17
02/07/2013 11:15:00,   61.29,   63.60,   56.44,   63.05,   65.08,   59.54
02/07/2013 11:20:00,   60.15,   63.04,   52.79,   62.17,   64.62,   56.29
02/07/2013 11:25:00,   58.47,   62.19,   53.50,   60.79,   63.38,   57.10
02/07/2013 11:30:00,   60.22,   62.91,   55.55,   63.87,   67.35,   59.69
02/07/2013 11:35:00,   59.59,   62.46,   53.56,   61.66,   64.06,   57.06
02/07/2013 11:40:00,   58.34,   61.56,   53.88,   61.17,   63.88,   57.44
02/07/2013 11:45:00,   58.87,   62.07,   53.13,   61.48,   63.96,   58.31
02/07/2013 11:50:00,   59.75,   63.12,   54.51,   62.86,   65.92,   58.33
02/07/2013 11:55:00,   60.40,   62.77,   56.75,   62.74,   65.18,   59.62
02/07/2013 12:00:00,   57.94,   61.21,   52.18,   60.81,   63.04,   56.30
02/07/2013 12:05:00,   60.20,   62.90,   54.83,   62.78,   65.52,   57.50
02/07/2013 12:10:00,   59.03,   61.84,   53.05,   61.82,   64.46,   57.28
02/07/2013 12:15:00,   62.14,   62.74,   52.38,   64.15,   65.59,   56.48
02/07/2013 12:20:00,   58.78,   61.67,   53.08,   61.78,   65.50,   56.95
02/07/2013 12:25:00,   59.45,   62.52,   53.96,   63.00,   66.58,   58.04
02/07/2013 12:30:00,   59.16,   62.30,   53.96,   62.00,   64.76,   58.00
02/07/2013 12:35:00,   59.28,   62.11,   53.97,   62.29,   64.71,   57.34
02/07/2013 12:40:00,   57.60,   61.01,   52.60,   60.60,   63.06,   56.77
02/07/2013 12:45:00,   57.50,   60.64,   52.43,   61.63,   64.10,   56.37
02/07/2013 12:50:00,   60.35,   62.24,   54.94,   62.42,   64.77,   58.10
02/07/2013 12:55:00,   58.30,   60.76,   53.29,   60.98,   62.89,   56.45
02/07/2013 13:00:00,   57.29,   59.61,   53.16,   61.02,   63.32,   57.02
02/07/2013 13:05:00,   57.66,   60.96,   51.86,   60.96,   64.28,   56.19
02/07/2013 13:10:00,   58.62,   61.88,   52.11,   62.30,   65.11,   57.05
02/07/2013 13:15:00,   58.16,   60.76,   53.13,   60.95,   63.39,   56.26
02/07/2013 13:20:00,   58.17,   61.68,   52.47,   61.16,   63.78,   56.43
02/07/2013 13:25:00,   64.12,   67.87,   53.64,   65.56,   67.76,   59.12
02/07/2013 13:30:00,   58.15,   60.64,   53.91,   60.92,   63.19,   57.47
02/07/2013 13:35:00,   57.45,   60.53,   53.49,   61.12,   63.93,   57.41
02/07/2013 13:40:00,   58.12,   60.73,   53.09,   61.23,   63.70,   57.02
02/07/2013 13:45:00,   57.67,   60.40,   53.23,   60.98,   63.39,   57.22
02/07/2013 13:50:00,   58.30,   61.32,   54.03,   61.08,   63.34,   57.86
02/07/2013 13:55:00,   57.72,   60.55,   54.70,   60.83,   63.62,   57.97
02/07/2013 14:00:00,   58.44,   60.48,   54.33,   61.78,   63.77,   58.09
02/07/2013 14:05:00,   58.68,   61.13,   54.26,   62.60,   65.01,   58.97
02/07/2013 14:10:00,   57.97,   60.32,   54.87,   61.25,   63.25,   58.37
02/07/2013 14:15:00,   57.47,   60.28,   53.92,   61.56,   64.47,   58.48
02/07/2013 14:20:00,   57.28,   59.81,   53.20,   61.35,   64.02,   57.14
02/07/2013 14:25:00,   58.43,   61.59,   53.94,   61.79,   64.81,   58.30
02/07/2013 14:30:00,   58.55,   60.84,   54.60,   63.19,   65.23,   60.09
02/07/2013 14:35:00,   59.09,   61.54,   54.95,   63.65,   65.37,   60.89
02/07/2013 14:40:00,   58.68,   60.96,   54.79,   63.83,   66.61,   58.73
02/07/2013 14:45:00,   58.53,   61.00,   54.10,   63.09,   65.76,   57.65
02/07/2013 14:50:00,   59.11,   61.62,   54.57,   62.20,   64.62,   57.95
02/07/2013 14:55:00,   58.10,   60.59,   54.00,   61.61,   64.32,   57.89
02/07/2013 15:00:00,   58.83,   61.48,   55.13,   62.72,   65.84,   58.88
02/07/2013 15:05:00,   58.55,   60.64,   54.42,   62.15,   64.44,   57.96
02/07/2013 15:10:00,   57.76,   60.49,   53.79,   61.27,   63.59,   57.75
02/07/2013 15:15:00,   57.67,   60.18,   53.27,   61.77,   64.15,   57.68
02/07/2013 15:20:00,   59.09,   61.40,   54.17,   62.07,   64.92,   57.67
02/07/2013 15:25:00,   58.24,   60.85,   53.43,   61.95,   64.45,   57.79
02/07/2013 15:30:00,   60.14,   62.76,   54.12,   62.52,   65.43,   57.28
02/07/2013 15:35:00,   57.65,   60.22,   53.25,   61.48,   64.69,   56.90
02/07/2013 15:40:00,   57.01,   59.44,   52.47,   60.66,   62.93,   55.93
02/07/2013 15:45:00,   57.62,   60.32,   52.82,   61.98,   65.69,   56.44
02/07/2013 15:50:00,   58.32,   60.76,   53.40,   60.94,   63.33,   56.78
02/07/2013 15:55:00,   57.88,   60.65,   53.23,   61.96,   64.70,   57.17
02/07/2013 16:00:00,   57.46,   60.16,   53.91,   62.03,   65.09,   57.87
02/07/2013 16:05:00,   58.41,   61.03,   53.81,   62.20,   64.85,   57.60
02/07/2013 16:10:00,   58.17,   60.54,   54.01,   61.75,   63.97,   58.17
02/07/2013 16:15:00,   56.53,   59.05,   53.10,   60.72,   62.91,   56.74
02/07/2013 16:20:00,   57.05,   59.08,   53.92,   61.82,   64.16,   58.52
02/07/2013 16:25:00,   56.62,   59.47,   52.71,   61.32,   64.81,   56.96
02/07/2013 16:30:00,   57.48,   59.84,   52.52,   61.62,   64.11,   57.31
02/07/2013 16:35:00,   59.23,   62.45,   54.34,   62.81,   66.67,   57.14
02/07/2013 16:40:00,   56.72,   59.09,   53.02,   60.68,   63.58,   56.59
02/07/2013 16:45:00,   56.25,   59.04,   52.79,   60.10,   63.22,   56.13
02/07/2013 16:50:00,   57.16,   59.49,   52.80,   61.41,   64.19,   56.57
02/07/2013 16:55:00,   57.58,   59.96,   53.14,   61.81,   64.74,   57.38
02/07/2013 17:00:00,   57.56,   59.77,   54.06,   61.63,   63.86,   57.62
02/07/2013 17:05:00,   57.30,   59.12,   53.77,   61.64,   64.03,   58.14
02/07/2013 17:10:00,   56.79,   59.07,   53.13,   62.17,   64.06,   58.62
02/07/2013 17:15:00,   57.70,   60.02,   52.87,   61.18,   63.78,   56.94
02/07/2013 17:20:00,   57.98,   60.19,   54.86,   61.67,   63.76,   58.06
02/07/2013 17:25:00,   57.00,   59.92,   52.03,   61.46,   64.31,   55.96
02/07/2013 17:30:00,   57.86,   60.07,   54.06,   60.83,   62.96,   57.54
02/07/2013 17:35:00,   57.86,   60.09,   54.29,   61.75,   63.65,   58.62
02/07/2013 17:40:00,   58.45,   61.29,   54.18,   62.08,   64.99,   58.20
02/07/2013 17:45:00,   57.09,   59.09,   53.06,   60.66,   62.49,   57.33
02/07/2013 17:50:00,   57.20,   59.36,   53.28,   60.69,   63.05,   57.25
02/07/2013 17:55:00,   58.89,   61.66,   54.90,   63.29,   67.27,   59.15
02/07/2013 18:00:00,   57.67,   61.08,   51.90,   60.77,   63.48,   55.86
02/07/2013 18:05:00,   58.62,   60.60,   54.56,   62.29,   64.67,   58.37
02/07/2013 18:10:00,   57.61,   60.21,   52.36,   60.64,   63.01,   56.74
02/07/2013 18:15:00,   56.82,   59.41,   51.46,   61.19,   64.15,   56.13
02/07/2013 18:20:00,   57.60,   60.74,   51.58,   61.34,   64.29,   55.62
02/07/2013 18:25:00,   56.86,   59.74,   52.57,   60.57,   62.93,   56.56
02/07/2013 18:30:00,   57.36,   60.57,   51.71,   60.48,   63.26,   55.55
02/07/2013 18:35:00,   56.39,   59.28,   51.90,   60.07,   62.67,   57.02
02/07/2013 18:40:00,   57.22,   60.11,   53.25,   61.16,   63.86,   56.84
02/07/2013 18:45:00,   56.02,   59.23,   50.62,   59.51,   62.38,   54.98
02/07/2013 18:50:00,   57.24,   59.64,   53.70,   60.74,   63.98,   56.84
02/07/2013 18:55:00,   56.97,   58.99,   53.56,   61.41,   64.40,   57.02
02/07/2013 19:00:00,   56.36,   58.74,   52.54,   59.66,   62.01,   55.83
02/07/2013 19:05:00,   57.38,   60.34,   53.17,   60.51,   62.64,   56.83
02/07/2013 19:10:00,   56.99,   59.30,   52.44,   60.35,   62.93,   56.01
02/07/2013 19:15:00,   58.09,   60.72,   54.08,   60.78,   63.24,   57.35
02/07/2013 19:20:00,   57.29,   59.67,   53.01,   59.65,   62.37,   56.28
02/07/2013 19:25:00,   57.49,   60.50,   51.34,   59.57,   62.08,   55.14
02/07/2013 19:30:00,   56.79,   59.54,   52.50,   60.04,   62.52,   55.90
02/07/2013 19:35:00,   60.57,   68.24,   53.00,   64.13,   72.57,   56.91
02/07/2013 19:40:00,   57.57,   60.03,   52.59,   60.75,   63.69,   56.32
02/07/2013 19:45:00,   57.45,   60.42,   53.71,   60.35,   62.87,   56.39
02/07/2013 19:50:00,   57.04,   59.63,   53.32,   60.47,   62.93,   56.59
02/07/2013 19:55:00,   58.05,   60.62,   53.49,   60.47,   63.35,   56.61
02/07/2013 20:00:00,   56.82,   59.20,   52.60,   59.91,   62.11,   56.42
02/07/2013 20:05:00,   57.57,   60.16,   54.33,   60.28,   62.54,   57.08
02/07/2013 20:10:00,   57.58,   60.25,   53.00,   60.57,   63.15,   55.81
02/07/2013 20:15:00,   57.32,   59.75,   53.22,   60.02,   62.03,   57.12
02/07/2013 20:20:00,   56.75,   59.17,   53.09,   59.67,   61.84,   55.79
02/07/2013 20:25:00,   57.10,   60.38,   53.16,   60.55,   64.28,   55.93
02/07/2013 20:30:00,   56.81,   59.79,   52.62,   60.42,   63.53,   56.15
02/07/2013 20:35:00,   56.75,   59.45,   52.21,   60.31,   63.84,   55.30
02/07/2013 20:40:00,   56.50,   59.22,   51.72,   60.84,   64.83,   55.19
02/07/2013 20:45:00,   56.51,   59.38,   53.05,   59.24,   61.85,   56.16
02/07/2013 20:50:00,   56.06,   59.63,   50.60,   59.32,   63.36,   53.53
02/07/2013 20:55:00,   55.75,   59.16,   50.00,   59.09,   63.04,   53.42
02/07/2013 21:00:00,   55.81,   58.65,   51.99,   59.31,   61.72,   54.74
02/07/2013 21:05:00,   56.81,   59.62,   51.22,   59.49,   61.80,   55.40
02/07/2013 21:10:00,   56.44,   59.25,   52.33,   60.29,   63.30,   55.69
02/07/2013 21:15:00,   55.92,   59.27,   50.92,   59.01,   62.34,   54.27
02/07/2013 21:20:00,   56.45,   59.44,   52.03,   59.87,   63.36,   55.23
02/07/2013 21:25:00,   56.08,   58.94,   51.51,   59.30,   61.77,   55.26
02/07/2013 21:30:00,   55.12,   58.43,   50.10,   57.74,   60.71,   52.73
02/07/2013 21:35:00,   57.31,   59.53,   53.53,   60.19,   62.55,   56.22
02/07/2013 21:40:00,   56.07,   59.58,   51.57,   58.76,   62.16,   54.49
02/07/2013 21:45:00,   54.44,   57.28,   50.95,   57.70,   60.34,   54.10
02/07/2013 21:50:00,   55.66,   58.40,   51.67,   59.32,   62.40,   54.56
02/07/2013 21:55:00,   56.04,   59.10,   51.87,   58.41,   60.74,   54.64
02/07/2013 22:00:00,   57.20,   59.84,   51.57,   60.62,   63.64,   55.41
02/07/2013 22:05:00,   54.96,   58.33,   50.59,   57.91,   60.98,   53.40
02/07/2013 22:10:00,   54.78,   58.96,   48.20,   58.17,   61.82,   52.05
02/07/2013 22:15:00,   55.28,   58.55,   50.66,   57.99,   61.26,   53.58
02/07/2013 22:20:00,   55.90,   58.80,   51.04,   58.08,   60.64,   53.98
02/07/2013 22:25:00,   54.67,   58.34,   49.39,   57.41,   60.65,   52.65
02/07/2013 22:30:00,   54.60,   58.38,   50.08,   57.26,   60.67,   53.15
02/07/2013 22:35:00,   55.46,   58.82,   49.91,   57.79,   61.67,   52.58
02/07/2013 22:40:00,   55.12,   58.36,   50.69,   57.93,   60.59,   53.06
02/07/2013 22:45:00,   54.78,   57.57,   50.96,   57.52,   59.75,   53.42
02/07/2013 22:50:00,   56.02,   59.41,   49.59,   58.55,   61.81,   52.54
02/07/2013 22:55:00,   54.10,   57.69,   49.18,   56.77,   59.83,   52.22
02/07/2013 23:00:00,   56.02,   59.27,   51.48,   59.44,   62.27,   54.48
02/07/2013 23:05:00,   55.75,   58.35,   51.82,   58.70,   62.18,   54.36
02/07/2013 23:10:00,   55.27,   58.74,   50.59,   58.61,   61.82,   53.38
02/07/2013 23:15:00,   55.67,   60.26,   50.43,   57.95,   62.01,   52.80
02/07/2013 23:20:00,   53.13,   56.96,   48.21,   56.10,   59.18,   51.26
02/07/2013 23:25:00,   54.72,   58.82,   49.19,   57.28,   61.11,   51.56
02/07/2013 23:30:00,   53.32,   58.24,   47.37,   56.47,   60.91,   50.16
02/07/2013 23:35:00,   53.48,   57.13,   48.26,   55.87,   59.66,   50.98
02/07/2013 23:40:00,   53.17,   56.56,   48.33,   55.68,   58.56,   51.27
02/07/2013 23:45:00,   53.32,   56.60,   48.25,   55.47,   58.14,   51.69
02/07/2013 23:50:00,   54.43,   58.21,   49.74,   57.80,   61.60,   53.02
02/07/2013 23:55:00,   53.15,   57.71,   47.56,   55.88,   60.10,   51.20

