# noise_analysis run from DCC-NOISE-001003 at Mon Aug 19 00:00:00 2013
# Monitoring unit located at 53.342609N 6.340721W
# logfile   = /home/root/noise_analysis.log
# cfg_dir   = /home/root/config
# outputdir = /home/root/noise
# Sensitivity = -26.271103
# Gain = 1.000000
# Time should be in local format (i.e. daylight savings time)
# dd/mm/yyyy hh:mm:ss, A Leq,   A L10,   A L95,   C Leq,   C L10,   C L95
19/08/2013 00:05:00,   51.86,   56.24,   45.19,   54.50,   58.39,   49.05
19/08/2013 00:10:00,   50.71,   56.12,   42.41,   52.96,   57.96,   46.46
19/08/2013 00:15:00,   51.63,   56.41,   45.52,   53.97,   57.85,   49.30
19/08/2013 00:20:00,   52.32,   58.06,   44.92,   54.60,   59.80,   48.52
19/08/2013 00:25:00,   50.32,   56.65,   42.56,   52.40,   57.83,   46.43
19/08/2013 00:30:00,   50.40,   56.18,   43.21,   53.06,   57.80,   46.77
19/08/2013 00:35:00,   50.51,   56.74,   42.80,   52.87,   58.33,   46.22
19/08/2013 00:40:00,   48.31,   54.34,   41.95,   50.89,   56.30,   45.86
19/08/2013 00:45:00,   48.97,   55.37,   41.31,   51.74,   57.10,   45.61
19/08/2013 00:50:00,   49.98,   55.56,   41.01,   52.61,   57.56,   45.55
19/08/2013 00:55:00,   49.48,   55.48,   41.43,   52.48,   57.88,   45.94
19/08/2013 01:00:00,   47.61,   53.79,   40.25,   50.03,   55.29,   44.32
19/08/2013 01:05:00,   47.56,   53.04,   40.72,   50.50,   54.87,   44.81
19/08/2013 01:10:00,   50.23,   55.86,   41.24,   52.29,   57.72,   44.90
19/08/2013 01:15:00,   45.96,   50.25,   38.88,   48.93,   53.65,   43.64
19/08/2013 01:20:00,   48.07,   54.59,   39.91,   50.60,   56.29,   44.67
19/08/2013 01:25:00,   49.51,   55.92,   40.98,   51.55,   57.59,   44.71
19/08/2013 01:30:00,   45.57,   51.83,   38.53,   48.66,   54.03,   43.04
19/08/2013 01:35:00,   46.33,   51.85,   38.74,   49.04,   54.21,   43.48
19/08/2013 01:40:00,   47.72,   54.01,   38.99,   49.89,   54.50,   43.81
19/08/2013 01:45:00,   47.11,   53.50,   40.59,   49.55,   55.09,   44.56
19/08/2013 01:50:00,   44.14,   46.47,   39.35,   47.75,   49.65,   43.92
19/08/2013 01:55:00,   45.53,   49.91,   39.16,   48.92,   53.52,   43.71
19/08/2013 02:00:00,   45.02,   49.94,   38.24,   47.94,   52.44,   43.50
19/08/2013 02:05:00,   50.41,   56.12,   41.49,   54.88,   61.14,   45.64
19/08/2013 02:10:00,   45.51,   51.29,   38.73,   48.09,   52.85,   43.09
19/08/2013 02:15:00,   46.84,   53.26,   39.82,   49.29,   54.54,   44.02
19/08/2013 02:20:00,   43.46,   48.60,   39.09,   46.82,   50.57,   43.37
19/08/2013 02:25:00,   47.62,   53.78,   40.48,   50.05,   55.25,   44.26
19/08/2013 02:30:00,   43.74,   45.57,   40.74,   47.22,   48.99,   44.79
19/08/2013 02:35:00,   46.64,   51.38,   40.90,   50.22,   55.32,   45.00
19/08/2013 02:40:00,   46.40,   52.01,   40.24,   49.87,   54.73,   44.36
19/08/2013 02:45:00,   48.99,   54.91,   41.65,   51.64,   57.05,   46.15
19/08/2013 02:50:00,   47.63,   52.79,   41.58,   50.41,   54.36,   45.29
19/08/2013 02:55:00,   50.64,   57.46,   42.85,   53.53,   59.62,   47.00
19/08/2013 03:00:00,   47.41,   53.16,   42.47,   50.45,   55.14,   46.74
19/08/2013 03:05:00,   47.58,   52.60,   42.01,   50.99,   55.65,   46.27
19/08/2013 03:10:00,   47.98,   52.60,   41.54,   50.88,   54.63,   46.30
19/08/2013 03:15:00,   46.29,   48.37,   42.73,   50.28,   52.61,   46.59
19/08/2013 03:20:00,   47.47,   51.79,   42.75,   50.89,   53.93,   46.97
19/08/2013 03:25:00,   48.78,   54.52,   43.26,   51.80,   56.21,   47.55
19/08/2013 03:30:00,   48.86,   54.32,   44.54,   51.63,   56.22,   48.14
19/08/2013 03:35:00,   45.61,   48.07,   43.38,   48.82,   50.65,   46.88
19/08/2013 03:40:00,   48.33,   52.49,   44.56,   51.17,   54.59,   48.29
19/08/2013 03:45:00,   48.28,   52.64,   44.71,   52.16,   56.26,   48.71
19/08/2013 03:50:00,   48.00,   51.44,   44.72,   51.70,   54.96,   48.38
19/08/2013 03:55:00,   47.84,   50.20,   45.19,   51.53,   53.79,   49.05
19/08/2013 04:00:00,   49.20,   53.33,   45.26,   53.08,   57.34,   49.09
19/08/2013 04:05:00,   47.16,   49.54,   44.41,   50.19,   52.22,   47.86
19/08/2013 04:10:00,   48.52,   51.66,   45.03,   51.37,   53.92,   48.96
19/08/2013 04:15:00,   46.21,   47.61,   43.96,   49.85,   50.91,   48.10
19/08/2013 04:20:00,   50.41,   54.83,   45.66,   53.80,   57.09,   49.93
19/08/2013 04:25:00,   49.77,   55.17,   44.89,   53.16,   58.28,   48.71
19/08/2013 04:30:00,   49.34,   53.76,   44.19,   52.10,   55.26,   47.84
19/08/2013 04:35:00,   48.31,   52.46,   44.75,   51.38,   55.38,   48.03
19/08/2013 04:40:00,   50.94,   55.62,   45.61,   54.07,   58.15,   48.90
19/08/2013 04:45:00,   50.78,   55.57,   46.12,   53.24,   57.22,   49.59
19/08/2013 04:50:00,   53.44,   58.30,   47.53,   57.24,   63.02,   50.93
19/08/2013 04:55:00,   50.38,   54.31,   46.73,   53.46,   57.22,   50.24
19/08/2013 05:00:00,   50.67,   55.27,   46.32,   53.56,   56.90,   50.03
19/08/2013 05:05:00,   51.77,   57.07,   46.86,   54.80,   58.96,   50.67
19/08/2013 05:10:00,   55.02,   60.37,   48.22,   57.83,   62.54,   51.81
19/08/2013 05:15:00,   51.27,   55.72,   46.63,   54.55,   58.71,   50.23
19/08/2013 05:20:00,   51.96,   55.55,   47.34,   54.70,   58.03,   50.96
19/08/2013 05:25:00,   52.42,   56.35,   48.11,   55.09,   58.26,   51.47
19/08/2013 05:30:00,   54.37,   58.30,   49.77,   57.05,   60.49,   53.19
19/08/2013 05:35:00,   52.68,   55.46,   49.52,   56.34,   59.24,   53.23
19/08/2013 05:40:00,   54.71,   58.62,   49.95,   59.35,   64.14,   53.42
19/08/2013 05:45:00,   53.93,   57.69,   49.53,   56.60,   59.67,   53.13
19/08/2013 05:50:00,   55.68,   59.32,   51.11,   59.96,   65.08,   54.40
19/08/2013 05:55:00,   57.69,   60.20,   51.28,   63.05,   66.23,   54.98
19/08/2013 06:00:00,   57.79,   61.75,   52.33,   62.50,   66.65,   56.83
19/08/2013 06:05:00,   56.53,   61.41,   51.37,   60.43,   65.79,   54.99
19/08/2013 06:10:00,   57.12,   60.47,   52.60,   60.57,   64.12,   56.41
19/08/2013 06:15:00,   57.47,   61.08,   52.35,   60.96,   64.36,   56.24
19/08/2013 06:20:00,   56.00,   59.17,   52.16,   59.04,   61.81,   55.48
19/08/2013 06:25:00,   57.82,   60.45,   53.86,   62.33,   66.17,   57.93
19/08/2013 06:30:00,   57.34,   59.94,   54.10,   61.92,   64.37,   58.92
19/08/2013 06:35:00,   57.59,   60.44,   54.23,   61.70,   63.78,   58.69
19/08/2013 06:40:00,   57.46,   60.53,   53.68,   61.62,   64.23,   58.44
19/08/2013 06:45:00,   57.72,   60.79,   53.60,   62.12,   65.11,   58.15
19/08/2013 06:50:00,   57.49,   60.40,   53.46,   61.39,   63.76,   58.29
19/08/2013 06:55:00,   57.99,   61.46,   52.79,   62.98,   67.40,   57.87
19/08/2013 07:00:00,   57.30,   59.68,   53.61,   62.04,   64.31,   58.66
19/08/2013 07:05:00,   58.93,   62.81,   54.49,   63.04,   67.05,   59.08
19/08/2013 07:10:00,   59.07,   61.67,   55.48,   63.58,   66.30,   60.36
19/08/2013 07:15:00,   58.71,   61.96,   54.50,   62.85,   66.64,   58.81
19/08/2013 07:20:00,   59.55,   61.69,   56.09,   63.95,   66.04,   60.33
19/08/2013 07:25:00,   56.99,   60.18,   53.17,   62.48,   66.54,   58.51
19/08/2013 07:30:00,   56.61,   58.87,   53.42,   60.77,   62.80,   57.62
19/08/2013 07:35:00,   57.87,   61.75,   52.67,   61.12,   64.76,   56.48
19/08/2013 07:40:00,   58.54,   60.57,   56.22,   63.42,   65.17,   60.94
19/08/2013 07:45:00,   58.69,   61.13,   55.58,   63.70,   65.93,   59.71
19/08/2013 07:50:00,   58.44,   60.99,   53.82,   62.62,   64.75,   57.65
19/08/2013 07:55:00,   58.19,   60.47,   55.40,   62.81,   64.63,   60.36
19/08/2013 08:00:00,   57.65,   60.59,   54.06,   61.78,   64.13,   58.77
19/08/2013 08:05:00,   58.75,   60.82,   54.71,   62.72,   65.01,   58.58
19/08/2013 08:10:00,   58.39,   61.01,   54.65,   62.64,   65.18,   59.41
19/08/2013 08:15:00,   60.98,   67.27,   55.11,   63.94,   67.70,   59.85
19/08/2013 08:20:00,   59.13,   61.09,   55.20,   62.87,   65.65,   60.20
19/08/2013 08:25:00,   60.02,   62.45,   55.94,   64.08,   67.32,   60.56
19/08/2013 08:30:00,   60.44,   62.67,   56.66,   64.29,   67.22,   61.49
19/08/2013 08:35:00,   56.74,   59.44,   52.13,   60.90,   63.09,   57.53
19/08/2013 08:40:00,   56.51,   59.56,   52.75,   61.04,   63.67,   58.10
19/08/2013 08:45:00,   56.43,   59.18,   52.73,   61.27,   63.45,   58.29
19/08/2013 08:50:00,   55.97,   59.54,   51.56,   60.65,   63.34,   56.90
19/08/2013 08:55:00,   58.91,   61.83,   52.78,   61.55,   64.23,   56.72
19/08/2013 09:00:00,   59.79,   63.92,   52.83,   63.12,   67.20,   56.43
19/08/2013 09:05:00,   60.38,   63.81,   52.76,   63.03,   67.47,   56.94
19/08/2013 09:10:00,   59.19,   60.74,   56.94,   65.02,   66.59,   62.72
19/08/2013 09:15:00,   60.92,   66.14,   55.68,   65.11,   67.97,   61.42
19/08/2013 09:20:00,   59.82,   63.21,   54.74,   64.69,   68.09,   60.71
19/08/2013 09:25:00,   58.76,   61.23,   54.98,   62.35,   64.74,   59.51
19/08/2013 09:30:00,   60.46,   64.57,   55.15,   64.02,   67.34,   59.84
19/08/2013 09:35:00,   62.22,   66.25,   56.77,   65.29,   68.42,   61.10
19/08/2013 09:40:00,   59.81,   62.39,   56.81,   64.08,   65.78,   61.75
19/08/2013 09:45:00,   59.55,   62.90,   55.12,   63.07,   65.82,   60.03
19/08/2013 09:50:00,   60.25,   65.60,   53.85,   64.45,   69.26,   57.49
19/08/2013 09:55:00,   63.26,   69.79,   54.23,   66.01,   71.11,   57.77
19/08/2013 10:00:00,   61.85,   68.10,   54.02,   64.63,   69.67,   58.86
19/08/2013 10:05:00,   55.97,   58.39,   52.51,   59.96,   62.79,   56.34
19/08/2013 10:10:00,   57.79,   59.72,   54.13,   62.55,   64.78,   58.67
19/08/2013 10:15:00,   57.64,   59.83,   54.74,   62.64,   64.96,   59.97
19/08/2013 10:20:00,   58.10,   60.17,   55.39,   62.85,   64.62,   60.16
19/08/2013 10:25:00,   58.43,   60.82,   55.26,   62.45,   65.75,   58.15
19/08/2013 10:30:00,   57.60,   59.61,   54.77,   62.09,   64.30,   59.14
19/08/2013 10:35:00,   57.54,   59.74,   54.57,   62.61,   64.28,   60.21
19/08/2013 10:40:00,   58.99,   61.31,   55.07,   63.66,   66.19,   60.44
19/08/2013 10:45:00,   59.25,   62.61,   55.03,   64.33,   68.24,   60.70
19/08/2013 10:50:00,   58.31,   60.76,   54.54,   63.30,   66.15,   60.17
19/08/2013 10:55:00,   58.77,   60.96,   54.97,   64.02,   66.87,   61.00
19/08/2013 11:00:00,   58.00,   60.16,   54.63,   63.68,   65.25,   60.89
19/08/2013 11:05:00,   57.82,   60.23,   53.16,   62.90,   66.68,   58.61
19/08/2013 11:10:00,   56.90,   59.36,   53.44,   61.93,   63.84,   59.48
19/08/2013 11:15:00,   57.17,   59.94,   53.52,   62.84,   65.61,   59.10
19/08/2013 11:20:00,   57.04,   59.40,   52.11,   61.87,   64.56,   56.97
19/08/2013 11:25:00,   57.03,   59.53,   53.06,   61.49,   63.62,   57.67
19/08/2013 11:30:00,   56.65,   58.62,   54.05,   61.54,   63.99,   58.39
19/08/2013 11:35:00,   56.95,   59.38,   53.48,   62.79,   64.90,   60.03
19/08/2013 11:40:00,   57.22,   59.41,   52.66,   62.69,   65.49,   58.24
19/08/2013 11:45:00,   56.24,   58.54,   52.94,   61.01,   63.14,   58.19
19/08/2013 11:50:00,   55.90,   58.82,   52.15,   60.76,   63.07,   57.37
19/08/2013 11:55:00,   56.03,   58.53,   52.01,   60.72,   62.87,   56.07
19/08/2013 12:00:00,   56.47,   58.71,   53.10,   61.52,   64.43,   58.00
19/08/2013 12:05:00,   57.32,   59.34,   51.96,   61.68,   64.13,   57.23
19/08/2013 12:10:00,   55.68,   58.51,   51.16,   59.69,   62.44,   55.58
19/08/2013 12:15:00,   56.14,   58.99,   53.00,   60.73,   63.35,   56.89
19/08/2013 12:20:00,   55.44,   57.85,   51.20,   61.32,   64.67,   56.18
19/08/2013 12:25:00,   55.05,   57.75,   51.14,   60.17,   63.21,   55.82
19/08/2013 12:30:00,   56.47,   58.76,   53.19,   61.69,   63.55,   57.39
19/08/2013 12:35:00,   56.19,   58.74,   51.68,   62.23,   66.04,   57.60
19/08/2013 12:40:00,   57.39,   59.89,   53.27,   61.66,   64.29,   57.48
19/08/2013 12:45:00,   56.03,   58.33,   52.44,   61.28,   63.87,   57.24
19/08/2013 12:50:00,   58.13,   60.13,   53.73,   63.38,   65.74,   58.16
19/08/2013 12:55:00,   59.19,   62.73,   54.73,   62.87,   65.46,   59.22
19/08/2013 13:00:00,   58.48,   61.91,   53.98,   62.92,   65.13,   59.45
19/08/2013 13:05:00,   56.07,   58.70,   52.36,   61.08,   63.54,   57.25
19/08/2013 13:10:00,   56.18,   58.59,   51.54,   60.67,   63.25,   56.69
19/08/2013 13:15:00,   56.11,   58.83,   50.33,   60.23,   63.07,   54.72
19/08/2013 13:20:00,   56.56,   59.23,   52.24,   61.00,   64.34,   56.97
19/08/2013 13:25:00,   56.95,   59.80,   51.58,   61.90,   65.66,   55.63
19/08/2013 13:30:00,   55.64,   57.98,   52.08,   60.91,   63.37,   57.28
19/08/2013 13:35:00,   55.27,   57.72,   50.19,   60.23,   62.90,   54.60
19/08/2013 13:40:00,   55.62,   58.05,   51.94,   60.61,   63.12,   57.16
19/08/2013 13:45:00,   54.67,   57.08,   51.11,   60.89,   64.30,   56.72
19/08/2013 13:50:00,   54.93,   57.96,   50.06,   60.08,   62.87,   55.09
19/08/2013 13:55:00,   55.66,   58.71,   51.06,   60.13,   62.74,   55.51
19/08/2013 14:00:00,   56.20,   58.39,   52.99,   61.67,   64.80,   57.11
19/08/2013 14:05:00,   58.61,   62.17,   53.39,   63.83,   67.68,   57.64
19/08/2013 14:10:00,   55.64,   58.21,   51.62,   59.09,   61.15,   55.26
19/08/2013 14:15:00,   55.01,   57.63,   51.66,   59.22,   61.69,   55.48
19/08/2013 14:20:00,   55.87,   58.63,   51.65,   60.49,   63.14,   57.18
19/08/2013 14:25:00,   54.77,   57.96,   49.84,   58.81,   61.39,   53.66
19/08/2013 14:30:00,   54.31,   57.28,   49.39,   59.04,   62.28,   54.88
19/08/2013 14:35:00,   54.88,   57.82,   49.96,   59.15,   62.11,   54.86
19/08/2013 14:40:00,   55.00,   57.64,   50.03,   59.27,   61.88,   54.85
19/08/2013 14:45:00,   57.20,   59.41,   51.41,   61.59,   65.33,   56.09
19/08/2013 14:50:00,   56.18,   58.68,   51.91,   60.31,   62.32,   56.24
19/08/2013 14:55:00,   56.01,   58.38,   52.89,   60.61,   63.55,   56.93
19/08/2013 15:00:00,   55.45,   58.16,   51.71,   60.18,   62.57,   56.28
19/08/2013 15:05:00,   56.63,   58.75,   52.68,   61.42,   63.54,   58.38
19/08/2013 15:10:00,   56.17,   58.59,   52.32,   60.77,   63.05,   57.51
19/08/2013 15:15:00,   55.69,   57.70,   52.07,   61.14,   63.99,   56.86
19/08/2013 15:20:00,   57.20,   59.39,   53.57,   62.72,   65.00,   59.16
19/08/2013 15:25:00,   56.35,   58.98,   52.88,   62.35,   64.14,   60.14
19/08/2013 15:30:00,   57.42,   60.40,   52.46,   61.96,   64.80,   57.18
19/08/2013 15:35:00,   56.36,   58.54,   52.45,   60.26,   62.95,   55.68
19/08/2013 15:40:00,   56.17,   58.58,   51.25,   61.09,   63.78,   55.14
19/08/2013 15:45:00,   55.78,   57.95,   52.28,   59.79,   61.94,   56.78
19/08/2013 15:50:00,   57.22,   59.66,   53.18,   60.95,   64.18,   56.48
19/08/2013 15:55:00,   56.19,   59.79,   50.96,   60.71,   64.45,   55.67
19/08/2013 16:00:00,   55.36,   57.96,   51.90,   59.83,   61.88,   56.30
19/08/2013 16:05:00,   54.71,   57.26,   51.58,   59.26,   61.86,   55.58
19/08/2013 16:10:00,   56.45,   59.13,   52.24,   60.52,   62.96,   56.18
19/08/2013 16:15:00,   56.60,   58.94,   52.11,   60.36,   62.69,   55.60
19/08/2013 16:20:00,   55.54,   58.65,   51.61,   60.61,   63.20,   56.59
19/08/2013 16:25:00,   55.72,   58.50,   51.95,   60.72,   64.16,   56.38
19/08/2013 16:30:00,   56.01,   58.43,   52.34,   59.83,   62.16,   56.83
19/08/2013 16:35:00,   55.02,   56.87,   52.41,   60.41,   62.59,   57.43
19/08/2013 16:40:00,   56.00,   58.02,   52.52,   60.49,   62.88,   57.14
19/08/2013 16:45:00,   56.93,   60.02,   52.36,   61.35,   64.15,   56.90
19/08/2013 16:50:00,   56.11,   58.91,   51.05,   59.64,   62.17,   54.97
19/08/2013 16:55:00,   56.33,   58.75,   52.63,   61.02,   63.37,   56.88
19/08/2013 17:00:00,   56.22,   58.80,   51.95,   61.24,   64.22,   56.01
19/08/2013 17:05:00,   55.92,   58.93,   51.49,   59.95,   63.17,   55.68
19/08/2013 17:10:00,   57.02,   59.61,   52.04,   62.07,   64.08,   56.18
19/08/2013 17:15:00,   56.81,   59.34,   51.27,   60.65,   63.40,   55.22
19/08/2013 17:20:00,   55.88,   58.70,   52.30,   59.99,   62.73,   56.07
19/08/2013 17:25:00,   56.68,   59.30,   53.54,   60.06,   62.09,   57.25
19/08/2013 17:30:00,   56.78,   58.99,   53.19,   60.72,   64.24,   56.26
19/08/2013 17:35:00,   56.75,   58.93,   52.59,   60.32,   62.84,   56.44
19/08/2013 17:40:00,   56.32,   58.70,   52.29,   60.15,   63.02,   56.20
19/08/2013 17:45:00,   55.83,   58.21,   52.27,   60.37,   62.81,   56.49
19/08/2013 17:50:00,   55.69,   58.45,   51.86,   59.41,   61.87,   55.56
19/08/2013 17:55:00,   56.21,   59.16,   52.02,   59.95,   62.26,   55.34
19/08/2013 18:00:00,   55.72,   58.40,   51.94,   59.90,   62.70,   55.55
19/08/2013 18:05:00,   56.73,   59.15,   52.89,   59.97,   62.31,   56.44
19/08/2013 18:10:00,   55.05,   57.50,   50.81,   59.32,   61.62,   54.72
19/08/2013 18:15:00,   55.05,   58.65,   51.47,   59.79,   62.99,   55.87
19/08/2013 18:20:00,   56.28,   58.84,   52.48,   60.78,   63.44,   57.01
19/08/2013 18:25:00,   56.91,   60.13,   50.65,   60.99,   63.84,   53.85
19/08/2013 18:30:00,   55.80,   58.36,   51.81,   59.31,   61.96,   54.97
19/08/2013 18:35:00,   55.36,   57.59,   52.11,   58.63,   60.44,   55.42
19/08/2013 18:40:00,   56.61,   58.84,   53.21,   60.70,   63.93,   56.41
19/08/2013 18:45:00,   56.42,   59.56,   51.58,   60.79,   63.46,   55.98
19/08/2013 18:50:00,   56.14,   59.06,   52.38,   59.65,   61.96,   55.68
19/08/2013 18:55:00,   56.67,   59.13,   53.04,   61.12,   63.50,   57.35
19/08/2013 19:00:00,   54.85,   57.86,   50.35,   58.59,   61.30,   54.30
19/08/2013 19:05:00,   55.87,   58.84,   50.92,   59.98,   63.27,   54.85
19/08/2013 19:10:00,   55.77,   58.51,   51.68,   59.39,   61.74,   56.04
19/08/2013 19:15:00,   54.86,   58.04,   50.64,   58.23,   60.96,   54.17
19/08/2013 19:20:00,   55.95,   58.71,   52.26,   60.79,   64.76,   55.70
19/08/2013 19:25:00,   56.87,   59.80,   52.24,   59.80,   62.59,   55.86
19/08/2013 19:30:00,   59.28,   61.75,   51.19,   61.25,   63.45,   54.82
19/08/2013 19:35:00,   57.61,   60.46,   53.16,   61.76,   65.00,   56.51
19/08/2013 19:40:00,   56.51,   58.92,   52.16,   60.23,   63.42,   55.58
19/08/2013 19:45:00,   57.07,   60.46,   52.01,   59.76,   62.41,   54.69
19/08/2013 19:50:00,   55.89,   58.89,   50.31,   60.56,   64.19,   54.19
19/08/2013 19:55:00,   56.90,   59.50,   51.62,   61.17,   63.39,   55.57
19/08/2013 20:00:00,   57.33,   59.63,   53.24,   60.70,   63.67,   56.53
19/08/2013 20:05:00,   56.01,   59.40,   51.71,   60.15,   63.34,   55.39
19/08/2013 20:10:00,   54.81,   57.80,   51.44,   59.79,   63.68,   55.11
19/08/2013 20:15:00,   55.49,   58.38,   51.43,   60.54,   63.42,   55.42
19/08/2013 20:20:00,   54.94,   57.88,   50.90,   58.59,   61.58,   54.52
19/08/2013 20:25:00,   55.20,   58.98,   49.62,   59.10,   63.73,   52.82
19/08/2013 20:30:00,   55.53,   58.45,   51.32,   58.60,   60.87,   55.06
19/08/2013 20:35:00,   55.59,   58.72,   50.67,   59.07,   61.74,   54.49
19/08/2013 20:40:00,   55.84,   59.24,   49.77,   59.88,   63.30,   53.14
19/08/2013 20:45:00,   54.91,   58.08,   50.78,   58.13,   60.96,   54.20
19/08/2013 20:50:00,   54.47,   57.99,   49.53,   57.50,   60.97,   53.12
19/08/2013 20:55:00,   54.44,   57.42,   50.60,   57.50,   59.94,   54.01
19/08/2013 21:00:00,   53.67,   56.96,   49.08,   57.02,   60.05,   52.65
19/08/2013 21:05:00,   54.01,   57.02,   50.24,   57.73,   60.04,   54.33
19/08/2013 21:10:00,   55.14,   58.51,   49.68,   58.59,   61.06,   53.39
19/08/2013 21:15:00,   54.97,   57.94,   50.57,   58.68,   61.26,   54.07
19/08/2013 21:20:00,   53.87,   57.33,   49.30,   56.95,   60.11,   52.95
19/08/2013 21:25:00,   54.63,   58.38,   50.05,   58.86,   62.47,   54.25
19/08/2013 21:30:00,   54.50,   57.82,   50.18,   57.58,   60.57,   53.41
19/08/2013 21:35:00,   54.71,   58.93,   49.45,   58.50,   62.28,   53.18
19/08/2013 21:40:00,   53.36,   58.04,   48.47,   56.46,   60.26,   52.36
19/08/2013 21:45:00,   54.21,   58.13,   48.60,   56.96,   60.56,   51.95
19/08/2013 21:50:00,   54.42,   57.98,   48.62,   57.76,   61.69,   51.87
19/08/2013 21:55:00,   52.37,   55.43,   47.65,   55.24,   58.38,   51.42
19/08/2013 22:00:00,   54.56,   58.75,   48.58,   58.03,   61.23,   52.17
19/08/2013 22:05:00,   51.87,   56.30,   46.20,   54.90,   58.58,   49.79
19/08/2013 22:10:00,   53.84,   57.68,   48.72,   57.03,   60.46,   52.25
19/08/2013 22:15:00,   53.57,   57.55,   47.27,   56.72,   60.03,   50.98
19/08/2013 22:20:00,   53.40,   56.86,   48.32,   58.24,   61.11,   52.12
19/08/2013 22:25:00,   51.08,   55.28,   46.01,   54.21,   57.48,   50.02
19/08/2013 22:30:00,   52.06,   55.91,   46.58,   54.91,   58.41,   50.46
19/08/2013 22:35:00,   51.30,   55.74,   46.40,   55.06,   58.65,   50.17
19/08/2013 22:40:00,   52.86,   56.85,   46.71,   56.27,   60.04,   50.20
19/08/2013 22:45:00,   52.75,   57.06,   46.94,   55.69,   59.44,   50.90
19/08/2013 22:50:00,   51.07,   54.63,   46.17,   54.10,   57.42,   50.27
19/08/2013 22:55:00,   50.68,   55.10,   45.54,   53.59,   57.65,   49.66
19/08/2013 23:00:00,   53.08,   57.40,   46.65,   56.34,   59.23,   51.02
19/08/2013 23:05:00,   50.08,   53.50,   45.91,   53.07,   55.52,   49.85
19/08/2013 23:10:00,   51.40,   56.31,   45.16,   54.03,   58.31,   49.07
19/08/2013 23:15:00,   51.22,   55.81,   45.08,   53.64,   57.26,   48.60
19/08/2013 23:20:00,   52.22,   56.91,   46.95,   56.28,   59.84,   50.52
19/08/2013 23:25:00,   51.91,   56.50,   45.92,   54.89,   59.09,   49.75
19/08/2013 23:30:00,   53.14,   57.34,   45.70,   57.01,   60.48,   49.72
19/08/2013 23:35:00,   52.88,   57.98,   44.95,   55.75,   60.42,   48.95
19/08/2013 23:40:00,   51.16,   55.31,   45.03,   53.78,   57.71,   48.61
19/08/2013 23:45:00,   53.62,   58.30,   44.75,   57.15,   61.68,   48.45
19/08/2013 23:50:00,   51.83,   57.90,   44.27,   55.65,   61.42,   48.67
20/08/2013 00:52:00,   50.23,   55.11,   44.33,   53.32,   57.67,   48.44

