# noise_analysis run from DCC-NOISE-001003 at Tue Dec  3 00:00:00 2013
# Monitoring unit located at 53.342609N 6.340721W
# logfile   = /home/root/noise_analysis.log
# cfg_dir   = /home/root/config
# outputdir = /home/root/noise
# Sensitivity = -26.271103
# Gain = 1.000000
# Time should be in local format (i.e. daylight savings time)
# dd/mm/yyyy hh:mm:ss, A Leq,   A L10,   A L95,   C Leq,   C L10,   C L95
03/12/2013 00:05:00,   52.90,   57.27,   47.12,   55.95,   59.21,   50.32
03/12/2013 00:10:00,   53.50,   59.17,   45.70,   55.83,   60.61,   49.24
03/12/2013 00:15:00,   52.44,   57.81,   45.87,   54.30,   58.94,   49.45
03/12/2013 00:20:00,   53.57,   59.30,   46.39,   55.10,   60.10,   49.65
03/12/2013 00:25:00,   53.09,   57.94,   47.79,   54.92,   58.79,   50.94
03/12/2013 00:30:00,   52.36,   56.73,   46.56,   54.71,   58.54,   50.22
03/12/2013 00:35:00,   54.12,   59.19,   46.83,   55.82,   60.13,   50.29
03/12/2013 00:40:00,   49.84,   55.07,   44.64,   52.65,   56.96,   48.91
03/12/2013 00:45:00,   53.01,   58.27,   44.25,   55.50,   60.57,   48.11
03/12/2013 00:50:00,   51.64,   57.89,   44.63,   56.42,   61.52,   49.05
03/12/2013 00:55:00,   49.88,   55.25,   44.73,   52.85,   57.27,   49.06
03/12/2013 01:00:00,   53.03,   58.91,   45.34,   55.13,   60.16,   49.43
03/12/2013 01:07:00,   52.28,   58.28,   45.45,   54.34,   59.67,   49.26
03/12/2013 01:12:00,   50.45,   55.01,   44.78,   53.36,   56.90,   49.16
03/12/2013 01:17:00,   52.81,   60.38,   43.49,   54.37,   61.25,   48.02
03/12/2013 01:22:00,   53.48,   59.36,   44.00,   55.26,   60.17,   48.20
03/12/2013 01:27:00,   48.79,   52.49,   43.97,   52.08,   54.91,   48.79
03/12/2013 01:32:00,   50.45,   55.95,   45.41,   53.57,   57.98,   49.42
03/12/2013 01:37:00,   52.09,   57.76,   44.55,   54.27,   59.07,   49.02
03/12/2013 01:42:00,   46.21,   47.95,   43.15,   50.54,   52.55,   47.76
03/12/2013 01:47:00,   47.97,   52.32,   43.71,   52.40,   56.15,   48.27
03/12/2013 01:52:00,   49.54,   55.71,   43.06,   52.08,   56.81,   47.63
03/12/2013 01:57:00,   51.22,   58.38,   43.51,   52.88,   59.09,   47.32
03/12/2013 02:02:00,   47.55,   49.94,   42.82,   50.64,   52.71,   47.18
03/12/2013 02:07:00,   50.62,   57.59,   43.86,   55.08,   60.02,   48.30
03/12/2013 02:12:00,   51.28,   57.18,   44.88,   54.48,   59.43,   49.50
03/12/2013 02:17:00,   47.60,   52.71,   42.72,   50.87,   54.23,   47.54
03/12/2013 02:22:00,   47.49,   53.49,   41.82,   50.44,   56.09,   46.32
03/12/2013 02:27:00,   50.90,   57.04,   43.69,   52.78,   57.56,   47.84
03/12/2013 02:32:00,   46.72,   50.72,   41.10,   49.85,   53.20,   45.80
03/12/2013 02:37:00,   45.20,   50.07,   40.61,   48.64,   52.58,   45.24
03/12/2013 02:42:00,   42.63,   44.02,   41.00,   47.17,   48.37,   45.83
03/12/2013 02:47:00,   48.48,   52.45,   42.96,   52.42,   55.94,   47.84
03/12/2013 02:52:00,   47.72,   53.28,   43.08,   50.70,   54.47,   47.57
03/12/2013 02:57:00,   49.48,   56.30,   42.24,   51.95,   57.45,   46.77
03/12/2013 03:02:00,   46.11,   49.17,   42.12,   50.11,   52.92,   46.92
03/12/2013 03:07:00,   48.46,   53.83,   42.65,   52.26,   56.57,   48.26
03/12/2013 03:12:00,   46.40,   47.86,   43.45,   50.29,   51.80,   47.82
03/12/2013 03:17:00,   47.98,   51.59,   43.43,   50.99,   53.16,   47.97
03/12/2013 03:22:00,   49.93,   55.97,   43.26,   52.64,   57.45,   48.61
03/12/2013 03:27:00,   46.74,   50.20,   42.53,   50.23,   52.81,   47.00
03/12/2013 03:32:00,   43.93,   45.46,   41.97,   48.28,   49.65,   46.36
03/12/2013 03:37:00,   43.59,   44.39,   42.49,   47.68,   48.52,   46.56
03/12/2013 03:42:00,   50.39,   55.74,   43.50,   52.83,   57.47,   47.19
03/12/2013 03:47:00,   46.87,   53.29,   40.45,   49.69,   54.48,   45.14
03/12/2013 03:52:00,   46.21,   47.92,   42.57,   49.40,   50.88,   46.69
03/12/2013 03:57:00,   46.43,   50.26,   41.42,   49.92,   52.92,   45.58
03/12/2013 04:02:00,   48.58,   52.43,   43.48,   51.05,   53.40,   47.68
03/12/2013 04:07:00,   48.70,   53.51,   43.61,   51.78,   55.17,   47.90
03/12/2013 04:12:00,   49.20,   54.77,   43.46,   51.74,   56.53,   47.64
03/12/2013 04:17:00,   48.42,   52.48,   44.69,   51.82,   55.20,   48.14
03/12/2013 04:22:00,   48.05,   51.98,   42.77,   51.23,   54.32,   47.39
03/12/2013 04:27:00,   46.90,   50.37,   42.60,   50.53,   53.28,   47.11
03/12/2013 04:32:00,   49.41,   53.18,   44.85,   52.30,   56.23,   48.79
03/12/2013 04:37:00,   47.78,   52.18,   43.75,   50.86,   53.94,   48.08
03/12/2013 04:42:00,   49.04,   52.56,   45.61,   52.28,   54.99,   49.68
03/12/2013 04:47:00,   50.00,   54.99,   45.39,   52.62,   56.40,   49.17
03/12/2013 04:52:00,   47.36,   49.28,   44.90,   50.69,   51.93,   48.71
03/12/2013 04:57:00,   49.39,   53.29,   45.92,   52.40,   55.16,   49.61
03/12/2013 05:02:00,   48.65,   51.45,   45.44,   52.21,   55.14,   48.97
03/12/2013 05:07:00,   50.35,   55.42,   46.47,   53.85,   57.57,   49.99
03/12/2013 05:12:00,   49.76,   52.46,   46.33,   52.87,   56.66,   49.69
03/12/2013 05:17:00,   51.01,   54.85,   46.15,   53.90,   56.97,   49.83
03/12/2013 05:22:00,   50.92,   56.00,   46.30,   54.51,   59.43,   50.17
03/12/2013 05:27:00,   51.46,   56.13,   46.75,   54.12,   57.76,   50.40
03/12/2013 05:32:00,   52.28,   57.22,   47.89,   54.69,   58.49,   51.37
03/12/2013 05:37:00,   53.94,   58.91,   48.41,   56.46,   60.93,   52.07
03/12/2013 05:42:00,   53.04,   57.42,   48.38,   55.66,   59.06,   52.23
03/12/2013 05:47:00,   53.48,   58.34,   48.63,   55.54,   59.44,   52.00
03/12/2013 05:52:00,   51.89,   55.95,   47.67,   54.64,   57.66,   51.29
03/12/2013 05:57:00,   54.59,   59.52,   48.05,   56.65,   61.14,   51.87
03/12/2013 06:02:00,   53.23,   57.65,   48.32,   55.82,   59.63,   51.95
03/12/2013 06:07:00,   52.04,   56.27,   47.99,   55.59,   59.12,   51.89
03/12/2013 06:12:00,   51.81,   55.37,   48.27,   56.54,   60.86,   52.13
03/12/2013 06:17:00,   54.06,   58.44,   49.45,   56.93,   60.69,   53.10
03/12/2013 06:22:00,   54.12,   58.76,   50.02,   57.11,   60.66,   53.34
03/12/2013 06:27:00,   55.20,   58.45,   50.94,   57.97,   60.54,   54.23
03/12/2013 06:32:00,   55.12,   58.63,   50.22,   58.33,   61.57,   53.48
03/12/2013 06:37:00,   57.38,   61.17,   52.37,   61.48,   64.82,   55.76
03/12/2013 06:42:00,   55.46,   58.06,   51.69,   59.04,   62.08,   55.01
03/12/2013 06:47:00,   59.12,   64.16,   52.54,   63.89,   69.83,   55.85
03/12/2013 06:52:00,   56.91,   60.31,   52.47,   60.46,   63.49,   56.23
03/12/2013 06:57:00,   56.78,   59.76,   52.61,   60.28,   63.75,   56.03
03/12/2013 07:02:00,   57.26,   60.63,   52.69,   60.92,   63.92,   56.86
03/12/2013 07:07:00,   58.61,   61.96,   52.89,   61.74,   65.51,   55.90
03/12/2013 07:12:00,   57.28,   60.38,   53.18,   60.22,   62.65,   56.54
03/12/2013 07:17:00,   57.82,   60.63,   54.73,   61.16,   63.70,   58.06
03/12/2013 07:22:00,   57.97,   61.65,   52.79,   62.82,   66.68,   57.43
03/12/2013 07:27:00,   58.40,   61.55,   53.33,   62.31,   65.71,   57.27
03/12/2013 07:32:00,   58.45,   61.97,   54.31,   62.33,   66.07,   58.11
03/12/2013 07:37:00,   58.56,   61.16,   54.67,   62.54,   65.67,   57.93
03/12/2013 07:42:00,   58.97,   61.65,   55.30,   62.63,   65.17,   59.41
03/12/2013 07:47:00,   59.33,   62.20,   55.39,   63.16,   65.93,   59.00
03/12/2013 07:52:00,   58.97,   61.45,   55.47,   62.88,   65.20,   59.20
03/12/2013 07:57:00,   58.48,   61.38,   54.42,   62.71,   66.47,   58.67
03/12/2013 08:02:00,   59.22,   63.18,   54.25,   64.21,   68.21,   58.90
03/12/2013 08:07:00,   57.94,   61.12,   54.95,   61.90,   64.54,   59.00
03/12/2013 08:12:00,   59.15,   62.28,   54.77,   63.40,   67.36,   59.77
03/12/2013 08:17:00,   59.14,   62.37,   54.46,   62.14,   65.00,   57.69
03/12/2013 08:22:00,   59.88,   62.60,   56.24,   62.97,   65.19,   59.88
03/12/2013 08:27:00,   58.93,   61.35,   55.72,   62.50,   64.66,   59.68
03/12/2013 08:32:00,   58.25,   61.36,   54.57,   62.31,   65.87,   58.54
03/12/2013 08:37:00,   57.60,   60.11,   55.06,   62.11,   64.66,   59.83
03/12/2013 08:42:00,   58.97,   61.89,   55.11,   64.21,   67.44,   59.04
03/12/2013 08:47:00,   58.63,   61.41,   54.83,   63.85,   66.92,   59.54
03/12/2013 08:52:00,   58.56,   62.66,   55.21,   62.47,   66.51,   59.18
03/12/2013 08:57:00,   58.96,   61.71,   55.69,   62.82,   64.70,   59.64
03/12/2013 09:02:00,   58.95,   61.21,   55.76,   62.81,   64.68,   59.96
03/12/2013 09:07:00,   59.51,   62.26,   55.40,   62.68,   64.85,   59.52
03/12/2013 09:12:00,   58.40,   60.84,   55.51,   62.13,   64.13,   59.56
03/12/2013 09:17:00,   58.84,   61.47,   54.76,   62.22,   64.54,   59.51
03/12/2013 09:22:00,   58.85,   61.65,   55.56,   63.14,   66.46,   59.29
03/12/2013 09:27:00,   62.64,   63.77,   55.85,   65.05,   67.94,   59.16
03/12/2013 09:32:00,   59.79,   62.51,   55.70,   63.30,   66.23,   59.55
03/12/2013 09:37:00,   59.29,   62.23,   54.94,   62.84,   65.61,   58.88
03/12/2013 09:42:00,   58.71,   61.75,   55.33,   62.70,   66.09,   58.94
03/12/2013 09:47:00,   59.25,   61.82,   55.27,   62.33,   64.97,   58.62
03/12/2013 09:52:00,   60.02,   63.23,   54.99,   62.41,   64.95,   58.41
03/12/2013 09:57:00,   59.41,   62.14,   55.53,   62.59,   64.97,   59.06
03/12/2013 10:02:00,   59.43,   61.90,   54.96,   62.39,   64.82,   58.42
03/12/2013 10:07:00,   59.91,   62.56,   56.45,   62.06,   64.40,   58.95
03/12/2013 10:12:00,   60.16,   62.63,   56.69,   63.14,   65.29,   59.04
03/12/2013 10:17:00,   59.82,   62.36,   54.86,   63.73,   65.92,   58.45
03/12/2013 10:22:00,   58.81,   61.81,   54.76,   61.60,   64.24,   58.28
03/12/2013 10:27:00,   59.46,   61.98,   55.55,   63.63,   65.87,   59.57
03/12/2013 10:32:00,   60.43,   63.69,   55.91,   63.41,   66.70,   58.98
03/12/2013 10:37:00,   60.14,   63.13,   56.70,   63.78,   66.99,   59.76
03/12/2013 10:42:00,   57.93,   60.40,   53.95,   61.12,   63.21,   58.15
03/12/2013 10:47:00,   58.80,   61.37,   55.01,   61.72,   64.07,   58.09
03/12/2013 10:52:00,   59.22,   62.09,   54.64,   62.26,   64.99,   58.46
03/12/2013 10:57:00,   58.60,   61.35,   54.93,   61.73,   64.31,   58.11
03/12/2013 11:02:00,   59.21,   61.91,   54.57,   62.02,   64.63,   58.42
03/12/2013 11:07:00,   60.34,   62.78,   55.29,   63.27,   65.71,   58.91
03/12/2013 11:12:00,   58.97,   61.27,   55.07,   62.25,   64.77,   58.52
03/12/2013 11:17:00,   59.78,   62.45,   55.26,   62.92,   65.12,   58.81
03/12/2013 11:22:00,   59.43,   62.19,   54.67,   63.11,   65.51,   59.81
03/12/2013 11:27:00,   58.65,   61.11,   55.12,   62.39,   64.67,   58.88
03/12/2013 11:32:00,   59.39,   61.96,   55.43,   62.26,   64.48,   58.88
03/12/2013 11:37:00,   59.22,   61.69,   54.83,   62.01,   64.46,   58.52
03/12/2013 11:42:00,   59.17,   61.77,   54.95,   62.29,   64.67,   58.48
03/12/2013 11:47:00,   62.16,   64.62,   56.79,   64.46,   66.45,   60.54
03/12/2013 11:52:00,   59.53,   62.20,   55.21,   62.09,   64.34,   58.80
03/12/2013 11:57:00,   61.17,   63.26,   55.31,   63.25,   65.23,   58.66
03/12/2013 12:02:00,   62.61,   64.01,   59.98,   63.43,   65.28,   60.83
03/12/2013 12:07:00,   62.96,   64.91,   59.24,   63.87,   65.54,   60.38
03/12/2013 12:12:00,   59.00,   61.28,   55.25,   61.68,   63.84,   58.19
03/12/2013 12:17:00,   59.37,   61.96,   54.78,   61.96,   63.95,   58.51
03/12/2013 12:22:00,   59.31,   60.84,   54.02,   62.46,   64.59,   58.07
03/12/2013 12:27:00,   58.24,   60.82,   53.53,   61.80,   64.39,   57.53
03/12/2013 12:32:00,   59.55,   61.84,   55.85,   62.68,   64.96,   58.85
03/12/2013 12:37:00,   59.16,   61.76,   54.91,   62.77,   65.10,   58.81
03/12/2013 12:42:00,   58.12,   60.82,   54.27,   62.31,   64.36,   59.32
03/12/2013 12:47:00,   57.70,   60.58,   53.69,   61.30,   63.80,   57.35
03/12/2013 12:52:00,   58.69,   61.63,   54.20,   62.20,   65.70,   58.16
03/12/2013 12:57:00,   59.04,   61.10,   56.36,   61.51,   63.18,   58.53
03/12/2013 13:02:00,   59.53,   61.73,   55.98,   62.34,   64.48,   59.13
03/12/2013 13:07:00,   59.85,   62.11,   56.26,   62.17,   64.34,   58.83
03/12/2013 13:12:00,   58.79,   61.84,   54.88,   61.88,   64.05,   58.99
03/12/2013 13:17:00,   58.86,   61.30,   54.79,   62.41,   65.13,   58.29
03/12/2013 13:22:00,   60.86,   63.20,   56.98,   63.16,   65.64,   58.71
03/12/2013 13:27:00,   60.80,   63.53,   57.65,   62.53,   65.03,   58.60
03/12/2013 13:32:00,   60.09,   62.69,   56.42,   62.72,   65.23,   58.41
03/12/2013 13:37:00,   61.80,   63.21,   58.94,   62.88,   64.68,   60.50
03/12/2013 13:42:00,   63.24,   64.47,   61.16,   63.96,   65.55,   61.66
03/12/2013 13:47:00,   64.36,   65.56,   62.52,   64.89,   66.35,   63.04
03/12/2013 13:52:00,   63.08,   64.75,   59.84,   64.28,   66.01,   61.49
03/12/2013 13:57:00,   60.01,   62.57,   56.30,   63.39,   66.69,   59.05
03/12/2013 14:02:00,   58.67,   61.21,   53.98,   62.84,   65.72,   58.29
03/12/2013 14:07:00,   60.33,   62.85,   56.56,   63.17,   65.72,   59.41
03/12/2013 14:12:00,   61.65,   63.31,   57.94,   63.52,   65.31,   61.01
03/12/2013 14:17:00,   60.86,   62.54,   58.04,   62.49,   64.44,   59.74
03/12/2013 14:22:00,   61.25,   63.15,   58.63,   63.28,   65.08,   60.58
03/12/2013 14:27:00,   58.75,   60.79,   55.72,   62.87,   65.24,   59.82
03/12/2013 14:32:00,   59.96,   62.37,   56.60,   63.49,   66.47,   59.93
03/12/2013 14:37:00,   61.13,   62.84,   58.32,   63.60,   65.90,   60.69
03/12/2013 14:42:00,   60.67,   62.58,   57.48,   63.46,   66.23,   59.55
03/12/2013 14:47:00,   59.84,   62.38,   56.59,   62.94,   65.11,   60.02
03/12/2013 14:52:00,   59.38,   61.69,   55.31,   63.83,   67.00,   59.54
03/12/2013 14:57:00,   60.30,   63.44,   56.14,   63.26,   65.94,   59.60
03/12/2013 15:02:00,   59.88,   62.17,   56.49,   62.86,   65.01,   59.44
03/12/2013 15:07:00,   60.02,   61.88,   56.80,   63.48,   65.95,   60.05
03/12/2013 15:12:00,   59.36,   61.16,   56.29,   62.40,   64.28,   59.68
03/12/2013 15:17:00,   59.69,   62.00,   55.88,   63.40,   66.25,   59.45
03/12/2013 15:22:00,   59.00,   61.35,   55.25,   62.98,   65.61,   58.83
03/12/2013 15:27:00,   58.71,   61.22,   55.93,   62.08,   63.98,   59.15
03/12/2013 15:32:00,   58.13,   60.38,   55.43,   62.40,   64.68,   59.04
03/12/2013 15:37:00,   59.78,   62.33,   54.86,   63.06,   65.21,   58.82
03/12/2013 15:42:00,   60.59,   62.73,   57.23,   64.74,   67.56,   60.30
03/12/2013 15:47:00,   58.32,   60.55,   54.97,   61.33,   63.34,   58.33
03/12/2013 15:52:00,   59.18,   62.01,   55.17,   63.33,   66.02,   59.01
03/12/2013 15:57:00,   57.99,   59.92,   54.82,   62.18,   64.32,   58.33
03/12/2013 16:02:00,   58.93,   60.70,   56.41,   62.12,   63.88,   59.78
03/12/2013 16:07:00,   59.42,   60.97,   56.33,   63.03,   64.50,   60.44
03/12/2013 16:12:00,   58.81,   60.90,   55.73,   62.35,   64.11,   58.81
03/12/2013 16:17:00,   58.41,   60.42,   55.53,   62.41,   64.60,   59.32
03/12/2013 16:22:00,   58.88,   61.20,   54.99,   62.58,   65.29,   58.75
03/12/2013 16:27:00,   60.59,   62.30,   56.19,   64.18,   65.66,   59.45
03/12/2013 16:32:00,   58.94,   60.86,   56.38,   62.84,   65.07,   60.17
03/12/2013 16:37:00,   59.24,   61.48,   55.49,   62.44,   64.65,   59.39
03/12/2013 16:42:00,   58.62,   60.96,   55.52,   61.98,   63.93,   59.45
03/12/2013 16:47:00,   58.84,   61.33,   55.21,   62.61,   65.23,   58.43
03/12/2013 16:52:00,   58.42,   60.76,   55.39,   62.65,   65.02,   59.39
03/12/2013 16:57:00,   59.43,   61.74,   55.77,   62.71,   65.05,   59.18
03/12/2013 17:02:00,   59.62,   61.80,   55.94,   63.73,   65.87,   59.56
03/12/2013 17:07:00,   59.48,   62.07,   55.15,   62.97,   65.27,   59.32
03/12/2013 17:12:00,   59.67,   61.58,   55.45,   62.83,   65.08,   59.37
03/12/2013 17:17:00,   59.23,   61.54,   55.55,   62.44,   64.57,   59.33
03/12/2013 17:22:00,   58.85,   61.16,   55.51,   62.72,   64.62,   59.52
03/12/2013 17:27:00,   59.71,   62.55,   55.34,   62.24,   64.47,   59.04
03/12/2013 17:32:00,   60.30,   62.27,   56.43,   63.70,   66.44,   60.54
03/12/2013 17:37:00,   59.37,   61.55,   55.18,   62.94,   65.08,   59.40
03/12/2013 17:42:00,   58.75,   61.09,   55.24,   63.46,   65.91,   59.56
03/12/2013 17:47:00,   58.87,   62.69,   53.75,   63.15,   67.01,   58.68
03/12/2013 17:52:00,   58.31,   60.80,   54.44,   62.08,   64.33,   58.64
03/12/2013 17:57:00,   58.04,   60.36,   55.19,   62.11,   64.31,   59.54
03/12/2013 18:02:00,   60.03,   62.68,   55.41,   64.00,   67.04,   59.99
03/12/2013 18:07:00,   58.68,   60.57,   55.09,   61.34,   62.98,   58.15
03/12/2013 18:12:00,   59.14,   62.27,   55.65,   63.30,   66.72,   59.98
03/12/2013 18:17:00,   58.28,   60.27,   55.57,   62.19,   63.91,   59.52
03/12/2013 18:22:00,   58.62,   60.49,   56.28,   62.30,   64.01,   60.25
03/12/2013 18:27:00,   59.81,   61.65,   56.61,   62.66,   64.40,   59.99
03/12/2013 18:32:00,   60.16,   62.26,   56.75,   63.39,   65.53,   60.18
03/12/2013 18:37:00,   58.89,   61.33,   55.92,   62.29,   64.47,   59.20
03/12/2013 18:42:00,   59.59,   61.82,   55.41,   62.59,   64.31,   59.00
03/12/2013 18:47:00,   59.37,   61.98,   55.44,   62.58,   64.70,   59.08
03/12/2013 18:52:00,   59.51,   61.13,   55.21,   62.60,   64.13,   58.17
03/12/2013 18:57:00,   61.29,   62.75,   54.61,   64.49,   66.50,   59.25
03/12/2013 19:02:00,   59.33,   61.50,   55.88,   63.39,   65.69,   59.43
03/12/2013 19:07:00,   59.36,   61.77,   55.48,   62.75,   64.69,   58.76
03/12/2013 19:12:00,   59.11,   61.35,   55.12,   62.16,   64.15,   58.36
03/12/2013 19:17:00,   60.24,   62.82,   56.83,   63.54,   66.89,   60.18
03/12/2013 19:22:00,   59.37,   61.51,   55.55,   62.75,   65.16,   58.78
03/12/2013 19:27:00,   59.45,   62.00,   55.27,   62.25,   64.52,   58.03
03/12/2013 19:32:00,   59.40,   61.65,   55.71,   62.56,   65.05,   59.13
03/12/2013 19:37:00,   58.93,   61.96,   54.13,   62.21,   64.81,   57.21
03/12/2013 19:42:00,   59.11,   61.59,   54.90,   61.87,   64.46,   58.09
03/12/2013 19:47:00,   58.36,   61.02,   54.07,   62.30,   65.05,   57.76
03/12/2013 19:52:00,   58.28,   61.04,   54.34,   60.92,   63.25,   57.40
03/12/2013 19:57:00,   60.22,   62.59,   56.43,   63.86,   66.10,   59.66
03/12/2013 20:02:00,   58.90,   61.51,   55.29,   63.29,   66.56,   58.71
03/12/2013 20:07:00,   58.62,   61.20,   54.76,   61.67,   63.88,   57.99
03/12/2013 20:12:00,   59.46,   62.15,   53.87,   62.88,   66.57,   58.18
03/12/2013 20:17:00,   58.58,   60.91,   54.77,   61.16,   63.36,   58.14
03/12/2013 20:22:00,   59.34,   61.84,   54.84,   63.13,   66.52,   57.75
03/12/2013 20:27:00,   58.34,   61.11,   54.07,   60.88,   63.73,   56.91
03/12/2013 20:32:00,   58.25,   61.63,   53.12,   60.80,   63.67,   56.39
03/12/2013 20:37:00,   58.64,   61.73,   53.95,   61.10,   64.01,   57.33
03/12/2013 20:42:00,   58.67,   60.97,   54.88,   62.31,   65.62,   58.01
03/12/2013 20:47:00,   57.67,   60.46,   54.07,   60.40,   62.45,   57.43
03/12/2013 20:52:00,   59.10,   61.72,   55.15,   62.90,   65.11,   58.29
03/12/2013 20:57:00,   58.64,   61.25,   54.78,   61.95,   64.53,   58.32
03/12/2013 21:02:00,   59.28,   62.06,   56.07,   62.50,   65.30,   59.22
03/12/2013 21:07:00,   58.22,   61.21,   53.54,   61.49,   64.13,   56.87
03/12/2013 21:12:00,   58.79,   61.25,   55.13,   61.39,   63.55,   58.18
03/12/2013 21:17:00,   59.17,   62.25,   53.64,   62.22,   65.31,   56.94
03/12/2013 21:22:00,   58.76,   61.31,   54.52,   61.19,   63.62,   57.48
03/12/2013 21:27:00,   56.71,   59.42,   53.07,   59.28,   61.40,   56.07
03/12/2013 21:32:00,   58.25,   60.76,   54.43,   61.10,   63.53,   57.73
03/12/2013 21:37:00,   58.18,   60.93,   54.12,   61.16,   63.71,   57.14
03/12/2013 21:42:00,   57.61,   60.64,   53.78,   61.42,   64.27,   57.34
03/12/2013 21:47:00,   57.27,   60.28,   52.88,   59.95,   63.03,   55.56
03/12/2013 21:52:00,   57.59,   60.92,   52.70,   60.89,   64.01,   55.82
03/12/2013 21:57:00,   57.56,   60.90,   52.77,   60.73,   63.49,   56.00
03/12/2013 22:02:00,   56.89,   59.83,   52.30,   60.45,   63.22,   55.95
03/12/2013 22:07:00,   57.14,   60.46,   51.02,   60.37,   63.84,   55.22
03/12/2013 22:12:00,   57.78,   60.78,   52.96,   60.98,   63.39,   57.34
03/12/2013 22:17:00,   57.62,   61.67,   52.77,   60.20,   63.39,   55.56
03/12/2013 22:22:00,   58.05,   61.01,   52.11,   61.33,   64.29,   55.35
03/12/2013 22:27:00,   56.77,   60.11,   51.50,   59.46,   62.47,   54.79
03/12/2013 22:32:00,   56.05,   60.43,   49.93,   60.32,   63.32,   53.63
03/12/2013 22:37:00,   55.77,   59.25,   50.94,   59.13,   61.82,   54.40
03/12/2013 22:42:00,   56.20,   59.71,   50.54,   59.62,   62.91,   53.97
03/12/2013 22:47:00,   54.90,   58.93,   47.96,   58.62,   62.29,   52.35
03/12/2013 22:52:00,   55.28,   59.26,   49.51,   58.73,   62.69,   53.14
03/12/2013 22:57:00,   55.02,   59.65,   48.61,   58.95,   62.96,   52.73
03/12/2013 23:02:00,   54.87,   58.93,   47.74,   58.26,   62.19,   52.08
03/12/2013 23:07:00,   56.15,   60.98,   49.34,   59.35,   63.47,   52.77
03/12/2013 23:12:00,   56.30,   60.98,   50.53,   60.25,   65.14,   54.23
03/12/2013 23:17:00,   56.24,   60.43,   49.84,   62.45,   68.16,   53.71
03/12/2013 23:22:00,   54.16,   58.30,   48.94,   56.23,   60.34,   51.47
03/12/2013 23:27:00,   55.07,   58.68,   48.92,   56.98,   60.55,   51.28
03/12/2013 23:32:00,   55.86,   59.93,   49.31,   58.26,   61.95,   51.78
03/12/2013 23:37:00,   55.41,   59.92,   47.73,   56.89,   61.28,   49.85
03/12/2013 23:42:00,   55.23,   59.60,   47.84,   57.71,   61.62,   50.71
03/12/2013 23:47:00,   53.48,   57.49,   46.69,   56.07,   60.28,   50.70
03/12/2013 23:52:00,   53.93,   58.89,   47.30,   56.50,   61.09,   50.43
03/12/2013 23:57:00,   55.51,   60.03,   46.41,   57.62,   62.07,   49.66

