# noise_analysis run from DCC-NOISE-001003 at Wed Jun  5 00:00:00 2013
# Monitoring unit located at 53.342609N 6.340721W
# logfile   = /home/root/noise_analysis.log
# cfg_dir   = /home/root/config
# outputdir = /home/root/noise
# Sensitivity = -26.271103
# Gain = 1.000000
# Time should be in local format (i.e. daylight savings time)
# dd/mm/yyyy hh:mm:ss, A Leq,   A L10,   A L95,   C Leq,   C L10,   C L95
05/06/2013 00:05:00,   50.60,   56.48,   39.49,   53.40,   58.86,   43.16
05/06/2013 00:10:00,   52.08,   57.44,   40.49,   55.06,   60.61,   44.59
05/06/2013 00:15:00,   51.73,   57.58,   40.60,   53.86,   58.86,   44.50
05/06/2013 00:20:00,   48.36,   54.86,   39.92,   51.00,   56.45,   43.99
05/06/2013 00:25:00,   47.79,   52.70,   38.46,   51.80,   56.93,   44.03
05/06/2013 00:30:00,   51.19,   57.50,   40.16,   53.41,   59.14,   44.80
05/06/2013 00:35:00,   48.68,   55.15,   39.65,   51.10,   56.66,   43.67
05/06/2013 00:40:00,   49.72,   56.09,   39.05,   52.67,   58.80,   44.15
05/06/2013 00:45:00,   50.92,   58.08,   39.77,   52.42,   58.64,   43.37
05/06/2013 00:50:00,   49.65,   55.81,   37.97,   51.43,   57.18,   42.96
05/06/2013 00:55:00,   47.21,   53.36,   38.91,   49.65,   54.83,   43.12
05/06/2013 01:00:00,   48.83,   55.64,   38.28,   51.26,   58.46,   42.76
05/06/2013 01:05:00,   44.20,   51.19,   36.06,   48.19,   55.05,   41.71
05/06/2013 01:10:00,   46.24,   53.92,   37.36,   49.19,   56.05,   42.23
05/06/2013 01:15:00,   45.98,   52.81,   36.16,   48.88,   54.81,   42.20
05/06/2013 01:20:00,   46.54,   52.44,   37.70,   49.30,   54.90,   42.58
05/06/2013 01:25:00,   47.81,   53.70,   38.42,   50.81,   56.41,   43.48
05/06/2013 01:30:00,   45.52,   53.24,   37.36,   48.56,   55.37,   42.61
05/06/2013 01:35:00,   47.57,   54.88,   37.66,   50.18,   56.48,   43.02
05/06/2013 01:40:00,   44.46,   50.83,   35.66,   47.50,   52.60,   41.86
05/06/2013 01:45:00,   44.25,   51.80,   35.75,   47.36,   54.02,   41.65
05/06/2013 01:50:00,   47.06,   54.96,   35.88,   49.18,   55.94,   41.76
05/06/2013 01:55:00,   44.00,   48.62,   36.55,   46.68,   50.07,   41.69
05/06/2013 02:00:00,   44.68,   50.68,   36.86,   47.33,   52.65,   42.04
05/06/2013 02:05:00,   45.16,   51.24,   37.90,   47.75,   53.00,   42.76
05/06/2013 02:10:00,   47.10,   53.63,   37.06,   49.09,   54.52,   41.81
05/06/2013 02:15:00,   43.81,   48.52,   34.89,   46.60,   51.43,   40.28
05/06/2013 02:20:00,   42.55,   49.12,   35.19,   45.71,   51.37,   40.84
05/06/2013 02:25:00,   42.71,   49.89,   34.38,   46.27,   51.64,   40.98
05/06/2013 02:30:00,   43.24,   49.86,   34.61,   46.75,   52.21,   41.30
05/06/2013 02:35:00,   40.92,   46.49,   34.38,   45.99,   50.89,   41.24
05/06/2013 02:40:00,   44.72,   51.38,   34.68,   48.06,   52.70,   42.42
05/06/2013 02:45:00,   44.45,   51.81,   35.24,   47.84,   54.40,   41.99
05/06/2013 02:50:00,   44.94,   52.90,   34.67,   47.73,   54.02,   41.40
05/06/2013 02:55:00,   46.22,   53.00,   37.30,   49.24,   54.15,   43.09
05/06/2013 03:00:00,   45.69,   53.85,   35.54,   49.10,   54.97,   42.53
05/06/2013 03:05:00,   42.93,   49.27,   35.41,   46.30,   50.64,   41.83
05/06/2013 03:10:00,   43.16,   48.77,   35.67,   46.81,   52.18,   41.34
05/06/2013 03:15:00,   36.02,   37.03,   34.22,   41.84,   42.92,   40.33
05/06/2013 03:20:00,   43.07,   49.55,   35.53,   46.44,   51.52,   41.23
05/06/2013 03:25:00,   44.10,   51.56,   35.61,   46.90,   53.02,   41.35
05/06/2013 03:30:00,   39.56,   39.68,   34.46,   42.88,   43.27,   39.41
05/06/2013 03:35:00,   41.49,   44.62,   33.65,   44.33,   46.89,   39.06
05/06/2013 03:40:00,   41.36,   44.10,   37.31,   46.98,   49.93,   42.76
05/06/2013 03:45:00,   46.98,   52.86,   38.35,   49.90,   54.58,   43.24
05/06/2013 03:50:00,   48.29,   54.83,   38.15,   50.44,   56.69,   42.77
05/06/2013 03:55:00,   49.32,   54.24,   41.07,   51.17,   55.83,   44.63
05/06/2013 04:00:00,   47.53,   51.74,   41.04,   48.84,   52.07,   44.19
05/06/2013 04:05:00,   49.09,   56.31,   39.43,   49.27,   55.20,   43.21
05/06/2013 04:10:00,   54.26,   59.55,   42.44,   55.75,   61.92,   44.64
05/06/2013 04:15:00,   56.66,   61.35,   46.97,   59.91,   65.58,   51.14
05/06/2013 04:20:00,   52.25,   58.45,   41.92,   52.14,   57.82,   44.58
05/06/2013 04:25:00,   47.66,   54.18,   40.16,   49.49,   54.70,   44.79
05/06/2013 04:30:00,   46.49,   50.95,   40.41,   50.74,   56.29,   44.37
05/06/2013 04:35:00,   45.55,   49.62,   39.00,   48.06,   52.65,   43.04
05/06/2013 04:40:00,   45.94,   50.52,   40.16,   47.85,   51.11,   43.95
05/06/2013 04:45:00,   49.61,   55.51,   39.58,   51.28,   56.69,   43.39
05/06/2013 04:50:00,   49.15,   55.14,   40.38,   50.70,   55.80,   44.42
05/06/2013 04:55:00,   48.40,   53.53,   41.20,   50.16,   55.33,   44.86
05/06/2013 05:00:00,   47.70,   52.30,   40.89,   49.30,   52.86,   44.99
05/06/2013 05:05:00,   48.98,   55.59,   41.29,   50.99,   56.59,   45.85
05/06/2013 05:10:00,   47.22,   51.96,   41.87,   49.96,   53.69,   46.22
05/06/2013 05:15:00,   48.27,   54.30,   42.01,   50.49,   55.15,   46.34
05/06/2013 05:20:00,   49.19,   54.35,   41.42,   51.85,   56.71,   45.69
05/06/2013 05:25:00,   48.78,   52.91,   43.25,   51.24,   54.48,   46.95
05/06/2013 05:30:00,   50.79,   56.42,   44.44,   53.99,   58.95,   48.36
05/06/2013 05:35:00,   51.20,   55.87,   44.69,   54.41,   59.03,   48.41
05/06/2013 05:40:00,   52.11,   58.44,   43.81,   54.52,   59.95,   47.51
05/06/2013 05:45:00,   51.76,   57.28,   44.74,   53.88,   58.43,   48.20
05/06/2013 05:50:00,   51.82,   56.37,   45.86,   54.20,   58.00,   49.27
05/06/2013 05:55:00,   52.85,   58.71,   45.79,   55.02,   60.47,   49.34
05/06/2013 06:00:00,   52.75,   56.74,   47.28,   55.17,   58.92,   50.84
05/06/2013 06:05:00,   50.15,   54.95,   44.87,   54.00,   59.61,   49.09
05/06/2013 06:10:00,   51.31,   56.40,   45.84,   54.48,   59.79,   49.37
05/06/2013 06:15:00,   52.35,   56.95,   46.49,   55.91,   60.62,   50.10
05/06/2013 06:20:00,   53.69,   57.47,   48.48,   55.61,   58.68,   51.37
05/06/2013 06:25:00,   53.50,   58.66,   46.09,   55.86,   60.52,   49.70
05/06/2013 06:30:00,   52.68,   56.65,   46.08,   55.41,   58.63,   49.63
05/06/2013 06:35:00,   54.70,   60.35,   45.22,   57.69,   63.05,   49.22
05/06/2013 06:40:00,   53.85,   58.25,   45.08,   58.76,   63.31,   49.32
05/06/2013 06:45:00,   51.26,   56.53,   43.89,   56.26,   60.47,   49.17
05/06/2013 06:50:00,   53.76,   58.88,   43.85,   56.38,   60.54,   48.58
05/06/2013 06:55:00,   53.98,   58.39,   47.24,   58.19,   62.77,   52.06
05/06/2013 07:00:00,   54.17,   58.46,   45.57,   58.65,   62.88,   49.83
05/06/2013 07:05:00,   52.94,   57.61,   44.41,   56.96,   60.15,   51.01
05/06/2013 07:10:00,   51.67,   56.35,   43.82,   55.07,   58.80,   47.42
05/06/2013 07:15:00,   54.05,   58.01,   45.50,   58.05,   61.62,   48.89
05/06/2013 07:20:00,   52.59,   56.55,   44.77,   56.09,   60.15,   47.91
05/06/2013 07:25:00,   55.48,   58.73,   47.86,   60.29,   64.25,   54.21
05/06/2013 07:30:00,   55.69,   60.20,   46.20,   61.01,   66.54,   51.12
05/06/2013 07:35:00,   54.36,   58.99,   47.20,   58.60,   63.00,   52.41
05/06/2013 07:40:00,   54.45,   57.91,   47.15,   58.13,   61.34,   50.52
05/06/2013 07:45:00,   54.89,   58.98,   47.28,   58.68,   62.23,   51.36
05/06/2013 07:50:00,   56.10,   61.20,   46.86,   60.37,   65.71,   51.66
05/06/2013 07:55:00,   55.37,   60.11,   46.82,   59.54,   63.90,   53.44
05/06/2013 08:00:00,   53.98,   58.36,   47.09,   58.88,   62.30,   53.08
05/06/2013 08:05:00,   54.49,   58.25,   47.47,   59.66,   62.68,   53.12
05/06/2013 08:10:00,   54.43,   58.88,   47.95,   58.59,   62.34,   52.98
05/06/2013 08:15:00,   54.94,   58.72,   46.98,   60.38,   64.41,   53.59
05/06/2013 08:20:00,   54.64,   57.84,   49.92,   60.45,   62.74,   57.03
05/06/2013 08:25:00,   55.73,   58.86,   51.07,   61.64,   64.40,   57.98
05/06/2013 08:30:00,   56.15,   59.09,   50.69,   61.04,   64.37,   56.41
05/06/2013 08:35:00,   55.81,   59.63,   49.47,   59.88,   64.00,   54.97
05/06/2013 08:40:00,   52.83,   56.29,   47.02,   59.06,   62.34,   53.93
05/06/2013 08:45:00,   55.13,   58.24,   46.84,   59.71,   63.21,   52.65
05/06/2013 08:50:00,   56.18,   59.49,   49.33,   61.88,   64.95,   56.33
05/06/2013 08:55:00,   55.84,   58.99,   48.34,   61.81,   65.62,   55.35
05/06/2013 09:00:00,   56.23,   59.26,   50.98,   61.66,   65.95,   56.84
05/06/2013 09:05:00,   55.57,   58.92,   49.49,   60.48,   63.75,   55.76
05/06/2013 09:10:00,   55.51,   59.05,   48.79,   60.84,   64.08,   55.61
05/06/2013 09:15:00,   53.46,   57.60,   46.79,   58.19,   61.51,   53.20
05/06/2013 09:20:00,   54.30,   57.31,   48.73,   59.91,   62.51,   54.28
05/06/2013 09:25:00,   55.41,   58.58,   46.85,   61.67,   65.21,   54.12
05/06/2013 09:30:00,   55.01,   58.42,   48.95,   60.97,   67.32,   54.94
05/06/2013 09:35:00,   56.09,   60.19,   47.42,   61.79,   66.43,   54.72
05/06/2013 09:40:00,   54.87,   58.97,   49.76,   61.01,   64.28,   56.51
05/06/2013 09:45:00,   55.82,   58.98,   49.27,   61.42,   64.67,   55.26
05/06/2013 09:50:00,   54.74,   58.38,   46.12,   58.81,   61.83,   51.62
05/06/2013 09:55:00,   53.75,   57.46,   46.65,   59.06,   62.87,   53.80
05/06/2013 10:00:00,   56.05,   59.34,   50.08,   61.39,   64.54,   56.22
05/06/2013 10:05:00,   54.76,   58.27,   49.18,   59.43,   62.83,   54.67
05/06/2013 10:10:00,   59.00,   60.48,   50.05,   64.15,   68.89,   55.40
05/06/2013 10:15:00,   53.77,   57.70,   46.68,   58.95,   62.05,   54.46
05/06/2013 10:20:00,   53.52,   57.51,   46.92,   58.81,   62.46,   53.57
05/06/2013 10:25:00,   54.32,   57.65,   47.32,   59.49,   62.79,   53.60
05/06/2013 10:30:00,   54.97,   59.28,   46.14,   61.40,   67.26,   53.49
05/06/2013 10:35:00,   54.08,   58.19,   47.22,   59.27,   63.26,   52.36
05/06/2013 10:40:00,   54.61,   58.54,   46.38,   59.64,   63.08,   52.46
05/06/2013 10:45:00,   53.71,   57.12,   47.18,   59.31,   63.24,   54.18
05/06/2013 10:50:00,   56.34,   58.85,   49.61,   59.88,   63.24,   54.27
05/06/2013 10:55:00,   54.40,   58.07,   46.48,   59.07,   62.16,   53.09
05/06/2013 11:00:00,   54.20,   58.02,   47.82,   59.01,   62.65,   53.77
05/06/2013 11:05:00,   54.28,   57.32,   47.28,   60.06,   63.06,   54.40
05/06/2013 11:10:00,   54.55,   57.95,   47.72,   59.33,   62.06,   54.22
05/06/2013 11:15:00,   54.81,   58.15,   47.87,   60.98,   64.26,   54.78
05/06/2013 11:20:00,   53.96,   56.99,   47.01,   59.50,   62.49,   54.92
05/06/2013 11:25:00,   53.90,   56.90,   48.96,   58.90,   61.55,   54.59
05/06/2013 11:30:00,   54.04,   57.22,   48.11,   58.68,   61.93,   53.78
05/06/2013 11:35:00,   54.49,   57.60,   47.56,   59.46,   61.88,   54.21
05/06/2013 11:40:00,   55.05,   57.91,   48.76,   60.46,   63.35,   55.50
05/06/2013 11:45:00,   54.57,   57.26,   48.45,   60.00,   63.29,   55.00
05/06/2013 11:50:00,   53.47,   57.39,   48.63,   60.31,   63.12,   55.14
05/06/2013 11:55:00,   55.52,   58.76,   48.97,   60.50,   63.43,   54.63
05/06/2013 12:00:00,   55.69,   60.16,   47.99,   61.92,   65.71,   56.37
05/06/2013 12:05:00,   53.33,   56.86,   48.63,   59.31,   62.49,   54.78
05/06/2013 12:10:00,   54.44,   57.22,   48.96,   59.76,   62.01,   55.07
05/06/2013 12:15:00,   54.60,   58.15,   47.88,   61.19,   64.31,   54.10
05/06/2013 12:20:00,   55.35,   59.62,   49.30,   63.26,   68.69,   55.82
05/06/2013 12:25:00,   54.84,   57.62,   48.35,   59.80,   62.09,   55.24
05/06/2013 12:30:00,   54.79,   57.91,   48.14,   58.91,   61.69,   54.36
05/06/2013 12:35:00,   54.32,   57.54,   47.71,   60.03,   62.90,   54.27
05/06/2013 12:40:00,   53.99,   56.47,   47.18,   59.58,   62.30,   53.12
05/06/2013 12:45:00,   53.94,   56.78,   49.72,   59.37,   61.92,   55.66
05/06/2013 12:50:00,   55.29,   57.98,   48.93,   60.52,   62.42,   54.30
05/06/2013 12:55:00,   54.64,   57.57,   49.41,   59.61,   62.15,   54.77
05/06/2013 13:00:00,   55.47,   58.77,   49.04,   61.09,   65.33,   54.62
05/06/2013 13:05:00,   55.48,   58.81,   49.01,   59.50,   62.35,   53.51
05/06/2013 13:10:00,   54.26,   57.10,   49.26,   59.08,   61.83,   55.42
05/06/2013 13:15:00,   55.07,   57.42,   51.08,   60.05,   62.33,   55.99
05/06/2013 13:20:00,   54.87,   57.22,   49.96,   61.11,   65.16,   55.35
05/06/2013 13:25:00,   54.48,   57.73,   49.99,   59.09,   61.99,   55.24
05/06/2013 13:30:00,   55.59,   58.17,   50.59,   60.67,   63.56,   55.82
05/06/2013 13:35:00,   55.32,   58.23,   51.23,   60.82,   63.78,   55.92
05/06/2013 13:40:00,   54.92,   57.49,   50.42,   61.12,   64.53,   55.98
05/06/2013 13:45:00,   55.76,   58.58,   51.31,   60.61,   63.12,   56.42
05/06/2013 13:50:00,   54.31,   57.43,   48.73,   59.57,   62.61,   53.52
05/06/2013 13:55:00,   53.27,   56.23,   48.19,   57.92,   60.48,   54.27
05/06/2013 14:00:00,   54.60,   57.65,   49.47,   59.82,   63.00,   54.69
05/06/2013 14:05:00,   53.49,   56.52,   49.39,   58.96,   61.96,   54.87
05/06/2013 14:10:00,   54.06,   57.31,   50.14,   60.24,   62.75,   56.02
05/06/2013 14:15:00,   53.47,   55.80,   50.20,   60.01,   63.62,   54.86
05/06/2013 14:20:00,   55.28,   57.45,   51.62,   61.41,   63.21,   58.47
05/06/2013 14:25:00,   54.23,   56.89,   50.24,   60.76,   62.99,   56.69
05/06/2013 14:30:00,   54.25,   57.38,   48.05,   59.24,   62.39,   53.50
05/06/2013 14:35:00,   54.31,   56.77,   50.20,   59.38,   61.65,   55.08
05/06/2013 14:40:00,   54.86,   57.87,   49.22,   60.57,   63.10,   55.19
05/06/2013 14:45:00,   54.71,   57.62,   50.03,   59.45,   62.22,   53.89
05/06/2013 14:50:00,   55.12,   57.95,   50.47,   59.96,   62.58,   55.77
05/06/2013 14:55:00,   54.12,   57.01,   49.84,   59.39,   62.16,   55.07
05/06/2013 15:00:00,   55.54,   58.33,   49.68,   60.31,   63.57,   55.83
05/06/2013 15:05:00,   54.67,   57.69,   48.12,   59.67,   63.44,   53.84
05/06/2013 15:10:00,   54.50,   57.68,   48.32,   58.69,   61.61,   53.81
05/06/2013 15:15:00,   55.92,   59.20,   50.57,   61.33,   64.64,   55.13
05/06/2013 15:20:00,   54.04,   56.69,   49.39,   59.15,   61.80,   54.32
05/06/2013 15:25:00,   55.21,   57.85,   49.51,   60.53,   63.75,   54.50
05/06/2013 15:30:00,   55.40,   57.99,   50.40,   60.80,   63.37,   56.81
05/06/2013 15:35:00,   55.30,   58.31,   49.34,   59.76,   63.13,   54.20
05/06/2013 15:40:00,   54.46,   57.49,   49.40,   58.92,   62.46,   53.65
05/06/2013 15:45:00,   53.74,   56.93,   48.75,   58.80,   61.64,   53.32
05/06/2013 15:50:00,   55.31,   58.04,   49.97,   59.63,   62.04,   55.77
05/06/2013 15:55:00,   55.41,   58.26,   49.80,   60.18,   62.77,   55.26
05/06/2013 16:00:00,   54.84,   57.90,   47.89,   59.88,   63.46,   53.61
05/06/2013 16:05:00,   55.16,   58.03,   49.43,   61.70,   65.82,   54.70
05/06/2013 16:10:00,   55.36,   57.94,   49.39,   60.13,   62.78,   54.73
05/06/2013 16:15:00,   55.30,   57.81,   48.70,   60.77,   63.34,   54.25
05/06/2013 16:20:00,   55.49,   58.97,   49.75,   59.85,   62.75,   53.86
05/06/2013 16:25:00,   54.26,   57.42,   47.40,   59.16,   62.86,   52.77
05/06/2013 16:30:00,   54.40,   57.64,   48.36,   59.38,   63.11,   52.61
05/06/2013 16:35:00,   55.02,   57.67,   48.69,   59.33,   62.17,   52.31
05/06/2013 16:40:00,   55.02,   57.71,   49.40,   59.28,   62.22,   54.41
05/06/2013 16:45:00,   54.35,   57.79,   47.86,   59.36,   62.56,   53.62
05/06/2013 16:50:00,   54.89,   57.28,   50.17,   59.82,   62.89,   54.90
05/06/2013 16:55:00,   54.83,   57.75,   49.09,   58.43,   61.46,   52.89
05/06/2013 17:00:00,   54.05,   57.74,   49.51,   58.11,   61.16,   54.24
05/06/2013 17:05:00,   55.49,   58.08,   50.46,   60.06,   62.63,   54.74
05/06/2013 17:10:00,   54.00,   57.38,   46.83,   58.66,   62.09,   52.75
05/06/2013 17:15:00,   55.49,   58.18,   49.63,   59.48,   62.42,   54.53
05/06/2013 17:20:00,   54.21,   57.85,   47.35,   58.07,   60.97,   52.96
05/06/2013 17:25:00,   55.41,   58.30,   48.56,   59.59,   62.52,   53.53
05/06/2013 17:30:00,   54.98,   58.14,   48.19,   59.07,   62.16,   53.30
05/06/2013 17:35:00,   55.08,   57.53,   50.39,   60.23,   62.81,   56.13
05/06/2013 17:40:00,   55.03,   58.05,   48.73,   59.00,   61.80,   52.04
05/06/2013 17:45:00,   54.65,   57.71,   48.12,   59.46,   62.48,   53.05
05/06/2013 17:50:00,   55.02,   57.76,   50.26,   59.27,   61.89,   55.53
05/06/2013 17:55:00,   54.75,   57.99,   49.50,   59.11,   61.76,   54.61
05/06/2013 18:00:00,   56.03,   59.14,   50.47,   60.16,   62.79,   55.47
05/06/2013 18:05:00,   54.48,   57.44,   49.31,   59.53,   62.78,   54.60
05/06/2013 18:10:00,   54.42,   57.52,   48.54,   59.45,   62.96,   52.96
05/06/2013 18:15:00,   54.79,   57.83,   47.40,   59.95,   63.55,   52.61
05/06/2013 18:20:00,   54.44,   57.75,   48.85,   59.05,   62.44,   52.91
05/06/2013 18:25:00,   54.73,   57.86,   48.17,   59.35,   62.25,   53.06
05/06/2013 18:30:00,   53.30,   57.13,   46.91,   57.20,   60.49,   51.07
05/06/2013 18:35:00,   54.86,   57.99,   47.14,   58.65,   62.86,   51.44
05/06/2013 18:40:00,   56.32,   59.51,   50.90,   60.76,   64.01,   54.87
05/06/2013 18:45:00,   55.78,   59.23,   47.83,   59.38,   63.52,   51.49
05/06/2013 18:50:00,   55.19,   58.49,   48.42,   59.07,   61.73,   50.99
05/06/2013 18:55:00,   54.42,   57.88,   46.88,   58.04,   61.29,   51.76
05/06/2013 19:00:00,   54.53,   58.31,   48.85,   59.06,   62.43,   53.37
05/06/2013 19:05:00,   54.60,   57.78,   48.14,   58.77,   61.69,   52.97
05/06/2013 19:10:00,   54.45,   58.21,   48.34,   58.44,   61.69,   53.34
05/06/2013 19:15:00,   53.55,   56.88,   47.34,   57.90,   60.75,   53.22
05/06/2013 19:20:00,   55.43,   58.96,   49.01,   59.24,   63.14,   52.05
05/06/2013 19:25:00,   55.54,   58.80,   47.59,   59.70,   63.56,   50.99
05/06/2013 19:30:00,   54.27,   58.11,   48.47,   57.61,   61.29,   52.64
05/06/2013 19:35:00,   54.73,   57.68,   48.54,   58.55,   60.85,   52.99
05/06/2013 19:40:00,   54.90,   58.41,   49.72,   58.78,   62.07,   53.57
05/06/2013 19:45:00,   54.58,   58.24,   47.85,   57.95,   61.10,   51.70
05/06/2013 19:50:00,   55.24,   58.34,   49.39,   58.60,   61.26,   53.70
05/06/2013 19:55:00,   53.80,   57.23,   46.70,   57.34,   59.71,   49.84
05/06/2013 20:00:00,   54.24,   57.49,   47.83,   58.32,   60.97,   51.34
05/06/2013 20:05:00,   54.74,   58.45,   46.18,   57.97,   61.42,   50.71
05/06/2013 20:10:00,   55.42,   59.19,   47.74,   58.86,   62.65,   50.99
05/06/2013 20:15:00,   54.47,   57.99,   47.84,   58.80,   61.27,   52.41
05/06/2013 20:20:00,   54.25,   57.81,   48.28,   58.57,   61.65,   53.10
05/06/2013 20:25:00,   53.34,   58.25,   45.95,   57.25,   61.26,   49.78
05/06/2013 20:30:00,   53.94,   57.70,   48.00,   57.87,   61.17,   52.45
05/06/2013 20:35:00,   54.79,   58.47,   47.82,   58.26,   61.53,   52.44
05/06/2013 20:40:00,   53.95,   58.37,   45.54,   57.43,   60.88,   50.91
05/06/2013 20:45:00,   54.42,   58.89,   45.68,   57.43,   61.36,   49.40
05/06/2013 20:50:00,   55.03,   59.12,   47.82,   57.56,   61.17,   51.57
05/06/2013 20:55:00,   55.90,   59.26,   47.93,   58.72,   61.74,   51.91
05/06/2013 21:00:00,   52.24,   56.31,   44.84,   55.86,   59.36,   48.94
05/06/2013 21:05:00,   53.92,   57.53,   46.22,   57.22,   60.45,   50.57
05/06/2013 21:10:00,   54.12,   57.87,   47.80,   57.94,   61.23,   51.75
05/06/2013 21:15:00,   55.10,   58.85,   46.27,   58.97,   62.55,   51.62
05/06/2013 21:20:00,   54.09,   58.39,   44.52,   57.09,   61.08,   47.31
05/06/2013 21:25:00,   53.65,   57.00,   46.13,   56.80,   59.61,   50.25
05/06/2013 21:30:00,   55.50,   59.18,   45.54,   59.74,   63.16,   51.28
05/06/2013 21:35:00,   55.57,   58.72,   48.75,   58.74,   61.75,   53.99
05/06/2013 21:40:00,   57.31,   59.19,   47.30,   60.29,   62.04,   51.72
05/06/2013 21:45:00,   54.25,   58.21,   47.65,   57.91,   60.70,   52.71
05/06/2013 21:50:00,   53.74,   57.45,   47.26,   58.00,   61.31,   51.69
05/06/2013 21:55:00,   53.75,   57.20,   47.44,   56.48,   59.52,   51.04
05/06/2013 22:00:00,   54.22,   58.32,   45.83,   56.47,   60.18,   49.19
05/06/2013 22:05:00,   54.01,   58.71,   45.09,   56.97,   61.44,   48.88
05/06/2013 22:10:00,   53.54,   57.26,   46.12,   55.97,   59.42,   49.79
05/06/2013 22:15:00,   54.58,   58.60,   46.52,   57.52,   61.11,   50.69
05/06/2013 22:20:00,   54.07,   58.44,   46.34,   57.05,   61.45,   49.61
05/06/2013 22:25:00,   51.69,   56.04,   42.93,   54.08,   58.13,   45.25
05/06/2013 22:30:00,   52.98,   57.62,   43.68,   56.16,   60.12,   47.72
05/06/2013 22:35:00,   51.33,   55.85,   42.73,   55.06,   59.29,   47.68
05/06/2013 22:40:00,   52.87,   56.59,   45.40,   55.99,   59.63,   49.20
05/06/2013 22:45:00,   52.47,   57.97,   41.75,   56.19,   61.32,   46.06
05/06/2013 22:50:00,   53.69,   58.37,   45.65,   57.21,   60.75,   50.53
05/06/2013 22:55:00,   51.97,   57.09,   42.50,   55.42,   59.92,   46.01
05/06/2013 23:00:00,   52.53,   57.75,   44.31,   55.55,   59.38,   48.23
05/06/2013 23:05:00,   51.84,   56.46,   43.84,   54.85,   59.11,   48.44
05/06/2013 23:10:00,   52.02,   57.17,   42.12,   54.54,   58.89,   45.34
05/06/2013 23:15:00,   52.23,   57.14,   42.34,   55.34,   60.12,   45.37
05/06/2013 23:20:00,   53.13,   58.19,   42.95,   55.22,   59.60,   46.15
05/06/2013 23:25:00,   50.11,   55.97,   40.18,   52.67,   57.82,   43.71
05/06/2013 23:30:00,   51.54,   56.68,   42.33,   54.26,   58.84,   45.75
05/06/2013 23:35:00,   52.20,   57.84,   43.45,   56.68,   61.01,   46.44
05/06/2013 23:40:00,   52.67,   57.29,   44.87,   56.10,   60.47,   49.88
05/06/2013 23:45:00,   50.48,   56.47,   40.13,   52.64,   58.43,   42.97
05/06/2013 23:50:00,   48.84,   55.34,   38.49,   51.95,   57.91,   41.52
05/06/2013 23:56:00,   49.67,   56.34,   40.17,   53.32,   58.81,   43.36

