# noise_analysis run from DCC-NOISE-001014 at Thu Feb 14 00:00:00 2013
# Monitoring unit located at 53.278938N 6.315392W
# logfile   = /home/root/noise_analysis.log
# cfg_dir   = /home/root/config
# outputdir = /home/root/noise
# Sensitivity = -26.577707
# Gain = 1.000000
# Time should be in local format (i.e. daylight savings time)
# dd/mm/yyyy hh:mm:ss, A Leq,   A L10,   A L95,   C Leq,   C L10,   C L95
14/02/2013 00:05:00,   54.88,   59.47,   47.80,   57.67,   61.99,   51.92
14/02/2013 00:10:00,   53.78,   60.04,   47.18,   56.20,   61.90,   50.79
14/02/2013 00:15:00,   54.71,   59.48,   46.50,   56.95,   61.12,   49.90
14/02/2013 00:20:00,   53.12,   59.07,   45.66,   55.63,   60.84,   49.67
14/02/2013 00:25:00,   55.02,   59.74,   48.99,   57.28,   61.15,   52.34
14/02/2013 00:30:00,   55.97,   60.57,   46.71,   57.44,   61.35,   50.51
14/02/2013 00:35:00,   54.32,   59.86,   46.39,   56.48,   61.17,   50.50
14/02/2013 00:40:00,   54.83,   60.00,   47.25,   56.63,   61.05,   51.16
14/02/2013 00:45:00,   54.42,   59.24,   47.52,   56.43,   60.14,   51.20
14/02/2013 00:50:00,   54.84,   60.65,   46.22,   56.50,   61.50,   50.08
14/02/2013 00:55:00,   55.06,   60.07,   48.14,   57.06,   61.10,   50.73
14/02/2013 01:00:00,   52.70,   58.33,   46.09,   55.20,   59.95,   49.94
14/02/2013 01:05:00,   53.95,   59.43,   45.85,   56.01,   60.99,   49.92
14/02/2013 01:10:00,   52.69,   58.47,   45.47,   54.95,   59.54,   49.29
14/02/2013 01:15:00,   52.41,   58.47,   45.67,   55.11,   60.33,   49.32
14/02/2013 01:20:00,   54.06,   59.15,   45.47,   55.84,   60.28,   49.60
14/02/2013 01:25:00,   53.58,   60.20,   45.86,   57.10,   62.33,   49.79
14/02/2013 01:30:00,   54.44,   60.20,   46.70,   56.09,   61.16,   50.38
14/02/2013 01:35:00,   51.85,   58.17,   46.42,   54.59,   59.76,   50.47
14/02/2013 01:40:00,   52.49,   57.57,   45.84,   54.86,   59.34,   49.56
14/02/2013 01:45:00,   53.60,   59.01,   47.11,   55.49,   59.94,   50.67
14/02/2013 01:50:00,   53.87,   60.35,   46.37,   55.93,   61.39,   50.21
14/02/2013 01:55:00,   52.04,   57.31,   45.18,   55.03,   60.06,   50.00
14/02/2013 02:00:00,   50.74,   54.54,   44.82,   53.76,   56.78,   49.66
14/02/2013 02:05:00,   49.94,   54.34,   44.77,   53.36,   56.98,   49.59
14/02/2013 02:10:00,   53.19,   57.75,   46.85,   55.93,   60.02,   51.15
14/02/2013 02:15:00,   49.79,   55.05,   44.11,   52.93,   56.87,   49.09
14/02/2013 02:20:00,   51.31,   57.99,   44.67,   54.14,   59.40,   49.46
14/02/2013 02:25:00,   49.40,   55.27,   43.83,   53.07,   58.14,   48.38
14/02/2013 02:30:00,   50.49,   56.38,   43.13,   53.40,   58.35,   47.91
14/02/2013 02:35:00,   47.29,   49.75,   42.18,   51.16,   53.55,   47.88
14/02/2013 02:40:00,   46.17,   46.92,   42.66,   50.88,   53.79,   47.93
14/02/2013 02:45:00,   48.41,   55.96,   42.28,   52.27,   57.49,   47.47
14/02/2013 02:50:00,   51.12,   57.34,   44.93,   53.74,   58.39,   49.38
14/02/2013 02:55:00,   51.51,   57.72,   44.03,   54.00,   59.83,   48.37
14/02/2013 03:00:00,   49.76,   56.47,   44.33,   53.25,   59.01,   48.95
14/02/2013 03:05:00,   47.83,   50.01,   43.94,   51.82,   53.92,   49.11
14/02/2013 03:10:00,   47.76,   49.40,   44.25,   51.69,   53.05,   49.03
14/02/2013 03:15:00,   47.91,   50.47,   44.15,   51.61,   53.89,   48.80
14/02/2013 03:20:00,   49.64,   55.14,   44.57,   52.83,   56.90,   49.15
14/02/2013 03:25:00,   48.56,   50.19,   43.76,   52.47,   54.86,   48.79
14/02/2013 03:30:00,   49.48,   55.80,   44.50,   54.43,   60.08,   49.09
14/02/2013 03:35:00,   47.83,   52.33,   43.26,   52.57,   57.08,   48.19
14/02/2013 03:40:00,   48.70,   52.55,   44.50,   53.06,   57.35,   49.26
14/02/2013 03:45:00,   49.03,   52.97,   45.35,   53.68,   57.13,   50.07
14/02/2013 03:50:00,   49.52,   54.30,   43.80,   53.87,   58.64,   48.80
14/02/2013 03:55:00,   51.60,   57.79,   44.79,   55.59,   61.14,   49.65
14/02/2013 04:00:00,   47.22,   49.50,   44.73,   53.83,   58.22,   49.40
14/02/2013 04:05:00,   48.96,   52.56,   44.57,   53.58,   57.50,   49.68
14/02/2013 04:10:00,   49.79,   53.42,   45.50,   55.08,   59.61,   50.19
14/02/2013 04:15:00,   49.03,   53.36,   44.12,   54.28,   59.25,   49.09
14/02/2013 04:20:00,   50.95,   56.03,   45.36,   54.58,   59.28,   50.08
14/02/2013 04:25:00,   52.76,   58.29,   46.15,   55.99,   60.65,   50.44
14/02/2013 04:30:00,   48.56,   52.34,   44.99,   52.92,   56.36,   49.44
14/02/2013 04:35:00,   49.73,   55.70,   45.40,   53.23,   57.79,   49.59
14/02/2013 04:40:00,   51.40,   57.07,   45.82,   54.44,   59.16,   49.96
14/02/2013 04:45:00,   51.11,   55.99,   46.11,   55.98,   60.62,   51.01
14/02/2013 04:50:00,   51.35,   56.36,   45.85,   54.65,   58.60,   50.58
14/02/2013 04:55:00,   48.39,   50.01,   45.52,   53.34,   55.28,   50.65
14/02/2013 05:00:00,   52.95,   58.92,   47.31,   55.70,   60.92,   51.44
14/02/2013 05:05:00,   52.01,   56.77,   46.46,   56.24,   60.21,   50.71
14/02/2013 05:10:00,   52.03,   56.63,   47.66,   55.43,   59.56,   51.78
14/02/2013 05:15:00,   54.00,   59.66,   48.12,   57.32,   61.93,   52.74
14/02/2013 05:20:00,   51.49,   54.92,   47.82,   55.02,   57.82,   52.06
14/02/2013 05:25:00,   50.98,   52.64,   48.13,   54.98,   57.70,   52.29
14/02/2013 05:30:00,   52.33,   56.85,   47.16,   55.75,   59.29,   51.38
14/02/2013 05:35:00,   52.99,   57.24,   48.51,   56.11,   60.18,   52.35
14/02/2013 05:40:00,   55.39,   59.43,   50.29,   59.18,   64.84,   54.09
14/02/2013 05:45:00,   54.46,   59.60,   50.08,   58.17,   62.75,   53.80
14/02/2013 05:50:00,   55.18,   58.82,   51.40,   58.57,   62.40,   54.85
14/02/2013 05:55:00,   56.30,   60.27,   51.24,   59.01,   62.74,   54.91
14/02/2013 06:00:00,   56.00,   60.94,   50.98,   59.14,   62.73,   54.77
14/02/2013 06:05:00,   55.00,   58.81,   50.19,   59.00,   63.47,   54.40
14/02/2013 06:10:00,   55.49,   59.87,   50.36,   58.37,   61.93,   54.29
14/02/2013 06:15:00,   55.79,   59.89,   51.27,   58.83,   62.10,   55.52
14/02/2013 06:20:00,   55.05,   59.36,   51.62,   57.86,   60.92,   55.32
14/02/2013 06:25:00,   56.07,   59.45,   52.50,   60.33,   64.04,   56.00
14/02/2013 06:30:00,   58.30,   62.85,   51.42,   63.20,   68.84,   54.96
14/02/2013 06:35:00,   58.87,   62.23,   54.34,   62.33,   65.48,   57.97
14/02/2013 06:40:00,   57.78,   61.90,   54.08,   61.74,   65.43,   58.09
14/02/2013 06:45:00,   58.80,   62.30,   54.18,   63.15,   67.36,   57.67
14/02/2013 06:50:00,   57.76,   60.66,   54.41,   61.55,   64.68,   58.09
14/02/2013 06:55:00,   60.08,   64.65,   55.54,   64.90,   69.06,   59.54
14/02/2013 07:00:00,   59.15,   62.31,   55.41,   62.38,   64.99,   59.08
14/02/2013 07:05:00,   58.75,   62.53,   55.29,   62.73,   66.18,   58.85
14/02/2013 07:10:00,   60.78,   64.03,   55.83,   64.15,   68.28,   59.09
14/02/2013 07:15:00,   60.48,   63.10,   56.41,   63.59,   66.02,   60.06
14/02/2013 07:20:00,   59.31,   61.14,   56.10,   62.74,   65.03,   59.54
14/02/2013 07:25:00,   60.61,   64.55,   56.42,   64.17,   67.66,   59.73
14/02/2013 07:30:00,   60.89,   63.55,   57.93,   63.69,   65.84,   61.13
14/02/2013 07:35:00,   60.58,   63.78,   56.98,   64.14,   67.29,   60.52
14/02/2013 07:40:00,   61.62,   64.19,   58.79,   65.28,   68.13,   62.00
14/02/2013 07:45:00,   61.41,   63.73,   58.56,   64.72,   67.35,   61.67
14/02/2013 07:50:00,   61.16,   63.62,   57.38,   63.79,   65.73,   61.15
14/02/2013 07:55:00,   61.96,   64.00,   59.15,   64.75,   67.30,   62.32
14/02/2013 08:00:00,   61.43,   63.81,   57.91,   65.01,   67.41,   61.29
14/02/2013 08:05:00,   61.47,   63.75,   58.35,   64.33,   66.72,   61.58
14/02/2013 08:10:00,   61.07,   63.40,   57.95,   64.36,   66.50,   61.17
14/02/2013 08:15:00,   61.10,   63.89,   57.81,   64.06,   66.33,   61.16
14/02/2013 08:20:00,   63.59,   67.40,   58.98,   66.81,   71.41,   62.06
14/02/2013 08:25:00,   62.62,   64.81,   57.76,   65.76,   68.07,   61.03
14/02/2013 08:30:00,   60.69,   63.72,   57.40,   64.47,   67.36,   61.40
14/02/2013 08:35:00,   61.72,   64.22,   57.05,   65.26,   67.55,   60.78
14/02/2013 08:40:00,   60.68,   62.94,   57.84,   63.71,   65.52,   61.25
14/02/2013 08:45:00,   61.01,   62.92,   58.24,   64.64,   67.02,   62.22
14/02/2013 08:50:00,   63.23,   65.04,   59.57,   66.93,   69.53,   63.11
14/02/2013 08:55:00,   61.38,   63.73,   58.35,   64.89,   67.55,   61.92
14/02/2013 09:00:00,   61.36,   63.74,   58.48,   64.79,   66.81,   62.30
14/02/2013 09:05:00,   61.20,   63.60,   57.83,   64.71,   66.94,   61.52
14/02/2013 09:10:00,   61.78,   64.32,   58.41,   64.57,   66.53,   61.63
14/02/2013 09:15:00,   60.64,   63.06,   57.88,   63.93,   66.54,   60.93
14/02/2013 09:20:00,   61.05,   63.40,   57.71,   64.86,   67.09,   61.75
14/02/2013 09:25:00,   61.13,   63.68,   57.82,   64.54,   66.76,   61.33
14/02/2013 09:30:00,   60.72,   63.25,   57.09,   64.10,   66.25,   60.43
14/02/2013 09:35:00,   60.28,   62.87,   56.82,   64.35,   67.28,   60.76
14/02/2013 09:40:00,   60.64,   63.34,   57.19,   64.51,   66.66,   60.90
14/02/2013 09:45:00,   60.30,   63.00,   57.33,   65.13,   68.40,   61.75
14/02/2013 09:50:00,   61.34,   63.73,   57.36,   65.44,   68.02,   61.20
14/02/2013 09:55:00,   60.64,   63.08,   56.56,   65.25,   68.44,   60.55
14/02/2013 10:00:00,   60.40,   63.31,   56.61,   64.27,   66.60,   61.39
14/02/2013 10:05:00,   60.90,   63.98,   56.74,   65.09,   68.41,   60.41
14/02/2013 10:10:00,   59.85,   62.39,   55.93,   63.62,   65.76,   60.45
14/02/2013 10:15:00,   60.62,   62.76,   57.18,   64.10,   66.45,   60.38
14/02/2013 10:20:00,   58.26,   61.30,   54.44,   62.30,   64.52,   58.97
14/02/2013 10:25:00,   60.08,   63.47,   55.94,   62.90,   65.65,   59.40
14/02/2013 10:30:00,   61.07,   64.75,   55.73,   65.15,   69.02,   59.77
14/02/2013 10:35:00,   59.70,   62.45,   55.94,   63.82,   66.76,   60.02
14/02/2013 10:40:00,   64.37,   65.08,   55.61,   67.40,   70.27,   60.20
14/02/2013 10:45:00,   59.62,   61.96,   55.58,   64.25,   67.33,   60.07
14/02/2013 10:50:00,   60.64,   63.52,   56.64,   64.87,   67.89,   60.77
14/02/2013 10:55:00,   61.12,   63.32,   56.87,   65.25,   68.35,   60.74
14/02/2013 11:00:00,   60.17,   62.81,   55.43,   64.65,   68.63,   59.07
14/02/2013 11:05:00,   59.37,   61.70,   55.85,   64.21,   66.78,   60.60
14/02/2013 11:10:00,   59.63,   61.62,   56.38,   64.22,   67.06,   60.49
14/02/2013 11:15:00,   59.86,   62.13,   56.07,   65.13,   68.31,   60.93
14/02/2013 11:20:00,   59.66,   61.96,   56.45,   64.71,   67.18,   60.72
14/02/2013 11:25:00,   59.75,   62.06,   56.25,   65.86,   69.56,   60.23
14/02/2013 11:30:00,   59.57,   62.07,   55.73,   65.48,   69.56,   60.05
14/02/2013 11:35:00,   59.81,   62.00,   56.45,   64.25,   66.71,   60.82
14/02/2013 11:40:00,   59.13,   61.70,   55.63,   64.40,   67.17,   59.95
14/02/2013 11:45:00,   63.73,   66.07,   55.94,   67.75,   73.85,   59.84
14/02/2013 11:50:00,   63.51,   66.71,   55.66,   66.64,   70.55,   59.59
14/02/2013 11:55:00,   58.57,   60.43,   54.04,   62.94,   65.36,   58.43
14/02/2013 12:00:00,   60.53,   62.65,   56.45,   65.37,   68.56,   61.08
14/02/2013 12:05:00,   61.20,   63.49,   56.52,   66.09,   70.34,   60.28
14/02/2013 12:10:00,   58.94,   61.33,   55.85,   63.50,   66.21,   59.88
14/02/2013 12:15:00,   59.38,   61.91,   55.24,   64.77,   67.78,   60.04
14/02/2013 12:20:00,   60.07,   63.04,   54.94,   66.31,   70.66,   60.00
14/02/2013 12:25:00,   59.80,   61.82,   55.39,   64.49,   67.13,   60.11
14/02/2013 12:30:00,   59.88,   62.36,   55.38,   65.57,   69.56,   60.10
14/02/2013 12:35:00,   60.42,   62.53,   57.27,   64.21,   66.66,   59.74
14/02/2013 12:40:00,   60.28,   62.76,   56.31,   64.97,   68.00,   61.02
14/02/2013 12:45:00,   60.66,   62.97,   57.31,   66.84,   70.85,   61.04
14/02/2013 12:50:00,   60.68,   62.60,   57.75,   65.64,   68.74,   61.05
14/02/2013 12:55:00,   60.05,   62.19,   57.01,   65.64,   68.80,   61.42
14/02/2013 13:00:00,   60.40,   62.49,   56.29,   64.78,   68.15,   60.05
14/02/2013 13:05:00,   59.42,   61.76,   55.94,   65.00,   68.88,   60.68
14/02/2013 13:10:00,   59.21,   61.57,   55.62,   64.11,   66.73,   60.19
14/02/2013 13:15:00,   59.02,   61.26,   55.95,   64.85,   67.83,   60.39
14/02/2013 13:20:00,   58.91,   60.82,   55.51,   65.85,   70.42,   60.87
14/02/2013 13:25:00,   60.08,   62.12,   55.56,   65.55,   69.28,   59.26
14/02/2013 13:30:00,   59.68,   62.05,   56.09,   64.66,   67.63,   60.49
14/02/2013 13:35:00,   58.75,   61.04,   55.57,   63.68,   66.47,   59.44
14/02/2013 13:40:00,   60.40,   61.89,   56.33,   64.31,   67.65,   59.77
14/02/2013 13:45:00,   60.73,   63.00,   57.05,   65.04,   68.49,   60.33
14/02/2013 13:50:00,   60.98,   63.16,   57.48,   64.99,   67.83,   61.10
14/02/2013 13:55:00,   60.42,   62.46,   55.18,   64.01,   66.27,   58.64
14/02/2013 14:00:00,   60.11,   61.87,   57.58,   62.81,   64.37,   60.69
14/02/2013 14:05:00,   59.76,   62.21,   55.55,   63.03,   65.73,   59.47
14/02/2013 14:10:00,   59.85,   62.12,   56.24,   63.37,   65.69,   59.47
14/02/2013 14:15:00,   58.81,   60.64,   55.73,   63.25,   65.90,   59.33
14/02/2013 14:20:00,   60.40,   63.89,   55.69,   64.91,   68.81,   60.17
14/02/2013 14:25:00,   60.43,   62.59,   56.64,   63.66,   65.75,   60.44
14/02/2013 14:30:00,   60.68,   62.97,   56.38,   64.83,   68.61,   60.83
14/02/2013 14:35:00,   60.08,   62.58,   55.18,   64.22,   65.97,   58.62
14/02/2013 14:40:00,   58.70,   61.71,   53.74,   62.76,   65.63,   58.48
14/02/2013 14:45:00,   60.10,   62.32,   56.53,   64.16,   67.11,   60.19
14/02/2013 14:50:00,   59.15,   61.80,   55.59,   62.54,   64.74,   59.38
14/02/2013 14:55:00,   58.56,   61.19,   54.84,   61.96,   64.36,   58.89
14/02/2013 15:00:00,   59.56,   61.67,   55.29,   64.30,   66.61,   59.67
14/02/2013 15:05:00,   59.51,   61.97,   54.46,   63.29,   65.84,   58.83
14/02/2013 15:10:00,   58.75,   60.90,   55.12,   63.67,   66.31,   59.71
14/02/2013 15:15:00,   58.34,   60.64,   53.86,   63.63,   67.12,   58.25
14/02/2013 15:20:00,   58.40,   61.65,   53.78,   64.12,   67.84,   58.80
14/02/2013 15:25:00,   57.99,   60.61,   54.11,   62.47,   64.71,   58.83
14/02/2013 15:30:00,   59.77,   61.90,   55.68,   67.32,   71.92,   60.78
14/02/2013 15:35:00,   59.34,   60.83,   55.71,   64.68,   67.57,   60.65
14/02/2013 15:40:00,   58.62,   60.99,   55.39,   63.35,   66.01,   59.87
14/02/2013 15:45:00,   58.91,   61.48,   55.40,   63.99,   66.16,   60.21
14/02/2013 15:50:00,   59.64,   61.81,   56.10,   63.09,   65.06,   59.77
14/02/2013 15:55:00,   60.99,   63.21,   57.23,   65.38,   68.06,   62.04
14/02/2013 16:00:00,   59.97,   62.27,   54.78,   62.91,   65.03,   58.97
14/02/2013 16:05:00,   59.55,   61.82,   55.33,   63.73,   66.76,   58.96
14/02/2013 16:10:00,   58.54,   60.97,   55.09,   62.98,   65.39,   59.99
14/02/2013 16:15:00,   59.53,   62.27,   54.86,   63.43,   66.42,   59.45
14/02/2013 16:20:00,   59.45,   61.59,   56.17,   63.91,   66.62,   60.17
14/02/2013 16:25:00,   58.51,   61.10,   54.96,   62.25,   64.58,   59.44
14/02/2013 16:30:00,   59.30,   61.77,   54.66,   62.89,   65.02,   58.69
14/02/2013 16:35:00,   66.01,   62.34,   54.70,   67.62,   67.15,   58.83
14/02/2013 16:40:00,   58.24,   60.94,   54.28,   61.66,   64.08,   58.16
14/02/2013 16:45:00,   58.76,   61.63,   53.76,   62.48,   65.85,   57.34
14/02/2013 16:50:00,   58.75,   60.76,   55.33,   62.59,   64.26,   59.89
14/02/2013 16:55:00,   59.49,   61.78,   55.19,   62.98,   64.97,   58.67
14/02/2013 17:00:00,   58.77,   61.35,   54.10,   62.10,   64.32,   58.55
14/02/2013 17:05:00,   59.30,   61.99,   54.78,   62.53,   64.50,   58.89
14/02/2013 17:10:00,   58.84,   61.81,   54.58,   62.15,   64.41,   59.02
14/02/2013 17:15:00,   58.49,   60.45,   54.61,   62.27,   64.37,   58.48
14/02/2013 17:20:00,   59.24,   61.98,   54.91,   63.56,   66.08,   58.66
14/02/2013 17:25:00,   60.14,   62.39,   56.15,   63.30,   65.94,   59.44
14/02/2013 17:30:00,   59.60,   62.20,   55.07,   62.47,   64.55,   58.47
14/02/2013 17:35:00,   59.67,   62.52,   55.07,   63.70,   67.16,   59.23
14/02/2013 17:40:00,   59.74,   61.73,   54.78,   64.70,   67.22,   61.05
14/02/2013 17:45:00,   59.44,   61.45,   56.12,   63.44,   65.12,   60.22
14/02/2013 17:50:00,   59.64,   62.16,   55.99,   63.92,   66.79,   60.07
14/02/2013 17:55:00,   58.75,   61.15,   55.32,   62.70,   64.98,   59.60
14/02/2013 18:00:00,   58.99,   60.83,   56.04,   62.84,   64.86,   60.27
14/02/2013 18:05:00,   58.95,   60.88,   56.39,   62.28,   63.81,   59.98
14/02/2013 18:10:00,   59.39,   62.58,   54.34,   63.16,   65.82,   58.56
14/02/2013 18:15:00,   59.38,   61.71,   55.19,   63.02,   65.83,   59.18
14/02/2013 18:20:00,   59.31,   62.05,   54.78,   63.07,   66.13,   58.63
14/02/2013 18:25:00,   59.14,   62.39,   53.48,   62.52,   65.47,   57.75
14/02/2013 18:30:00,   59.48,   61.93,   54.00,   62.61,   64.53,   58.68
14/02/2013 18:35:00,   59.42,   61.73,   54.74,   62.85,   64.81,   59.02
14/02/2013 18:40:00,   60.11,   62.42,   55.64,   63.04,   65.04,   59.75
14/02/2013 18:45:00,   59.54,   61.86,   56.45,   62.85,   65.16,   60.08
14/02/2013 18:50:00,   59.50,   61.66,   56.07,   63.08,   65.60,   59.88
14/02/2013 18:55:00,   60.09,   62.20,   56.32,   63.23,   65.64,   59.79
14/02/2013 19:00:00,   60.32,   62.44,   56.86,   63.35,   65.04,   60.58
14/02/2013 19:05:00,   59.94,   62.11,   56.71,   63.35,   65.39,   60.81
14/02/2013 19:10:00,   60.15,   62.05,   56.85,   63.83,   65.99,   61.01
14/02/2013 19:15:00,   59.77,   61.59,   56.52,   63.31,   64.76,   60.71
14/02/2013 19:20:00,   60.42,   62.55,   56.28,   63.32,   65.36,   59.87
14/02/2013 19:25:00,   59.54,   62.28,   55.34,   63.33,   65.38,   59.46
14/02/2013 19:30:00,   60.35,   62.33,   57.18,   63.68,   65.38,   60.42
14/02/2013 19:35:00,   60.06,   62.61,   56.89,   63.16,   64.96,   60.59
14/02/2013 19:40:00,   60.17,   61.97,   57.32,   63.53,   65.07,   60.86
14/02/2013 19:45:00,   59.97,   62.16,   57.40,   63.16,   64.66,   61.27
14/02/2013 19:50:00,   60.18,   62.47,   57.16,   63.37,   65.54,   60.52
14/02/2013 19:55:00,   59.65,   61.88,   56.74,   62.79,   64.52,   60.02
14/02/2013 20:00:00,   59.10,   61.77,   55.95,   62.09,   64.62,   59.28
14/02/2013 20:05:00,   59.62,   61.79,   55.82,   62.62,   64.73,   59.16
14/02/2013 20:10:00,   60.41,   62.87,   56.06,   63.41,   65.74,   59.47
14/02/2013 20:15:00,   59.38,   62.31,   55.87,   62.48,   64.88,   59.33
14/02/2013 20:20:00,   59.68,   62.55,   55.81,   63.18,   65.34,   60.40
14/02/2013 20:25:00,   58.99,   61.66,   55.73,   61.99,   64.24,   58.89
14/02/2013 20:30:00,   59.71,   62.39,   56.07,   63.54,   65.92,   59.53
14/02/2013 20:35:00,   59.10,   61.36,   56.05,   62.51,   64.84,   59.52
14/02/2013 20:40:00,   59.41,   62.00,   55.66,   62.49,   64.74,   59.43
14/02/2013 20:45:00,   59.90,   62.01,   56.17,   62.92,   65.15,   59.51
14/02/2013 20:50:00,   59.35,   62.07,   54.97,   62.77,   66.10,   58.39
14/02/2013 20:55:00,   59.32,   61.58,   56.51,   61.92,   63.82,   59.53
14/02/2013 21:00:00,   59.05,   61.84,   55.51,   61.73,   64.06,   58.55
14/02/2013 21:05:00,   59.06,   61.62,   55.03,   61.90,   64.33,   58.14
14/02/2013 21:10:00,   59.95,   62.60,   56.54,   63.46,   65.49,   59.54
14/02/2013 21:15:00,   58.63,   61.10,   55.03,   61.78,   64.32,   58.35
14/02/2013 21:20:00,   59.33,   62.12,   54.96,   62.64,   65.32,   58.87
14/02/2013 21:25:00,   59.05,   61.96,   55.12,   62.80,   65.22,   59.23
14/02/2013 21:30:00,   59.86,   62.55,   55.56,   63.50,   66.50,   59.23
14/02/2013 21:35:00,   58.42,   61.92,   54.23,   61.77,   64.62,   58.08
14/02/2013 21:40:00,   58.49,   61.50,   54.52,   61.13,   63.52,   58.17
14/02/2013 21:45:00,   58.64,   61.47,   54.69,   61.47,   63.74,   58.19
14/02/2013 21:50:00,   58.07,   60.79,   54.37,   61.33,   63.74,   58.18
14/02/2013 21:55:00,   58.97,   62.08,   53.74,   61.53,   64.22,   57.34
14/02/2013 22:00:00,   57.17,   60.74,   53.35,   60.03,   62.85,   56.73
14/02/2013 22:05:00,   58.19,   61.28,   54.27,   60.87,   63.43,   57.82
14/02/2013 22:10:00,   58.94,   61.37,   55.29,   61.73,   63.69,   58.73
14/02/2013 22:15:00,   58.47,   61.17,   54.41,   61.27,   63.34,   57.98
14/02/2013 22:20:00,   57.64,   60.52,   53.71,   61.29,   63.95,   57.60
14/02/2013 22:25:00,   58.49,   61.82,   53.31,   62.93,   65.36,   57.46
14/02/2013 22:30:00,   58.14,   61.28,   54.05,   61.61,   65.00,   57.74
14/02/2013 22:35:00,   57.40,   60.10,   53.47,   60.33,   62.86,   56.74
14/02/2013 22:40:00,   56.99,   60.39,   52.94,   60.85,   64.35,   56.48
14/02/2013 22:45:00,   58.36,   62.23,   53.47,   61.66,   65.49,   57.26
14/02/2013 22:50:00,   56.32,   59.49,   52.14,   59.34,   62.15,   55.93
14/02/2013 22:55:00,   57.09,   60.41,   52.94,   60.13,   62.91,   56.68
14/02/2013 23:00:00,   56.49,   59.09,   51.94,   59.66,   61.66,   55.90
14/02/2013 23:05:00,   57.29,   60.52,   52.12,   60.01,   62.68,   55.70
14/02/2013 23:10:00,   56.25,   59.71,   51.85,   58.99,   62.17,   55.38
14/02/2013 23:15:00,   57.92,   61.29,   53.45,   60.95,   63.76,   56.71
14/02/2013 23:20:00,   56.80,   61.21,   52.02,   59.96,   63.57,   56.23
14/02/2013 23:25:00,   56.20,   59.77,   51.49,   59.80,   62.70,   55.63
14/02/2013 23:30:00,   55.89,   59.19,   51.13,   59.05,   62.23,   54.62
14/02/2013 23:35:00,   57.44,   60.90,   50.73,   60.13,   63.47,   54.58
14/02/2013 23:40:00,   57.13,   61.18,   51.03,   60.04,   63.44,   54.40
14/02/2013 23:45:00,   56.14,   59.48,   50.48,   58.75,   61.43,   54.56
14/02/2013 23:50:00,   56.66,   60.93,   50.20,   59.21,   63.04,   53.93
14/02/2013 23:55:00,   56.22,   59.75,   50.03,   59.29,   61.95,   55.30

