# noise_analysis run from DCC-NOISE-001003 at Sun Dec 29 00:02:00 2013
# Monitoring unit located at 53.342609N 6.340721W
# logfile   = /home/root/noise_analysis.log
# cfg_dir   = /home/root/config
# outputdir = /home/root/noise
# Sensitivity = -26.271103
# Gain = 1.000000
# Time should be in local format (i.e. daylight savings time)
# dd/mm/yyyy hh:mm:ss, A Leq,   A L10,   A L95,   C Leq,   C L10,   C L95
29/12/2013 00:07:00,   57.76,   62.16,   50.19,   59.66,   63.89,   52.86
29/12/2013 00:12:00,   56.37,   61.05,   50.57,   58.56,   62.54,   53.46
29/12/2013 00:17:00,   55.74,   59.30,   49.84,   57.88,   61.34,   52.65
29/12/2013 00:22:00,   56.40,   61.49,   50.35,   58.61,   62.94,   52.69
29/12/2013 00:27:00,   54.74,   59.72,   49.53,   57.91,   62.60,   52.98
29/12/2013 00:32:00,   55.19,   59.85,   49.46,   57.70,   61.56,   52.94
29/12/2013 00:37:00,   56.04,   60.54,   50.25,   57.96,   62.05,   52.91
29/12/2013 00:42:00,   55.01,   59.53,   49.19,   57.92,   61.96,   52.41
29/12/2013 00:47:00,   55.66,   60.59,   49.35,   57.87,   62.27,   52.40
29/12/2013 00:52:00,   54.77,   58.97,   49.87,   57.91,   61.99,   52.89
29/12/2013 00:57:00,   56.51,   60.44,   50.05,   59.49,   63.05,   53.20
29/12/2013 01:02:00,   56.02,   60.54,   49.05,   59.07,   62.69,   52.27
29/12/2013 01:07:00,   56.67,   61.48,   48.57,   58.68,   62.80,   52.22
29/12/2013 01:12:00,   55.95,   59.49,   50.38,   58.56,   61.64,   53.99
29/12/2013 01:17:00,   56.15,   60.63,   49.68,   58.22,   61.96,   52.28
29/12/2013 01:22:00,   56.26,   61.88,   48.28,   58.73,   63.42,   51.01
29/12/2013 01:27:00,   53.88,   58.19,   48.89,   56.53,   60.33,   52.01
29/12/2013 01:32:00,   55.87,   59.63,   50.24,   58.88,   62.72,   52.54
29/12/2013 01:37:00,   55.89,   60.13,   49.39,   58.41,   61.85,   53.40
29/12/2013 01:42:00,   56.21,   60.08,   49.71,   59.74,   63.54,   53.23
29/12/2013 01:47:00,   57.89,   61.72,   52.37,   60.58,   64.28,   54.52
29/12/2013 01:52:00,   57.20,   61.13,   51.03,   60.35,   63.11,   54.23
29/12/2013 01:57:00,   56.14,   59.77,   49.88,   60.32,   63.46,   53.46
29/12/2013 02:02:00,   56.64,   59.94,   48.67,   59.47,   63.04,   52.30
29/12/2013 02:07:00,   56.49,   60.48,   50.28,   58.62,   62.08,   53.14
29/12/2013 02:12:00,   56.73,   60.67,   48.25,   59.68,   62.61,   51.34
29/12/2013 02:17:00,   56.37,   60.73,   49.02,   59.01,   62.86,   52.46
29/12/2013 02:22:00,   54.87,   58.73,   48.30,   58.97,   63.50,   50.99
29/12/2013 02:27:00,   55.81,   60.74,   49.34,   58.87,   63.68,   52.07
29/12/2013 02:32:00,   56.00,   60.05,   49.98,   58.52,   62.45,   52.52
29/12/2013 02:37:00,   53.07,   57.42,   46.64,   56.20,   60.35,   49.78
29/12/2013 02:42:00,   55.65,   61.37,   45.62,   57.64,   62.31,   50.26
29/12/2013 02:47:00,   54.24,   58.25,   48.28,   57.44,   61.27,   51.51
29/12/2013 02:52:00,   55.32,   59.97,   48.04,   57.09,   60.96,   50.95
29/12/2013 02:57:00,   53.67,   59.48,   46.50,   55.60,   60.92,   49.44
29/12/2013 03:02:00,   53.77,   58.80,   47.56,   56.68,   61.51,   51.22
29/12/2013 03:07:00,   52.58,   57.89,   46.00,   54.78,   59.57,   49.65
29/12/2013 03:12:00,   54.78,   59.76,   48.29,   56.70,   61.58,   50.94
29/12/2013 03:17:00,   56.29,   60.10,   49.61,   58.84,   62.28,   52.54
29/12/2013 03:22:00,   56.47,   60.72,   50.31,   58.69,   62.09,   53.76
29/12/2013 03:27:00,   54.76,   59.48,   47.19,   57.85,   62.69,   50.48
29/12/2013 03:32:00,   54.45,   59.54,   47.67,   56.57,   60.85,   51.31
29/12/2013 03:37:00,   54.44,   59.39,   47.93,   56.74,   60.81,   50.90
29/12/2013 03:42:00,   52.52,   57.67,   46.58,   55.79,   60.46,   50.16
29/12/2013 03:47:00,   54.33,   59.86,   47.30,   57.15,   61.64,   50.51
29/12/2013 03:52:00,   52.87,   58.69,   46.46,   57.22,   63.08,   50.43
29/12/2013 03:57:00,   57.73,   62.48,   48.36,   62.73,   66.84,   52.27
29/12/2013 04:02:00,   53.18,   58.89,   46.95,   56.25,   61.15,   50.71
29/12/2013 04:07:00,   54.96,   60.57,   47.26,   58.58,   62.93,   52.12
29/12/2013 04:12:00,   52.46,   57.85,   47.30,   56.72,   61.40,   50.94
29/12/2013 04:17:00,   53.72,   58.74,   46.67,   56.15,   60.35,   50.27
29/12/2013 04:22:00,   54.02,   58.66,   47.99,   56.70,   60.90,   50.84
29/12/2013 04:27:00,   52.95,   59.22,   44.65,   55.40,   60.66,   48.69
29/12/2013 04:32:00,   51.42,   57.49,   45.29,   54.58,   59.63,   48.87
29/12/2013 04:37:00,   54.88,   59.99,   48.78,   57.48,   61.93,   51.71
29/12/2013 04:42:00,   51.78,   56.08,   46.90,   55.01,   58.83,   50.09
29/12/2013 04:47:00,   50.08,   55.74,   44.85,   54.20,   59.03,   48.40
29/12/2013 04:52:00,   52.17,   56.26,   46.09,   55.53,   60.32,   49.18
29/12/2013 04:57:00,   53.82,   58.03,   46.46,   56.52,   60.06,   50.08
29/12/2013 05:02:00,   51.26,   55.74,   46.57,   54.72,   58.38,   49.90
29/12/2013 05:07:00,   52.92,   58.32,   45.88,   55.58,   61.38,   49.20
29/12/2013 05:12:00,   50.31,   55.54,   45.39,   53.60,   58.69,   48.31
29/12/2013 05:17:00,   50.99,   54.78,   46.24,   55.54,   59.43,   49.85
29/12/2013 05:22:00,   51.61,   56.16,   45.34,   55.66,   60.70,   49.09
29/12/2013 05:27:00,   51.85,   57.10,   44.85,   54.11,   58.14,   48.91
29/12/2013 05:32:00,   53.39,   58.25,   46.25,   55.87,   60.32,   49.73
29/12/2013 05:37:00,   52.59,   58.30,   47.04,   55.98,   59.95,   50.23
29/12/2013 05:42:00,   51.87,   58.65,   45.19,   54.19,   59.86,   48.28
29/12/2013 05:47:00,   50.91,   56.17,   46.46,   53.84,   58.31,   49.48
29/12/2013 05:52:00,   50.88,   55.12,   46.24,   54.78,   59.12,   49.66
29/12/2013 05:57:00,   52.54,   57.67,   45.25,   54.34,   58.92,   48.81
29/12/2013 06:02:00,   53.48,   58.30,   45.02,   55.37,   59.60,   48.86
29/12/2013 06:07:00,   49.00,   52.73,   46.34,   51.82,   54.69,   49.53
29/12/2013 06:12:00,   51.00,   55.47,   46.40,   53.07,   57.03,   49.06
29/12/2013 06:17:00,   53.51,   58.51,   48.46,   55.81,   60.49,   51.16
29/12/2013 06:22:00,   51.86,   56.58,   46.79,   56.44,   63.10,   50.00
29/12/2013 06:27:00,   50.30,   54.66,   46.10,   52.77,   56.29,   48.92
29/12/2013 06:32:00,   51.47,   55.88,   46.69,   55.15,   59.61,   49.67
29/12/2013 06:37:00,   51.04,   55.84,   46.07,   53.24,   57.64,   48.96
29/12/2013 06:42:00,   53.06,   57.32,   48.29,   55.19,   58.34,   51.11
29/12/2013 06:47:00,   54.02,   58.03,   48.59,   56.02,   59.73,   51.29
29/12/2013 06:52:00,   55.23,   60.21,   49.35,   58.42,   63.36,   52.11
29/12/2013 06:57:00,   51.39,   54.35,   48.51,   55.88,   58.97,   52.24
29/12/2013 07:02:00,   54.72,   59.01,   48.82,   56.97,   60.78,   51.51
29/12/2013 07:07:00,   53.16,   57.63,   48.16,   57.66,   61.69,   51.55
29/12/2013 07:12:00,   53.87,   58.25,   47.93,   56.61,   60.51,   51.65
29/12/2013 07:17:00,   55.25,   59.74,   49.97,   58.02,   62.32,   52.96
29/12/2013 07:22:00,   52.42,   56.57,   48.14,   55.62,   58.96,   51.27
29/12/2013 07:27:00,   53.94,   58.74,   48.51,   57.23,   61.62,   51.44
29/12/2013 07:32:00,   53.53,   58.14,   48.79,   56.16,   59.75,   51.85
29/12/2013 07:37:00,   53.97,   58.55,   49.32,   57.31,   60.93,   52.66
29/12/2013 07:42:00,   54.15,   58.50,   49.22,   57.43,   61.02,   52.77
29/12/2013 07:47:00,   54.34,   58.39,   49.54,   56.28,   59.58,   52.49
29/12/2013 07:52:00,   55.59,   60.51,   50.01,   58.95,   64.16,   52.90
29/12/2013 07:57:00,   54.45,   58.51,   49.85,   56.52,   60.10,   52.87
29/12/2013 08:02:00,   53.07,   57.17,   48.11,   56.58,   60.89,   50.93
29/12/2013 08:07:00,   54.66,   60.48,   48.40,   59.35,   64.88,   52.66
29/12/2013 08:12:00,   53.91,   58.05,   48.65,   55.09,   59.12,   51.03
29/12/2013 08:17:00,   57.44,   61.85,   51.23,   60.94,   66.01,   53.29
29/12/2013 08:22:00,   54.72,   59.35,   49.31,   58.07,   62.86,   51.74
29/12/2013 08:27:00,   53.93,   57.42,   49.98,   55.63,   58.45,   52.32
29/12/2013 08:32:00,   52.90,   56.41,   48.59,   54.57,   57.86,   51.35
29/12/2013 08:37:00,   56.05,   59.77,   51.29,   58.27,   60.92,   53.32
29/12/2013 08:42:00,   56.11,   60.37,   50.43,   58.73,   62.26,   53.14
29/12/2013 08:47:00,   55.51,   59.72,   50.26,   57.18,   60.70,   52.83
29/12/2013 08:52:00,   55.14,   59.59,   49.53,   56.76,   60.45,   51.48
29/12/2013 08:57:00,   56.33,   61.23,   49.64,   56.97,   61.77,   51.22
29/12/2013 09:02:00,   54.09,   58.62,   49.02,   56.41,   60.06,   51.39
29/12/2013 09:07:00,   54.30,   59.42,   49.04,   56.44,   60.58,   51.42
29/12/2013 09:12:00,   54.02,   58.06,   49.30,   57.06,   61.25,   52.01
29/12/2013 09:17:00,   54.32,   58.62,   49.88,   57.24,   61.13,   51.85
29/12/2013 09:22:00,   56.88,   60.95,   50.24,   58.99,   63.12,   52.10
29/12/2013 09:27:00,   55.48,   59.43,   50.37,   56.77,   60.58,   52.32
29/12/2013 09:32:00,   54.78,   59.15,   49.70,   56.26,   60.23,   51.82
29/12/2013 09:37:00,   57.44,   61.51,   51.45,   59.60,   63.55,   54.52
29/12/2013 09:42:00,   56.00,   60.84,   50.34,   56.98,   61.17,   52.89
29/12/2013 09:47:00,   56.70,   60.96,   51.39,   57.57,   61.52,   53.21
29/12/2013 09:52:00,   56.66,   61.48,   51.64,   58.12,   62.56,   53.75
29/12/2013 09:57:00,   55.50,   59.26,   50.00,   57.04,   60.84,   52.32
29/12/2013 10:02:00,   55.52,   60.65,   48.97,   56.87,   61.57,   51.51
29/12/2013 10:07:00,   56.89,   60.79,   51.04,   58.70,   62.58,   54.16
29/12/2013 10:12:00,   57.09,   60.30,   51.92,   58.06,   61.16,   53.69
29/12/2013 10:17:00,   56.52,   60.03,   51.32,   58.44,   61.80,   53.79
29/12/2013 10:22:00,   58.61,   62.23,   53.40,   60.16,   63.19,   55.85
29/12/2013 10:27:00,   55.70,   59.91,   49.62,   57.46,   61.54,   52.61
29/12/2013 10:32:00,   56.84,   60.93,   51.39,   58.24,   62.03,   53.58
29/12/2013 10:37:00,   57.70,   60.96,   52.17,   60.10,   62.71,   55.20
29/12/2013 10:42:00,   58.08,   61.26,   52.82,   59.71,   62.79,   55.24
29/12/2013 10:47:00,   57.56,   62.18,   50.73,   59.71,   63.70,   53.06
29/12/2013 10:52:00,   57.74,   61.06,   51.54,   59.70,   62.94,   54.83
29/12/2013 10:57:00,   57.20,   61.80,   51.07,   59.06,   62.87,   54.50
29/12/2013 11:02:00,   57.50,   61.28,   52.41,   59.62,   62.64,   55.12
29/12/2013 11:07:00,   57.14,   61.44,   51.29,   59.21,   63.33,   54.12
29/12/2013 11:12:00,   57.89,   61.43,   52.82,   59.47,   62.41,   55.30
29/12/2013 11:17:00,   57.52,   61.25,   49.34,   59.67,   63.61,   52.52
29/12/2013 11:22:00,   58.72,   61.64,   51.61,   60.03,   63.28,   53.58
29/12/2013 11:27:00,   57.24,   60.87,   50.37,   59.20,   62.50,   53.40
29/12/2013 11:32:00,   57.59,   61.11,   51.43,   59.67,   62.50,   55.39
29/12/2013 11:37:00,   58.29,   61.43,   52.52,   60.87,   64.08,   55.55
29/12/2013 11:42:00,   58.48,   61.76,   53.64,   60.09,   62.87,   56.40
29/12/2013 11:47:00,   58.44,   61.76,   53.20,   61.18,   64.50,   56.59
29/12/2013 11:52:00,   59.73,   62.35,   54.76,   62.91,   65.44,   58.89
29/12/2013 11:57:00,   58.40,   61.35,   53.91,   60.37,   62.80,   56.10
29/12/2013 12:02:00,   58.28,   61.48,   51.75,   60.70,   63.46,   56.22
29/12/2013 12:07:00,   58.89,   61.33,   53.03,   61.46,   63.94,   56.14
29/12/2013 12:12:00,   59.45,   63.29,   54.23,   61.30,   64.19,   56.51
29/12/2013 12:17:00,   59.13,   62.95,   52.59,   60.83,   64.47,   55.81
29/12/2013 12:22:00,   58.91,   61.98,   53.11,   61.50,   63.99,   56.19
29/12/2013 12:27:00,   59.85,   61.94,   56.63,   61.91,   64.17,   58.37
29/12/2013 12:32:00,   59.23,   61.91,   53.72,   61.55,   63.96,   56.66
29/12/2013 12:37:00,   59.67,   62.74,   55.11,   62.29,   64.85,   58.12
29/12/2013 12:42:00,   58.40,   62.14,   53.20,   60.56,   63.66,   56.42
29/12/2013 12:47:00,   59.20,   62.44,   54.18,   61.66,   64.20,   57.43
29/12/2013 12:52:00,   59.44,   61.76,   55.26,   62.28,   64.89,   57.36
29/12/2013 12:57:00,   60.35,   62.34,   56.33,   62.72,   65.14,   58.82
29/12/2013 13:02:00,   60.94,   63.16,   57.82,   62.37,   64.56,   59.25
29/12/2013 13:07:00,   60.29,   63.04,   56.37,   62.42,   64.64,   58.87
29/12/2013 13:12:00,   59.10,   62.30,   54.76,   61.60,   64.59,   57.44
29/12/2013 13:17:00,   59.93,   62.44,   54.18,   62.71,   65.93,   56.51
29/12/2013 13:22:00,   59.30,   62.08,   54.98,   61.25,   63.82,   57.63
29/12/2013 13:27:00,   60.14,   62.69,   56.84,   61.70,   64.44,   58.76
29/12/2013 13:32:00,   61.21,   64.37,   56.17,   63.54,   68.26,   58.19
29/12/2013 13:37:00,   59.67,   61.86,   55.70,   61.95,   64.39,   58.00
29/12/2013 13:42:00,   59.71,   61.74,   55.57,   63.46,   65.50,   58.92
29/12/2013 13:47:00,   59.80,   61.89,   56.90,   63.10,   64.63,   58.11
29/12/2013 13:52:00,   60.41,   62.77,   55.83,   62.79,   64.73,   58.94
29/12/2013 13:57:00,   61.55,   63.43,   58.50,   63.43,   65.96,   60.01
29/12/2013 14:02:00,   62.25,   63.82,   59.96,   63.34,   65.24,   60.48
29/12/2013 14:07:00,   62.80,   64.23,   60.73,   65.30,   68.82,   61.15
29/12/2013 14:12:00,   61.61,   63.42,   58.85,   63.51,   65.19,   59.97
29/12/2013 14:17:00,   60.64,   62.89,   57.85,   63.51,   65.83,   59.73
29/12/2013 14:22:00,   60.24,   62.82,   56.75,   62.48,   65.06,   58.98
29/12/2013 14:27:00,   60.75,   62.60,   57.93,   63.91,   66.28,   59.64
29/12/2013 14:32:00,   61.48,   63.22,   59.13,   64.09,   66.44,   60.46
29/12/2013 14:37:00,   60.10,   62.44,   56.51,   62.72,   65.23,   58.91
29/12/2013 14:42:00,   60.23,   63.46,   55.21,   62.23,   64.90,   58.20
29/12/2013 14:47:00,   58.96,   61.91,   55.06,   61.01,   63.60,   57.18
29/12/2013 14:52:00,   60.88,   63.19,   57.57,   63.77,   65.98,   59.42
29/12/2013 14:57:00,   61.19,   63.55,   58.27,   63.84,   66.51,   59.46
29/12/2013 15:02:00,   61.50,   63.42,   58.84,   62.94,   65.15,   59.70
29/12/2013 15:07:00,   61.01,   63.18,   58.52,   63.49,   65.78,   59.51
29/12/2013 15:12:00,   61.60,   63.55,   58.70,   64.22,   66.11,   59.22
29/12/2013 15:17:00,   60.84,   63.34,   57.18,   64.35,   67.25,   58.71
29/12/2013 15:22:00,   60.80,   62.92,   56.36,   62.85,   65.16,   59.40
29/12/2013 15:27:00,   61.56,   63.64,   58.79,   64.14,   66.45,   60.24
29/12/2013 15:32:00,   61.61,   63.68,   57.56,   64.58,   67.30,   59.55
29/12/2013 15:37:00,   59.70,   62.16,   56.14,   65.69,   70.02,   59.95
29/12/2013 15:42:00,   60.17,   62.69,   56.87,   65.78,   70.03,   60.37
29/12/2013 15:47:00,   59.71,   62.51,   54.52,   63.90,   67.07,   58.53
29/12/2013 15:52:00,   60.41,   62.73,   56.63,   67.27,   72.84,   60.40
29/12/2013 15:57:00,   58.49,   61.29,   54.57,   63.14,   65.79,   58.52
29/12/2013 16:02:00,   59.54,   61.94,   55.74,   63.64,   66.86,   59.69
29/12/2013 16:07:00,   59.70,   62.91,   54.29,   63.98,   67.79,   58.14
29/12/2013 16:12:00,   59.81,   62.85,   54.42,   66.66,   71.25,   60.90
29/12/2013 16:17:00,   58.69,   61.66,   54.86,   62.91,   65.52,   57.97
29/12/2013 16:22:00,   58.56,   61.34,   53.99,   62.15,   64.75,   57.19
29/12/2013 16:27:00,   58.62,   61.17,   54.81,   61.89,   64.01,   58.54
29/12/2013 16:32:00,   57.94,   61.62,   52.64,   60.98,   64.06,   55.78
29/12/2013 16:37:00,   58.93,   61.61,   53.75,   63.13,   65.87,   58.42
29/12/2013 16:42:00,   58.84,   61.81,   53.92,   62.66,   65.78,   58.00
29/12/2013 16:47:00,   58.53,   62.10,   51.74,   62.68,   66.03,   55.66
29/12/2013 16:52:00,   58.51,   61.00,   54.40,   62.92,   65.60,   58.09
29/12/2013 16:57:00,   58.24,   60.95,   53.28,   61.99,   64.81,   57.48
29/12/2013 17:02:00,   58.52,   61.81,   54.50,   61.78,   64.49,   58.30
29/12/2013 17:07:00,   58.72,   61.31,   54.23,   61.83,   64.24,   57.92
29/12/2013 17:12:00,   58.78,   61.95,   53.96,   61.55,   64.23,   57.49
29/12/2013 17:17:00,   57.62,   60.73,   53.35,   61.47,   64.05,   56.83
29/12/2013 17:22:00,   57.98,   60.64,   52.56,   61.81,   64.69,   56.57
29/12/2013 17:27:00,   58.77,   61.73,   52.91,   64.96,   69.66,   55.85
29/12/2013 17:32:00,   58.94,   61.82,   54.31,   62.73,   65.56,   57.16
29/12/2013 17:37:00,   58.83,   62.38,   52.65,   65.14,   69.69,   57.22
29/12/2013 17:42:00,   57.99,   61.03,   53.85,   62.12,   64.76,   57.69
29/12/2013 17:47:00,   58.19,   61.30,   53.21,   62.28,   65.49,   57.06
29/12/2013 17:52:00,   59.25,   62.49,   54.02,   64.76,   68.82,   57.22
29/12/2013 17:57:00,   59.03,   61.46,   55.71,   63.55,   66.89,   58.95
29/12/2013 18:02:00,   60.29,   63.10,   55.34,   67.64,   72.90,   59.89
29/12/2013 18:07:00,   58.90,   61.33,   54.68,   65.28,   69.23,   58.93
29/12/2013 18:12:00,   62.30,   63.03,   55.68,   67.03,   72.45,   58.77
29/12/2013 18:17:00,   59.24,   62.30,   55.08,   62.98,   66.80,   58.00
29/12/2013 18:22:00,   60.45,   63.21,   55.82,   66.44,   71.68,   59.90
29/12/2013 18:27:00,   59.78,   62.52,   55.09,   64.24,   68.34,   58.60
29/12/2013 18:32:00,   59.76,   62.72,   55.66,   64.38,   67.85,   59.04
29/12/2013 18:37:00,   59.00,   61.55,   54.04,   62.92,   65.90,   58.01
29/12/2013 18:42:00,   59.45,   62.04,   55.07,   64.80,   68.13,   58.51
29/12/2013 18:47:00,   59.97,   62.68,   55.07,   65.45,   69.03,   58.44
29/12/2013 18:52:00,   61.27,   63.56,   56.98,   68.17,   72.98,   60.97
29/12/2013 18:57:00,   59.47,   62.67,   54.76,   62.56,   65.07,   58.07
29/12/2013 19:02:00,   59.40,   62.46,   54.44,   64.44,   68.46,   58.57
29/12/2013 19:07:00,   59.46,   62.17,   55.51,   65.31,   69.53,   59.17
29/12/2013 19:12:00,   60.59,   63.72,   55.92,   67.43,   72.59,   59.67
29/12/2013 19:17:00,   59.56,   62.59,   54.88,   64.86,   68.64,   58.19
29/12/2013 19:22:00,   58.80,   61.54,   53.41,   65.42,   70.80,   56.83
29/12/2013 19:27:00,   60.61,   62.97,   55.50,   66.79,   70.88,   58.85
29/12/2013 19:32:00,   60.17,   63.04,   56.45,   65.87,   71.20,   59.00
29/12/2013 19:37:00,   59.42,   62.32,   54.67,   62.81,   65.78,   57.60
29/12/2013 19:42:00,   59.83,   63.07,   55.57,   64.89,   69.26,   59.09
29/12/2013 19:47:00,   59.89,   62.76,   55.36,   64.78,   68.60,   59.09
29/12/2013 19:52:00,   59.82,   62.87,   55.16,   65.73,   69.77,   58.90
29/12/2013 19:57:00,   60.16,   63.62,   54.14,   67.51,   72.23,   58.28
29/12/2013 20:02:00,   60.09,   62.98,   55.18,   65.22,   69.90,   59.27
29/12/2013 20:07:00,   60.04,   62.82,   54.63,   65.05,   69.48,   57.36
29/12/2013 20:12:00,   59.70,   62.67,   53.78,   66.32,   70.15,   59.01
29/12/2013 20:17:00,   60.01,   62.64,   55.22,   65.79,   70.21,   59.12
29/12/2013 20:22:00,   59.37,   62.04,   53.63,   66.02,   70.90,   57.92
29/12/2013 20:27:00,   60.05,   63.13,   54.41,   65.37,   69.42,   58.38
29/12/2013 20:32:00,   60.46,   63.57,   54.27,   64.27,   68.93,   57.45
29/12/2013 20:37:00,   59.70,   63.49,   54.62,   64.90,   68.90,   58.75
29/12/2013 20:42:00,   59.71,   62.98,   54.11,   64.88,   68.73,   58.16
29/12/2013 20:47:00,   59.83,   63.43,   53.31,   63.08,   66.99,   56.48
29/12/2013 20:52:00,   61.16,   63.71,   56.57,   66.71,   70.86,   59.53
29/12/2013 20:57:00,   59.91,   63.82,   53.90,   68.32,   74.55,   57.09
29/12/2013 21:02:00,   60.18,   62.87,   53.48,   69.38,   74.96,   59.07
29/12/2013 21:07:00,   60.42,   63.63,   54.80,   65.95,   69.53,   58.94
29/12/2013 21:12:00,   60.49,   63.97,   54.60,   66.64,   72.57,   58.36
29/12/2013 21:17:00,   61.03,   63.92,   53.52,   66.73,   71.98,   57.74
29/12/2013 21:22:00,   60.32,   63.68,   54.65,   66.65,   72.01,   59.00
29/12/2013 21:27:00,   61.62,   64.75,   54.90,   68.77,   74.64,   59.78
29/12/2013 21:32:00,   60.76,   64.32,   56.15,   68.42,   74.26,   60.16
29/12/2013 21:37:00,   60.56,   64.04,   54.68,   67.07,   71.46,   58.98
29/12/2013 21:42:00,   59.89,   63.67,   53.86,   68.16,   73.37,   58.64
29/12/2013 21:47:00,   59.84,   63.55,   53.87,   65.89,   71.25,   57.42
29/12/2013 21:52:00,   58.67,   62.48,   52.76,   66.53,   72.05,   56.78
29/12/2013 21:57:00,   59.38,   62.76,   53.23,   67.16,   72.49,   56.69
29/12/2013 22:02:00,   59.42,   62.83,   53.10,   68.10,   73.76,   58.19
29/12/2013 22:07:00,   60.09,   62.70,   53.73,   68.55,   75.09,   56.99
29/12/2013 22:12:00,   59.73,   63.82,   53.14,   63.76,   67.05,   57.04
29/12/2013 22:17:00,   60.67,   63.58,   53.87,   68.26,   73.86,   57.86
29/12/2013 22:22:00,   61.35,   64.02,   54.80,   69.09,   75.26,   59.61
29/12/2013 22:27:00,   57.86,   61.86,   52.19,   65.23,   69.49,   56.84
29/12/2013 22:32:00,   60.08,   62.98,   54.60,   68.04,   74.02,   59.45
29/12/2013 22:37:00,   60.15,   63.67,   53.68,   68.50,   73.96,   57.78
29/12/2013 22:42:00,   58.98,   62.39,   53.76,   65.97,   71.49,   57.13
29/12/2013 22:47:00,   59.68,   63.80,   52.62,   68.06,   73.78,   56.16
29/12/2013 22:52:00,   58.24,   62.69,   50.74,   64.49,   70.41,   55.15
29/12/2013 22:57:00,   60.18,   63.78,   54.53,   68.88,   74.75,   59.35
29/12/2013 23:02:00,   60.72,   64.33,   53.71,   68.08,   73.24,   59.05
29/12/2013 23:07:00,   59.26,   63.00,   53.93,   65.18,   70.44,   57.57
29/12/2013 23:12:00,   57.96,   61.45,   53.01,   63.75,   67.15,   56.69
29/12/2013 23:17:00,   57.66,   60.95,   51.46,   67.19,   73.15,   56.53
29/12/2013 23:22:00,   59.88,   63.73,   52.12,   66.83,   71.24,   58.53
29/12/2013 23:27:00,   57.37,   61.84,   51.02,   61.26,   65.47,   54.97
29/12/2013 23:32:00,   58.66,   62.97,   51.89,   64.76,   68.62,   55.50
29/12/2013 23:37:00,   59.06,   63.32,   52.65,   65.39,   70.24,   56.92
29/12/2013 23:42:00,   59.15,   63.57,   52.89,   65.57,   71.37,   56.27
29/12/2013 23:47:00,   57.93,   62.15,   52.29,   64.92,   69.48,   55.82
29/12/2013 23:52:00,   58.91,   62.31,   53.62,   65.46,   69.89,   57.77
29/12/2013 23:57:00,   58.33,   63.01,   51.08,   64.34,   68.94,   54.92

