# noise_analysis run from DCC-NOISE-001003 at Sun Nov 24 00:00:00 2013
# Monitoring unit located at 53.342609N 6.340721W
# logfile   = /home/root/noise_analysis.log
# cfg_dir   = /home/root/config
# outputdir = /home/root/noise
# Sensitivity = -26.271103
# Gain = 1.000000
# Time should be in local format (i.e. daylight savings time)
# dd/mm/yyyy hh:mm:ss, A Leq,   A L10,   A L95,   C Leq,   C L10,   C L95
24/11/2013 00:05:00,   55.72,   60.63,   48.54,   57.40,   61.72,   51.28
24/11/2013 00:10:00,   55.36,   59.13,   49.22,   57.14,   60.84,   51.52
24/11/2013 00:15:00,   56.31,   61.04,   49.51,   57.62,   62.03,   51.06
24/11/2013 00:20:00,   54.57,   59.08,   47.21,   56.09,   60.42,   49.49
24/11/2013 00:25:00,   54.40,   58.18,   48.96,   56.82,   59.94,   51.61
24/11/2013 00:30:00,   56.12,   60.58,   48.97,   57.29,   61.30,   51.09
24/11/2013 00:35:00,   54.86,   60.36,   46.83,   56.87,   62.66,   49.25
24/11/2013 00:40:00,   55.40,   59.72,   48.60,   57.66,   62.26,   51.15
24/11/2013 00:45:00,   54.84,   59.10,   46.26,   56.54,   60.41,   48.48
24/11/2013 00:50:00,   55.84,   60.74,   47.31,   57.55,   61.92,   49.64
24/11/2013 00:55:00,   55.41,   59.92,   48.19,   58.39,   63.21,   50.56
24/11/2013 01:00:00,   55.30,   59.81,   49.25,   58.45,   62.64,   51.64
24/11/2013 01:06:00,   54.60,   60.46,   46.22,   56.30,   61.95,   48.32
24/11/2013 01:11:00,   54.95,   60.47,   46.72,   56.69,   61.73,   48.67
24/11/2013 01:16:00,   54.84,   60.17,   46.46,   56.24,   61.09,   48.60
24/11/2013 01:21:00,   55.38,   60.47,   47.11,   57.07,   61.95,   49.32
24/11/2013 01:26:00,   55.63,   60.02,   46.62,   56.88,   60.87,   48.88
24/11/2013 01:31:00,   53.82,   59.49,   46.28,   55.70,   60.76,   48.49
24/11/2013 01:36:00,   55.14,   60.73,   46.13,   57.45,   62.44,   48.59
24/11/2013 01:41:00,   52.94,   57.93,   45.49,   55.67,   60.26,   48.20
24/11/2013 01:46:00,   55.12,   60.28,   47.90,   57.03,   61.52,   49.96
24/11/2013 01:51:00,   56.43,   60.43,   48.53,   58.25,   62.09,   50.84
24/11/2013 01:56:00,   55.23,   59.55,   48.00,   56.62,   60.71,   50.40
24/11/2013 02:01:00,   55.41,   60.24,   47.30,   56.74,   61.46,   49.59
24/11/2013 02:06:00,   56.98,   61.15,   49.07,   58.33,   62.09,   51.01
24/11/2013 02:11:00,   55.99,   60.44,   48.25,   57.22,   61.31,   50.42
24/11/2013 02:16:00,   55.54,   59.16,   49.38,   57.54,   61.20,   52.03
24/11/2013 02:21:00,   53.58,   59.19,   44.26,   55.54,   60.13,   47.43
24/11/2013 02:26:00,   52.38,   56.60,   45.96,   54.07,   58.31,   48.26
24/11/2013 02:31:00,   54.19,   59.03,   43.88,   55.70,   60.23,   46.91
24/11/2013 02:36:00,   53.33,   59.39,   44.57,   54.68,   59.98,   46.99
24/11/2013 02:41:00,   52.94,   57.89,   44.31,   54.32,   58.95,   46.35
24/11/2013 02:46:00,   52.43,   57.19,   45.95,   54.29,   58.85,   48.63
24/11/2013 02:51:00,   52.79,   58.93,   43.65,   54.42,   59.94,   46.12
24/11/2013 02:56:00,   55.75,   60.06,   48.08,   56.92,   60.85,   50.16
24/11/2013 03:01:00,   54.15,   59.30,   44.94,   55.47,   60.20,   47.03
24/11/2013 03:06:00,   53.46,   58.97,   45.72,   55.42,   59.99,   47.99
24/11/2013 03:11:00,   53.73,   59.25,   45.49,   55.03,   60.30,   48.29
24/11/2013 03:16:00,   52.81,   58.41,   45.33,   55.27,   60.95,   47.61
24/11/2013 03:21:00,   52.34,   57.21,   44.78,   53.79,   58.56,   47.18
24/11/2013 03:26:00,   53.85,   58.85,   45.73,   55.62,   60.48,   48.12
24/11/2013 03:31:00,   53.87,   58.83,   46.43,   55.55,   60.52,   49.41
24/11/2013 03:36:00,   53.94,   59.48,   44.89,   55.15,   60.59,   46.68
24/11/2013 03:41:00,   54.18,   59.03,   47.49,   55.78,   60.42,   49.51
24/11/2013 03:46:00,   54.51,   58.74,   46.09,   56.22,   60.38,   47.61
24/11/2013 03:51:00,   53.13,   59.48,   43.51,   54.78,   60.58,   45.80
24/11/2013 03:56:00,   51.77,   57.80,   41.69,   53.76,   60.01,   44.15
24/11/2013 04:01:00,   53.02,   58.44,   44.12,   54.27,   59.32,   46.76
24/11/2013 04:06:00,   51.86,   57.77,   44.51,   53.62,   58.88,   46.68
24/11/2013 04:11:00,   54.08,   59.52,   45.98,   55.54,   61.05,   47.92
24/11/2013 04:16:00,   52.26,   57.99,   45.19,   53.71,   59.21,   47.28
24/11/2013 04:21:00,   53.76,   60.14,   44.74,   55.37,   61.10,   47.34
24/11/2013 04:26:00,   52.88,   58.10,   45.39,   54.48,   59.45,   47.39
24/11/2013 04:31:00,   52.43,   59.10,   43.85,   53.97,   60.78,   46.03
24/11/2013 04:36:00,   52.93,   58.12,   43.63,   54.45,   59.52,   46.12
24/11/2013 04:41:00,   51.42,   58.42,   43.48,   52.85,   59.29,   45.92
24/11/2013 04:46:00,   50.72,   57.80,   41.27,   52.70,   59.18,   43.78
24/11/2013 04:51:00,   50.55,   57.20,   42.02,   52.83,   58.77,   44.28
24/11/2013 04:56:00,   50.77,   57.21,   42.83,   52.07,   57.99,   45.28
24/11/2013 05:01:00,   51.23,   57.17,   42.94,   53.49,   59.59,   45.66
24/11/2013 05:06:00,   50.83,   57.28,   42.53,   52.91,   58.71,   45.22
24/11/2013 05:11:00,   51.93,   58.93,   42.92,   53.33,   59.53,   45.54
24/11/2013 05:16:00,   50.38,   57.20,   43.11,   52.21,   58.85,   45.57
24/11/2013 05:21:00,   50.59,   56.52,   41.95,   51.84,   57.26,   44.33
24/11/2013 05:26:00,   51.42,   57.74,   43.09,   53.31,   58.22,   45.83
24/11/2013 05:31:00,   49.06,   55.16,   42.35,   50.61,   56.68,   44.67
24/11/2013 05:36:00,   52.25,   59.57,   43.22,   53.44,   60.69,   45.43
24/11/2013 05:41:00,   52.41,   58.78,   43.80,   53.78,   59.83,   46.90
24/11/2013 05:46:00,   52.80,   59.15,   42.14,   54.17,   59.88,   44.53
24/11/2013 05:51:00,   50.58,   57.39,   42.00,   52.00,   58.76,   44.31
24/11/2013 05:56:00,   52.70,   58.44,   44.51,   54.09,   59.07,   46.38
24/11/2013 06:01:00,   51.27,   58.01,   43.42,   53.06,   59.16,   46.05
24/11/2013 06:06:00,   49.78,   55.93,   43.73,   51.60,   57.01,   46.47
24/11/2013 06:11:00,   51.49,   58.01,   42.92,   52.91,   58.63,   46.20
24/11/2013 06:16:00,   51.90,   56.45,   43.13,   54.14,   57.27,   46.11
24/11/2013 06:21:00,   45.75,   49.16,   42.30,   47.83,   51.08,   44.94
24/11/2013 06:26:00,   50.97,   55.94,   44.96,   52.45,   57.68,   47.11
24/11/2013 06:31:00,   48.49,   51.13,   44.11,   50.79,   53.19,   47.75
24/11/2013 06:36:00,   52.71,   57.28,   44.93,   54.99,   60.13,   47.18
24/11/2013 06:41:00,   49.08,   53.72,   44.15,   51.20,   55.87,   46.62
24/11/2013 06:46:00,   49.37,   54.51,   44.71,   51.16,   56.03,   47.00
24/11/2013 06:51:00,   51.40,   56.82,   44.78,   55.06,   61.12,   47.04
24/11/2013 06:56:00,   50.28,   54.88,   44.82,   53.62,   57.84,   49.02
24/11/2013 07:01:00,   51.85,   57.60,   44.20,   55.26,   59.99,   46.81
24/11/2013 07:06:00,   52.52,   57.91,   46.69,   54.99,   60.05,   50.16
24/11/2013 07:11:00,   52.43,   58.89,   45.35,   55.10,   60.43,   48.41
24/11/2013 07:16:00,   53.34,   58.06,   47.04,   57.86,   62.00,   50.17
24/11/2013 07:21:00,   53.06,   58.49,   46.09,   54.18,   58.93,   47.98
24/11/2013 07:26:00,   52.09,   56.80,   45.45,   53.22,   57.50,   47.42
24/11/2013 07:31:00,   54.72,   60.43,   47.01,   56.13,   61.44,   49.18
24/11/2013 07:36:00,   53.44,   59.04,   46.22,   55.23,   60.32,   48.48
24/11/2013 07:41:00,   52.94,   57.18,   47.22,   54.72,   58.77,   49.45
24/11/2013 07:46:00,   54.05,   58.45,   47.78,   56.17,   60.09,   50.81
24/11/2013 07:51:00,   53.65,   58.50,   45.96,   55.22,   59.79,   48.69
24/11/2013 07:56:00,   52.50,   57.42,   47.35,   55.68,   60.86,   49.87
24/11/2013 08:01:00,   53.90,   59.21,   45.68,   54.59,   59.48,   47.69
24/11/2013 08:06:00,   54.12,   59.47,   46.55,   55.21,   60.80,   48.28
24/11/2013 08:11:00,   53.73,   58.77,   46.54,   54.99,   59.63,   48.15
24/11/2013 08:16:00,   53.90,   58.86,   46.53,   55.30,   59.79,   48.66
24/11/2013 08:21:00,   52.98,   58.89,   44.87,   54.12,   59.20,   47.45
24/11/2013 08:26:00,   54.91,   59.86,   46.56,   55.65,   59.96,   48.39
24/11/2013 08:31:00,   52.69,   57.61,   46.30,   54.36,   59.32,   48.38
24/11/2013 08:36:00,   51.68,   56.01,   46.04,   53.75,   58.21,   48.42
24/11/2013 08:41:00,   54.56,   59.57,   46.49,   56.01,   60.92,   48.81
24/11/2013 08:46:00,   55.35,   59.95,   47.69,   57.85,   62.30,   50.72
24/11/2013 08:51:00,   56.17,   60.84,   47.61,   57.49,   61.64,   50.38
24/11/2013 08:56:00,   54.03,   59.32,   45.63,   55.53,   59.92,   47.83
24/11/2013 09:01:00,   54.22,   58.00,   46.34,   56.75,   60.37,   49.88
24/11/2013 09:06:00,   53.22,   58.22,   46.15,   54.73,   59.05,   48.64
24/11/2013 09:11:00,   53.53,   57.56,   47.56,   55.10,   58.88,   49.80
24/11/2013 09:16:00,   55.31,   59.48,   46.99,   58.16,   62.80,   49.59
24/11/2013 09:21:00,   55.89,   60.08,   49.06,   56.96,   61.08,   50.67
24/11/2013 09:26:00,   55.31,   59.99,   47.46,   56.94,   61.25,   49.69
24/11/2013 09:31:00,   54.16,   59.19,   47.60,   56.29,   60.88,   51.27
24/11/2013 09:36:00,   56.20,   61.68,   46.45,   58.39,   63.13,   48.94
24/11/2013 09:41:00,   56.40,   60.66,   48.36,   58.37,   62.32,   51.29
24/11/2013 09:46:00,   56.81,   61.75,   47.91,   58.30,   62.78,   50.58
24/11/2013 09:51:00,   56.15,   60.00,   48.86,   57.76,   61.07,   51.43
24/11/2013 09:56:00,   56.63,   60.79,   50.16,   58.23,   62.04,   52.09
24/11/2013 10:01:00,   55.98,   60.11,   49.32,   57.75,   61.63,   51.79
24/11/2013 10:06:00,   55.79,   59.26,   48.94,   58.72,   62.17,   51.72
24/11/2013 10:11:00,   56.22,   60.44,   50.11,   59.33,   63.34,   54.10
24/11/2013 10:16:00,   56.76,   61.23,   50.47,   58.43,   62.01,   53.37
24/11/2013 10:21:00,   56.63,   60.22,   49.88,   58.78,   62.54,   52.52
24/11/2013 10:26:00,   57.60,   61.83,   49.58,   59.12,   63.02,   52.24
24/11/2013 10:31:00,   56.70,   60.43,   50.28,   59.34,   63.36,   52.08
24/11/2013 10:36:00,   56.89,   60.60,   49.46,   58.95,   62.99,   51.82
24/11/2013 10:41:00,   57.66,   62.13,   49.43,   60.51,   63.88,   51.46
24/11/2013 10:46:00,   57.55,   61.72,   51.26,   60.08,   63.90,   54.31
24/11/2013 10:51:00,   57.88,   61.97,   51.63,   59.96,   63.66,   54.72
24/11/2013 10:56:00,   57.17,   60.93,   50.21,   59.74,   63.65,   52.56
24/11/2013 11:01:00,   56.26,   60.49,   49.63,   58.47,   62.30,   53.00
24/11/2013 11:06:00,   57.88,   61.62,   51.31,   60.09,   63.60,   53.41
24/11/2013 11:11:00,   56.91,   60.31,   49.21,   59.90,   62.83,   53.99
24/11/2013 11:16:00,   57.45,   61.01,   51.56,   59.68,   62.85,   54.42
24/11/2013 11:21:00,   57.28,   61.53,   50.00,   59.52,   63.08,   53.45
24/11/2013 11:26:00,   56.92,   59.98,   50.45,   59.84,   63.07,   54.03
24/11/2013 11:31:00,   57.28,   61.12,   49.26,   59.54,   63.28,   52.25
24/11/2013 11:36:00,   57.31,   61.21,   48.86,   59.75,   64.02,   51.25
24/11/2013 11:41:00,   58.19,   61.39,   52.00,   62.28,   65.48,   55.50
24/11/2013 11:46:00,   56.41,   60.48,   47.40,   58.47,   62.26,   50.48
24/11/2013 11:51:00,   57.91,   61.62,   50.88,   62.31,   64.90,   55.18
24/11/2013 11:56:00,   58.44,   61.93,   50.85,   62.36,   66.87,   54.96
24/11/2013 12:01:00,   57.39,   60.73,   50.65,   60.01,   63.43,   54.47
24/11/2013 12:06:00,   57.50,   61.34,   50.35,   60.69,   64.52,   54.05
24/11/2013 12:11:00,   58.44,   61.36,   51.62,   61.55,   64.65,   55.78
24/11/2013 12:16:00,   57.14,   60.87,   50.69,   59.26,   62.27,   53.21
24/11/2013 12:21:00,   57.15,   60.65,   49.49,   58.98,   62.18,   53.06
24/11/2013 12:26:00,   57.37,   60.83,   51.13,   61.00,   63.65,   54.69
24/11/2013 12:31:00,   58.15,   61.84,   50.96,   59.76,   63.05,   54.05
24/11/2013 12:36:00,   59.79,   62.98,   52.23,   63.03,   68.39,   55.03
24/11/2013 12:41:00,   58.77,   62.38,   52.86,   60.43,   63.57,   54.30
24/11/2013 12:46:00,   58.47,   61.34,   53.13,   60.89,   64.93,   54.82
24/11/2013 12:51:00,   59.22,   62.08,   55.04,   61.95,   65.48,   57.36
24/11/2013 12:56:00,   60.41,   62.39,   56.67,   63.30,   65.13,   57.61
24/11/2013 13:01:00,   58.39,   61.09,   53.63,   61.74,   64.45,   56.89
24/11/2013 13:06:00,   57.57,   60.17,   51.74,   61.02,   63.96,   55.48
24/11/2013 13:11:00,   58.11,   61.46,   50.89,   61.42,   64.13,   54.79
24/11/2013 13:16:00,   58.17,   61.39,   52.87,   61.42,   64.84,   56.84
24/11/2013 13:21:00,   59.67,   62.89,   53.54,   63.80,   66.98,   57.26
24/11/2013 13:26:00,   58.90,   61.82,   53.33,   62.18,   64.73,   56.37
24/11/2013 13:31:00,   60.35,   63.18,   55.31,   63.92,   68.10,   56.50
24/11/2013 13:36:00,   58.12,   61.37,   51.92,   60.61,   63.70,   54.75
24/11/2013 13:41:00,   58.24,   61.71,   51.65,   61.11,   63.65,   55.03
24/11/2013 13:46:00,   57.89,   60.56,   52.17,   61.11,   63.87,   55.51
24/11/2013 13:51:00,   59.20,   62.29,   53.25,   61.86,   64.80,   55.84
24/11/2013 13:56:00,   58.55,   61.35,   51.40,   60.92,   63.67,   55.61
24/11/2013 14:01:00,   59.08,   61.78,   54.07,   61.00,   63.77,   56.85
24/11/2013 14:06:00,   59.03,   62.17,   54.15,   61.48,   64.37,   55.72
24/11/2013 14:11:00,   58.86,   61.72,   52.52,   60.34,   63.21,   54.75
24/11/2013 14:16:00,   60.29,   63.10,   56.22,   63.04,   65.85,   57.64
24/11/2013 14:21:00,   60.08,   62.38,   56.88,   62.69,   65.67,   58.01
24/11/2013 14:26:00,   59.96,   62.20,   56.62,   62.03,   64.92,   57.30
24/11/2013 14:31:00,   58.75,   61.31,   54.52,   60.61,   63.20,   56.27
24/11/2013 14:36:00,   59.19,   61.90,   54.23,   62.93,   65.56,   57.22
24/11/2013 14:41:00,   59.17,   62.46,   52.76,   62.32,   66.47,   56.56
24/11/2013 14:46:00,   57.38,   60.95,   50.52,   60.59,   63.19,   53.47
24/11/2013 14:51:00,   58.56,   61.62,   52.55,   61.18,   64.24,   55.23
24/11/2013 14:56:00,   60.86,   63.63,   56.73,   62.15,   65.46,   57.44
24/11/2013 15:01:00,   61.02,   63.03,   57.19,   63.82,   67.23,   58.29
24/11/2013 15:06:00,   59.89,   62.62,   54.74,   61.34,   64.20,   56.31
24/11/2013 15:11:00,   58.84,   61.75,   52.26,   62.01,   64.86,   56.22
24/11/2013 15:16:00,   57.81,   61.34,   50.61,   61.14,   64.29,   53.77
24/11/2013 15:21:00,   57.51,   60.82,   51.89,   59.85,   63.04,   54.93
24/11/2013 15:26:00,   57.54,   61.08,   48.80,   59.56,   62.90,   52.50
24/11/2013 15:31:00,   58.72,   62.01,   51.07,   60.64,   63.86,   53.54
24/11/2013 15:36:00,   58.29,   61.15,   52.19,   62.52,   65.28,   55.55
24/11/2013 15:41:00,   57.84,   60.51,   50.16,   60.33,   62.69,   53.87
24/11/2013 15:46:00,   58.04,   62.17,   51.45,   60.08,   63.32,   54.87
24/11/2013 15:51:00,   57.78,   61.44,   52.14,   61.16,   64.19,   55.41
24/11/2013 15:56:00,   59.18,   61.79,   52.96,   62.12,   65.34,   56.01
24/11/2013 16:01:00,   58.33,   61.86,   51.56,   62.82,   67.40,   55.03
24/11/2013 16:06:00,   57.96,   61.28,   50.45,   61.13,   63.60,   54.68
24/11/2013 16:11:00,   56.89,   60.87,   49.48,   60.44,   64.11,   53.24
24/11/2013 16:16:00,   58.24,   61.33,   53.07,   61.89,   64.84,   57.61
24/11/2013 16:21:00,   57.73,   61.39,   51.83,   60.77,   63.46,   55.20
24/11/2013 16:26:00,   58.15,   61.28,   53.31,   60.97,   63.53,   57.08
24/11/2013 16:31:00,   57.86,   61.24,   50.14,   59.99,   62.95,   53.53
24/11/2013 16:36:00,   57.66,   61.04,   51.57,   59.81,   62.87,   54.69
24/11/2013 16:41:00,   58.37,   61.26,   51.40,   61.18,   64.41,   54.76
24/11/2013 16:46:00,   56.90,   60.28,   51.73,   59.91,   63.50,   54.34
24/11/2013 16:51:00,   58.03,   61.34,   51.08,   61.11,   63.53,   54.33
24/11/2013 16:56:00,   58.20,   61.18,   53.49,   61.38,   64.35,   56.30
24/11/2013 17:01:00,   57.59,   60.66,   52.13,   61.00,   63.36,   55.19
24/11/2013 17:06:00,   58.14,   61.24,   53.30,   60.72,   63.33,   56.40
24/11/2013 17:11:00,   57.52,   60.70,   52.25,   60.89,   64.23,   55.39
24/11/2013 17:16:00,   57.56,   60.54,   52.81,   60.87,   63.26,   56.07
24/11/2013 17:21:00,   56.70,   61.23,   50.01,   60.71,   64.25,   53.09
24/11/2013 17:26:00,   58.05,   61.15,   53.76,   60.66,   63.22,   56.32
24/11/2013 17:31:00,   57.67,   61.22,   51.45,   60.59,   63.61,   54.44
24/11/2013 17:36:00,   57.76,   60.85,   49.71,   61.48,   64.58,   53.65
24/11/2013 17:41:00,   57.68,   61.84,   50.10,   61.56,   64.13,   54.47
24/11/2013 17:46:00,   57.45,   60.91,   51.80,   60.70,   64.03,   55.77
24/11/2013 17:51:00,   56.28,   60.33,   49.36,   58.91,   62.40,   52.33
24/11/2013 17:56:00,   57.33,   61.19,   50.09,   60.60,   63.88,   53.19
24/11/2013 18:01:00,   57.66,   61.25,   51.79,   60.56,   63.57,   55.06
24/11/2013 18:06:00,   57.53,   61.37,   51.01,   60.06,   63.61,   54.60
24/11/2013 18:11:00,   56.60,   60.19,   49.45,   59.90,   63.21,   54.91
24/11/2013 18:16:00,   57.86,   61.50,   51.39,   60.71,   63.69,   55.13
24/11/2013 18:21:00,   56.77,   60.63,   51.45,   59.02,   62.06,   54.34
24/11/2013 18:26:00,   58.40,   61.42,   52.48,   61.66,   64.93,   55.94
24/11/2013 18:31:00,   57.14,   59.93,   50.78,   59.98,   62.60,   54.25
24/11/2013 18:36:00,   58.05,   61.80,   51.32,   60.47,   63.50,   54.60
24/11/2013 18:41:00,   56.67,   60.71,   50.20,   60.35,   64.08,   53.35
24/11/2013 18:46:00,   58.43,   61.88,   52.29,   63.15,   65.96,   55.60
24/11/2013 18:51:00,   56.99,   60.95,   50.33,   59.24,   62.46,   53.89
24/11/2013 18:56:00,   57.10,   60.16,   51.09,   59.55,   62.46,   53.39
24/11/2013 19:01:00,   57.67,   61.04,   51.35,   60.11,   63.01,   53.88
24/11/2013 19:06:00,   56.39,   60.14,   50.93,   58.91,   61.85,   54.30
24/11/2013 19:11:00,   57.22,   60.54,   51.67,   59.85,   62.94,   54.81
24/11/2013 19:16:00,   56.65,   60.01,   51.61,   59.72,   62.21,   54.91
24/11/2013 19:21:00,   57.03,   60.98,   51.22,   59.57,   63.08,   54.40
24/11/2013 19:26:00,   55.98,   59.38,   50.15,   59.12,   62.23,   54.08
24/11/2013 19:31:00,   56.97,   60.27,   50.57,   59.32,   62.37,   53.42
24/11/2013 19:36:00,   56.80,   60.31,   50.08,   58.94,   62.48,   52.94
24/11/2013 19:41:00,   57.91,   61.40,   51.65,   61.06,   64.37,   54.07
24/11/2013 19:46:00,   56.80,   60.27,   51.40,   58.82,   61.90,   53.34
24/11/2013 19:51:00,   57.43,   61.40,   48.90,   60.48,   63.19,   52.00
24/11/2013 19:56:00,   57.77,   60.98,   49.59,   59.99,   62.99,   53.24
24/11/2013 20:01:00,   55.83,   59.66,   50.32,   57.88,   61.22,   53.72
24/11/2013 20:06:00,   57.04,   60.81,   50.56,   59.94,   62.86,   54.66
24/11/2013 20:11:00,   56.65,   60.17,   49.01,   59.68,   62.40,   53.15
24/11/2013 20:16:00,   56.74,   60.71,   50.90,   59.62,   62.88,   53.51
24/11/2013 20:21:00,   55.35,   58.76,   46.48,   57.70,   60.68,   50.22
24/11/2013 20:26:00,   57.04,   60.87,   49.86,   59.89,   63.31,   53.63
24/11/2013 20:31:00,   56.52,   60.20,   49.41,   59.81,   63.22,   53.25
24/11/2013 20:36:00,   56.89,   61.07,   50.52,   59.44,   62.97,   53.22
24/11/2013 20:41:00,   58.09,   61.99,   49.78,   60.37,   64.17,   52.78
24/11/2013 20:46:00,   56.30,   60.01,   50.35,   59.35,   62.80,   53.74
24/11/2013 20:51:00,   54.17,   58.83,   47.46,   57.76,   62.60,   51.11
24/11/2013 20:56:00,   56.86,   60.64,   50.93,   58.69,   61.60,   53.06
24/11/2013 21:01:00,   56.46,   60.23,   51.49,   58.77,   61.83,   53.69
24/11/2013 21:06:00,   56.06,   60.32,   48.42,   60.04,   63.38,   52.21
24/11/2013 21:11:00,   55.85,   59.94,   48.84,   58.25,   61.55,   51.92
24/11/2013 21:16:00,   56.19,   60.77,   49.21,   58.97,   63.35,   51.21
24/11/2013 21:21:00,   55.35,   59.46,   45.87,   59.59,   62.22,   48.69
24/11/2013 21:26:00,   55.76,   59.78,   49.82,   58.36,   61.80,   52.34
24/11/2013 21:31:00,   55.32,   59.14,   47.08,   57.87,   61.08,   52.47
24/11/2013 21:36:00,   55.14,   58.61,   47.80,   57.12,   60.49,   50.59
24/11/2013 21:41:00,   54.63,   59.57,   45.93,   57.96,   61.96,   49.06
24/11/2013 21:46:00,   56.61,   60.93,   49.20,   58.77,   62.31,   51.28
24/11/2013 21:51:00,   54.91,   59.30,   47.32,   57.43,   61.24,   50.53
24/11/2013 21:56:00,   55.26,   59.54,   48.85,   57.39,   61.67,   51.38
24/11/2013 22:01:00,   55.20,   60.06,   47.40,   59.28,   62.14,   50.45
24/11/2013 22:06:00,   53.83,   58.09,   45.36,   56.84,   61.66,   48.56
24/11/2013 22:11:00,   54.65,   59.74,   46.87,   57.29,   62.11,   49.86
24/11/2013 22:16:00,   54.45,   60.05,   44.79,   56.63,   62.25,   48.08
24/11/2013 22:21:00,   53.61,   58.79,   44.21,   56.48,   61.32,   47.39
24/11/2013 22:26:00,   53.22,   59.31,   43.95,   55.40,   60.31,   47.25
24/11/2013 22:31:00,   55.51,   60.25,   48.51,   57.39,   61.92,   51.04
24/11/2013 22:36:00,   55.28,   59.67,   47.16,   57.32,   61.09,   49.94
24/11/2013 22:41:00,   53.83,   59.29,   44.46,   55.85,   60.92,   47.80
24/11/2013 22:46:00,   56.20,   60.64,   49.64,   58.27,   62.64,   52.28
24/11/2013 22:51:00,   56.06,   59.77,   48.45,   57.90,   61.45,   50.43
24/11/2013 22:56:00,   54.33,   59.93,   47.74,   55.94,   61.19,   49.68
24/11/2013 23:01:00,   54.15,   58.39,   46.53,   56.30,   60.21,   49.16
24/11/2013 23:06:00,   54.89,   59.50,   46.86,   56.86,   61.24,   49.14
24/11/2013 23:11:00,   54.14,   59.57,   46.65,   56.01,   61.00,   49.23
24/11/2013 23:16:00,   55.15,   60.23,   48.58,   57.24,   61.77,   50.94
24/11/2013 23:21:00,   53.99,   59.00,   45.79,   56.16,   61.04,   48.21
24/11/2013 23:26:00,   53.98,   59.61,   45.83,   56.18,   60.71,   47.90
24/11/2013 23:31:00,   52.65,   57.73,   44.46,   54.27,   59.06,   46.71
24/11/2013 23:36:00,   52.35,   57.96,   42.62,   54.96,   61.46,   45.51
24/11/2013 23:41:00,   52.06,   57.79,   43.85,   54.26,   59.63,   47.02
24/11/2013 23:46:00,   52.44,   57.97,   43.13,   55.36,   60.56,   45.98
24/11/2013 23:51:00,   51.35,   57.34,   42.79,   53.72,   58.75,   45.71
24/11/2013 23:56:00,   52.87,   58.20,   43.76,   54.14,   59.16,   47.00

