# noise_analysis run from DCC-NOISE-001003 at Wed Aug 14 00:00:00 2013
# Monitoring unit located at 53.342609N 6.340721W
# logfile   = /home/root/noise_analysis.log
# cfg_dir   = /home/root/config
# outputdir = /home/root/noise
# Sensitivity = -26.271103
# Gain = 1.000000
# Time should be in local format (i.e. daylight savings time)
# dd/mm/yyyy hh:mm:ss, A Leq,   A L10,   A L95,   C Leq,   C L10,   C L95
14/08/2013 00:05:00,   48.20,   56.22,   37.00,   49.98,   57.14,   41.34
14/08/2013 00:10:00,   47.87,   55.35,   37.13,   49.83,   56.57,   42.01
14/08/2013 00:15:00,   50.75,   56.74,   39.72,   53.75,   59.15,   43.33
14/08/2013 00:20:00,   48.67,   55.40,   38.16,   50.91,   56.89,   42.77
14/08/2013 00:25:00,   45.02,   51.40,   36.98,   48.54,   54.07,   41.20
14/08/2013 00:30:00,   46.85,   54.58,   36.71,   49.48,   56.31,   40.77
14/08/2013 00:35:00,   49.16,   56.94,   36.83,   51.02,   58.28,   41.21
14/08/2013 00:40:00,   46.82,   53.42,   35.85,   50.95,   57.42,   40.77
14/08/2013 00:45:00,   45.66,   53.98,   35.28,   47.87,   55.48,   40.11
14/08/2013 00:50:00,   44.65,   53.74,   34.64,   47.30,   55.51,   39.44
14/08/2013 00:55:00,   43.87,   51.53,   35.07,   46.24,   53.07,   39.52
14/08/2013 01:00:00,   46.66,   54.13,   35.68,   49.33,   56.47,   39.99
14/08/2013 01:05:00,   41.35,   46.16,   33.17,   43.78,   48.21,   37.12
14/08/2013 01:10:00,   40.17,   47.23,   32.84,   42.89,   49.53,   36.42
14/08/2013 01:15:00,   46.00,   53.87,   35.40,   47.82,   54.80,   38.60
14/08/2013 01:20:00,   40.03,   44.43,   33.56,   42.93,   46.09,   37.89
14/08/2013 01:25:00,   44.18,   50.24,   35.22,   46.86,   52.82,   39.53
14/08/2013 01:30:00,   44.04,   52.45,   33.62,   46.48,   53.96,   38.52
14/08/2013 01:35:00,   42.91,   48.14,   34.00,   45.35,   50.11,   38.58
14/08/2013 01:40:00,   44.95,   52.88,   34.75,   47.60,   55.48,   39.17
14/08/2013 01:45:00,   42.76,   50.01,   35.14,   45.57,   52.87,   39.99
14/08/2013 01:50:00,   40.80,   48.33,   33.28,   43.54,   51.09,   37.80
14/08/2013 01:55:00,   43.39,   51.18,   34.33,   46.32,   53.35,   39.11
14/08/2013 02:00:00,   39.32,   43.65,   33.94,   42.50,   45.48,   38.92
14/08/2013 02:05:00,   36.67,   38.21,   34.97,   41.07,   41.99,   39.64
14/08/2013 02:10:00,   41.66,   44.78,   35.46,   45.07,   48.17,   40.27
14/08/2013 02:15:00,   42.48,   48.00,   35.57,   45.90,   51.49,   40.35
14/08/2013 02:20:00,   42.84,   49.77,   36.53,   45.53,   51.53,   40.84
14/08/2013 02:25:00,   43.05,   50.07,   36.09,   46.13,   52.22,   40.44
14/08/2013 02:30:00,   41.21,   43.79,   36.37,   44.31,   46.38,   40.40
14/08/2013 02:35:00,   41.94,   45.52,   36.16,   45.13,   48.36,   40.46
14/08/2013 02:40:00,   44.18,   48.23,   37.53,   47.16,   50.49,   41.81
14/08/2013 02:45:00,   39.74,   41.98,   36.52,   43.87,   45.68,   41.17
14/08/2013 02:50:00,   45.56,   51.77,   39.31,   48.45,   54.12,   44.05
14/08/2013 02:55:00,   44.97,   52.37,   38.19,   48.55,   54.19,   43.76
14/08/2013 03:00:00,   43.33,   46.35,   38.49,   47.53,   50.08,   43.39
14/08/2013 03:05:00,   44.25,   50.23,   37.83,   48.14,   53.10,   42.76
14/08/2013 03:10:00,   47.39,   54.67,   38.49,   50.45,   55.95,   43.65
14/08/2013 03:15:00,   45.23,   51.24,   38.59,   49.30,   54.19,   43.62
14/08/2013 03:20:00,   44.39,   49.28,   38.97,   47.89,   52.15,   43.80
14/08/2013 03:25:00,   44.51,   51.92,   37.71,   48.25,   54.67,   42.62
14/08/2013 03:30:00,   43.07,   47.30,   37.99,   46.65,   50.39,   42.72
14/08/2013 03:35:00,   41.99,   44.64,   37.49,   46.25,   48.83,   42.43
14/08/2013 03:40:00,   44.84,   52.57,   38.32,   49.77,   55.48,   43.47
14/08/2013 03:45:00,   46.87,   54.16,   39.49,   50.13,   56.75,   44.19
14/08/2013 03:50:00,   44.12,   46.67,   38.81,   47.59,   49.40,   44.10
14/08/2013 03:55:00,   44.51,   51.00,   37.85,   48.29,   52.76,   43.45
14/08/2013 04:00:00,   44.06,   50.62,   38.31,   47.97,   52.88,   43.38
14/08/2013 04:05:00,   43.86,   48.97,   38.75,   47.55,   52.01,   43.54
14/08/2013 04:10:00,   43.49,   49.77,   37.99,   47.35,   53.05,   43.24
14/08/2013 04:15:00,   46.35,   51.83,   40.22,   50.31,   54.19,   45.98
14/08/2013 04:20:00,   43.17,   45.69,   39.56,   47.44,   48.89,   44.61
14/08/2013 04:25:00,   46.11,   53.16,   39.55,   49.29,   55.14,   44.53
14/08/2013 04:30:00,   47.17,   53.60,   39.01,   51.17,   56.72,   44.04
14/08/2013 04:35:00,   47.58,   54.36,   39.60,   50.42,   55.95,   44.77
14/08/2013 04:40:00,   47.91,   54.93,   40.18,   50.89,   56.74,   45.37
14/08/2013 04:45:00,   47.70,   52.13,   41.14,   51.83,   55.21,   45.74
14/08/2013 04:50:00,   49.63,   56.29,   41.32,   54.28,   60.18,   46.43
14/08/2013 04:55:00,   50.99,   56.42,   42.59,   54.54,   59.69,   47.08
14/08/2013 05:00:00,   50.39,   57.07,   41.30,   54.75,   60.68,   46.55
14/08/2013 05:05:00,   49.99,   55.37,   41.02,   52.80,   57.52,   46.97
14/08/2013 05:10:00,   48.76,   55.47,   40.63,   51.69,   57.09,   46.24
14/08/2013 05:15:00,   48.94,   55.20,   40.86,   52.73,   58.56,   46.19
14/08/2013 05:20:00,   48.21,   53.58,   41.64,   51.65,   56.65,   45.96
14/08/2013 05:25:00,   52.87,   58.21,   44.25,   55.87,   60.53,   48.60
14/08/2013 05:30:00,   50.25,   55.58,   43.69,   52.53,   57.29,   47.81
14/08/2013 05:35:00,   51.75,   57.51,   42.91,   55.90,   60.85,   47.74
14/08/2013 05:40:00,   51.09,   56.27,   43.50,   54.41,   58.26,   47.88
14/08/2013 05:45:00,   52.90,   56.96,   46.19,   56.33,   60.13,   50.86
14/08/2013 05:50:00,   51.71,   56.95,   44.45,   54.64,   58.92,   48.68
14/08/2013 05:55:00,   54.67,   59.63,   46.78,   57.87,   61.84,   50.82
14/08/2013 06:00:00,   52.32,   57.25,   45.86,   55.66,   60.20,   50.41
14/08/2013 06:05:00,   54.37,   58.98,   47.67,   57.60,   61.95,   51.43
14/08/2013 06:10:00,   54.05,   57.61,   48.00,   56.92,   60.60,   51.43
14/08/2013 06:15:00,   53.77,   57.85,   47.88,   56.99,   61.35,   52.16
14/08/2013 06:20:00,   54.39,   58.58,   47.70,   58.35,   61.92,   52.14
14/08/2013 06:25:00,   52.92,   57.62,   46.62,   56.38,   60.54,   51.23
14/08/2013 06:30:00,   54.37,   59.24,   47.95,   57.60,   62.02,   51.90
14/08/2013 06:35:00,   57.46,   61.50,   48.28,   60.28,   65.20,   53.09
14/08/2013 06:40:00,   57.51,   60.54,   53.74,   62.14,   63.95,   60.00
14/08/2013 06:45:00,   57.58,   60.94,   53.70,   61.86,   63.96,   59.84
14/08/2013 06:50:00,   57.04,   60.04,   53.50,   61.93,   63.68,   59.87
14/08/2013 06:55:00,   57.75,   60.73,   53.53,   62.05,   63.96,   59.47
14/08/2013 07:00:00,   56.85,   60.16,   50.94,   60.77,   63.76,   55.99
14/08/2013 07:05:00,   57.06,   60.38,   51.80,   60.63,   63.80,   55.74
14/08/2013 07:10:00,   55.91,   58.84,   52.36,   60.22,   63.30,   56.52
14/08/2013 07:15:00,   56.70,   59.95,   51.50,   60.27,   63.77,   55.14
14/08/2013 07:20:00,   56.07,   59.88,   51.33,   59.37,   62.41,   55.62
14/08/2013 07:25:00,   56.45,   59.95,   52.62,   60.41,   63.60,   56.93
14/08/2013 07:30:00,   55.07,   59.32,   49.27,   58.51,   62.13,   54.04
14/08/2013 07:35:00,   55.68,   59.78,   48.51,   58.81,   62.06,   53.26
14/08/2013 07:40:00,   55.58,   58.81,   49.46,   59.74,   62.17,   54.74
14/08/2013 07:45:00,   55.47,   59.03,   49.81,   59.37,   62.56,   54.27
14/08/2013 07:50:00,   54.23,   57.60,   47.93,   58.64,   62.52,   53.68
14/08/2013 07:55:00,   57.66,   61.28,   51.81,   61.61,   64.53,   56.95
14/08/2013 08:00:00,   59.01,   62.96,   51.79,   62.72,   66.48,   56.21
14/08/2013 08:05:00,   57.87,   60.98,   53.05,   61.85,   64.63,   58.14
14/08/2013 08:10:00,   54.72,   59.05,   48.43,   58.47,   62.62,   53.24
14/08/2013 08:15:00,   55.41,   59.26,   47.84,   59.81,   63.57,   52.80
14/08/2013 08:20:00,   54.46,   58.47,   46.15,   59.15,   62.48,   51.61
14/08/2013 08:25:00,   54.82,   58.59,   48.91,   59.47,   62.46,   53.99
14/08/2013 08:30:00,   54.50,   58.48,   48.68,   58.04,   61.40,   53.15
14/08/2013 08:35:00,   54.67,   58.34,   48.49,   59.13,   62.32,   54.12
14/08/2013 08:40:00,   54.56,   59.14,   47.18,   58.67,   62.00,   53.16
14/08/2013 08:45:00,   55.21,   58.89,   48.48,   60.02,   63.40,   53.73
14/08/2013 08:50:00,   55.70,   59.23,   50.51,   60.65,   64.37,   55.78
14/08/2013 08:55:00,   55.32,   58.74,   48.96,   59.94,   63.16,   54.01
14/08/2013 09:00:00,   58.07,   61.38,   52.55,   61.76,   64.23,   57.67
14/08/2013 09:05:00,   57.97,   60.49,   52.58,   62.37,   65.09,   57.53
14/08/2013 09:10:00,   56.07,   59.26,   49.27,   60.84,   63.80,   56.55
14/08/2013 09:15:00,   54.53,   58.45,   46.87,   59.71,   62.40,   54.82
14/08/2013 09:20:00,   55.05,   58.40,   48.53,   60.13,   62.91,   56.41
14/08/2013 09:25:00,   54.43,   57.74,   48.99,   60.69,   63.93,   54.65
14/08/2013 09:30:00,   53.50,   57.85,   45.52,   57.37,   61.09,   51.05
14/08/2013 09:35:00,   54.10,   58.21,   46.51,   58.75,   62.59,   51.46
14/08/2013 09:40:00,   54.36,   57.61,   48.37,   59.62,   62.73,   55.09
14/08/2013 09:45:00,   55.75,   59.45,   49.39,   60.72,   64.91,   53.86
14/08/2013 09:50:00,   55.01,   58.22,   48.96,   59.55,   62.45,   54.29
14/08/2013 09:55:00,   54.47,   57.42,   48.72,   59.39,   62.05,   54.17
14/08/2013 10:00:00,   55.62,   58.75,   47.06,   60.73,   65.57,   52.75
14/08/2013 10:05:00,   56.90,   61.66,   50.25,   60.40,   63.88,   55.85
14/08/2013 10:10:00,   55.25,   58.31,   50.35,   59.90,   62.96,   54.13
14/08/2013 10:15:00,   54.36,   58.05,   49.37,   59.55,   62.92,   54.51
14/08/2013 10:20:00,   54.88,   58.09,   49.32,   59.78,   62.77,   54.09
14/08/2013 10:25:00,   57.44,   63.82,   50.29,   61.60,   67.92,   54.98
14/08/2013 10:30:00,   54.56,   57.76,   49.35,   58.93,   61.74,   53.91
14/08/2013 10:35:00,   54.83,   57.93,   48.88,   59.59,   62.74,   54.06
14/08/2013 10:40:00,   54.96,   58.24,   47.27,   59.74,   62.67,   52.14
14/08/2013 10:45:00,   54.90,   58.02,   49.08,   60.39,   63.31,   55.34
14/08/2013 10:50:00,   56.50,   59.88,   49.18,   60.70,   63.31,   54.69
14/08/2013 10:55:00,   55.73,   59.30,   49.93,   60.69,   63.88,   55.34
14/08/2013 11:00:00,   54.84,   57.62,   50.26,   59.86,   63.30,   55.16
14/08/2013 11:05:00,   56.28,   58.92,   52.65,   62.07,   65.04,   56.19
14/08/2013 11:10:00,   55.64,   58.16,   52.07,   60.16,   61.97,   56.62
14/08/2013 11:15:00,   55.92,   58.71,   49.52,   60.40,   63.30,   56.12
14/08/2013 11:20:00,   55.04,   58.49,   50.46,   60.46,   63.38,   56.39
14/08/2013 11:25:00,   54.75,   57.54,   49.53,   60.23,   63.18,   55.94
14/08/2013 11:30:00,   53.95,   56.73,   50.21,   59.51,   62.31,   56.19
14/08/2013 11:35:00,   54.67,   57.55,   49.86,   59.79,   62.30,   55.22
14/08/2013 11:40:00,   55.82,   58.27,   52.17,   60.79,   62.96,   57.44
14/08/2013 11:45:00,   56.90,   58.84,   53.39,   61.46,   63.42,   58.81
14/08/2013 11:50:00,   55.09,   58.54,   49.80,   60.06,   62.95,   56.43
14/08/2013 11:55:00,   53.93,   57.09,   49.83,   58.82,   61.65,   54.83
14/08/2013 12:00:00,   54.39,   57.96,   49.35,   59.97,   63.01,   55.32
14/08/2013 12:05:00,   54.68,   58.15,   48.82,   60.59,   64.69,   53.54
14/08/2013 12:10:00,   55.78,   58.65,   50.03,   60.89,   65.66,   54.36
14/08/2013 12:15:00,   55.75,   58.92,   49.64,   61.03,   64.75,   55.36
14/08/2013 12:20:00,   53.97,   57.20,   48.47,   59.49,   62.83,   54.24
14/08/2013 12:25:00,   53.90,   58.27,   46.63,   58.75,   62.78,   53.69
14/08/2013 12:30:00,   54.27,   58.04,   48.41,   58.93,   62.38,   53.29
14/08/2013 12:35:00,   53.29,   56.68,   48.87,   58.10,   60.98,   54.07
14/08/2013 12:40:00,   54.53,   57.56,   49.68,   58.16,   60.60,   54.41
14/08/2013 12:45:00,   58.82,   64.13,   53.42,   62.92,   66.06,   58.51
14/08/2013 12:50:00,   58.74,   60.17,   57.02,   64.61,   65.89,   62.95
14/08/2013 12:55:00,   59.30,   60.82,   55.14,   64.32,   66.37,   60.85
14/08/2013 13:00:00,   57.97,   60.08,   55.63,   62.97,   64.40,   61.16
14/08/2013 13:05:00,   58.13,   60.23,   52.03,   63.93,   65.73,   56.88
14/08/2013 13:10:00,   54.60,   56.99,   48.80,   60.12,   62.98,   55.82
14/08/2013 13:15:00,   59.43,   65.68,   51.07,   62.49,   66.16,   57.30
14/08/2013 13:20:00,   55.59,   58.08,   50.16,   60.98,   63.56,   55.41
14/08/2013 13:25:00,   54.82,   57.92,   49.84,   61.35,   64.38,   56.07
14/08/2013 13:30:00,   55.96,   59.43,   51.14,   62.23,   66.32,   57.37
14/08/2013 13:35:00,   56.45,   58.88,   51.56,   62.43,   66.19,   58.19
14/08/2013 13:40:00,   56.48,   59.67,   50.56,   60.86,   63.92,   54.61
14/08/2013 13:45:00,   53.67,   56.64,   48.50,   57.70,   60.37,   53.33
14/08/2013 13:50:00,   54.02,   56.85,   49.41,   58.92,   62.02,   54.51
14/08/2013 13:55:00,   54.32,   57.31,   49.96,   59.50,   62.55,   55.18
14/08/2013 14:00:00,   55.70,   58.71,   49.96,   60.88,   65.74,   54.02
14/08/2013 14:05:00,   54.74,   57.90,   50.58,   60.61,   64.00,   56.34
14/08/2013 14:10:00,   55.21,   57.66,   49.69,   59.93,   62.63,   55.09
14/08/2013 14:15:00,   54.48,   56.92,   51.13,   58.94,   61.30,   56.27
14/08/2013 14:20:00,   56.53,   59.64,   51.16,   61.35,   65.09,   55.82
14/08/2013 14:25:00,   55.37,   58.17,   50.46,   60.50,   64.18,   55.06
14/08/2013 14:30:00,   54.96,   58.02,   50.01,   59.30,   62.09,   54.83
14/08/2013 14:35:00,   56.24,   58.50,   52.66,   59.98,   62.51,   56.48
14/08/2013 14:40:00,   57.36,   59.33,   52.89,   61.30,   63.96,   56.81
14/08/2013 14:45:00,   55.53,   58.31,   51.08,   59.93,   62.58,   55.72
14/08/2013 14:50:00,   54.93,   57.83,   51.19,   60.41,   63.10,   57.02
14/08/2013 14:55:00,   54.81,   58.41,   50.56,   60.73,   64.22,   55.88
14/08/2013 15:00:00,   55.16,   57.87,   50.79,   60.60,   63.97,   55.74
14/08/2013 15:05:00,   55.41,   58.38,   50.41,   59.99,   63.34,   55.22
14/08/2013 15:10:00,   56.33,   58.41,   52.86,   60.96,   63.00,   57.19
14/08/2013 15:15:00,   54.86,   57.46,   50.63,   58.79,   61.08,   54.58
14/08/2013 15:20:00,   55.88,   58.48,   52.02,   60.46,   63.25,   56.37
14/08/2013 15:25:00,   55.82,   59.38,   51.49,   61.28,   65.03,   56.69
14/08/2013 15:30:00,   59.47,   62.06,   51.14,   63.70,   67.25,   56.77
14/08/2013 15:35:00,   56.79,   59.11,   52.38,   61.55,   64.09,   56.14
14/08/2013 15:40:00,   56.91,   60.08,   50.83,   60.69,   63.45,   54.83
14/08/2013 15:45:00,   55.86,   59.29,   50.12,   59.90,   62.92,   54.07
14/08/2013 15:50:00,   57.41,   61.72,   49.33,   61.01,   66.01,   53.54
14/08/2013 15:55:00,   57.28,   59.94,   52.89,   61.57,   63.80,   57.26
14/08/2013 16:00:00,   56.83,   59.52,   52.01,   61.95,   64.99,   56.47
14/08/2013 16:05:00,   56.38,   58.67,   52.70,   60.95,   63.11,   57.45
14/08/2013 16:10:00,   56.11,   58.84,   51.27,   60.89,   64.50,   56.02
14/08/2013 16:15:00,   56.39,   59.21,   51.72,   61.15,   63.31,   56.22
14/08/2013 16:20:00,   55.98,   58.35,   51.78,   60.21,   62.61,   56.54
14/08/2013 16:25:00,   55.46,   58.08,   50.37,   59.72,   62.52,   54.92
14/08/2013 16:30:00,   55.21,   57.41,   50.94,   59.73,   62.14,   56.13
14/08/2013 16:35:00,   55.76,   58.50,   50.99,   60.83,   64.48,   55.38
14/08/2013 16:40:00,   55.52,   57.99,   51.36,   61.09,   64.09,   57.70
14/08/2013 16:45:00,   55.31,   57.92,   51.30,   59.55,   62.57,   55.17
14/08/2013 16:50:00,   56.14,   58.38,   52.52,   60.46,   63.02,   56.42
14/08/2013 16:55:00,   57.21,   59.34,   54.00,   61.31,   63.61,   58.13
14/08/2013 17:00:00,   55.32,   57.90,   51.31,   59.51,   62.21,   55.32
14/08/2013 17:05:00,   55.84,   58.34,   50.54,   60.05,   62.32,   55.48
14/08/2013 17:10:00,   56.40,   58.98,   52.19,   60.53,   63.70,   56.29
14/08/2013 17:15:00,   55.28,   58.31,   50.74,   59.24,   61.84,   55.12
14/08/2013 17:20:00,   55.52,   58.45,   50.91,   59.59,   62.19,   55.81
14/08/2013 17:25:00,   56.19,   58.79,   50.59,   60.73,   64.05,   54.66
14/08/2013 17:30:00,   55.88,   58.92,   50.69,   59.78,   62.23,   55.44
14/08/2013 17:35:00,   56.26,   58.89,   51.31,   59.88,   61.92,   55.60
14/08/2013 17:40:00,   55.55,   58.85,   49.45,   59.38,   62.27,   53.58
14/08/2013 17:45:00,   55.28,   58.49,   49.92,   59.10,   62.50,   54.16
14/08/2013 17:50:00,   55.33,   58.68,   49.64,   59.50,   62.15,   54.48
14/08/2013 17:55:00,   54.63,   57.64,   49.73,   58.59,   61.43,   54.05
14/08/2013 18:00:00,   55.45,   58.06,   50.79,   60.15,   63.43,   54.99
14/08/2013 18:05:00,   55.26,   58.46,   50.88,   58.58,   61.12,   55.25
14/08/2013 18:10:00,   54.86,   57.60,   50.25,   59.19,   61.45,   54.65
14/08/2013 18:15:00,   55.26,   58.31,   50.87,   59.40,   62.16,   54.77
14/08/2013 18:20:00,   56.77,   59.67,   51.98,   61.88,   65.16,   56.77
14/08/2013 18:25:00,   55.72,   58.67,   51.02,   59.61,   62.45,   54.98
14/08/2013 18:30:00,   55.42,   58.59,   50.42,   58.58,   61.22,   54.35
14/08/2013 18:35:00,   54.50,   57.80,   49.50,   57.55,   60.32,   53.06
14/08/2013 18:40:00,   54.93,   57.76,   50.57,   58.56,   61.09,   54.15
14/08/2013 18:45:00,   55.29,   58.42,   49.79,   59.44,   62.19,   54.51
14/08/2013 18:50:00,   54.67,   57.67,   49.77,   58.54,   61.68,   53.83
14/08/2013 18:55:00,   55.40,   58.38,   49.70,   60.54,   65.11,   53.15
14/08/2013 19:00:00,   54.67,   57.87,   50.01,   58.76,   61.36,   53.87
14/08/2013 19:05:00,   54.34,   57.78,   48.75,   57.46,   60.65,   52.70
14/08/2013 19:10:00,   55.31,   58.86,   49.07,   58.89,   61.78,   53.75
14/08/2013 19:15:00,   54.95,   58.70,   48.82,   58.51,   61.63,   52.84
14/08/2013 19:20:00,   54.69,   58.26,   47.56,   58.17,   60.58,   52.83
14/08/2013 19:25:00,   54.14,   57.10,   48.98,   58.74,   62.26,   53.38
14/08/2013 19:30:00,   53.57,   57.29,   47.02,   58.37,   61.47,   51.62
14/08/2013 19:35:00,   54.20,   57.01,   49.93,   58.08,   60.42,   54.36
14/08/2013 19:40:00,   53.44,   57.44,   47.94,   57.96,   61.54,   52.36
14/08/2013 19:45:00,   52.78,   56.01,   47.09,   56.82,   59.82,   50.58
14/08/2013 19:50:00,   53.92,   57.45,   47.64,   58.28,   61.58,   53.40
14/08/2013 19:55:00,   53.78,   57.40,   47.98,   57.21,   60.00,   52.69
14/08/2013 20:00:00,   54.08,   57.30,   49.31,   59.10,   62.95,   53.27
14/08/2013 20:05:00,   55.28,   58.82,   49.92,   60.11,   65.04,   53.91
14/08/2013 20:10:00,   55.23,   59.09,   48.76,   59.32,   63.22,   53.86
14/08/2013 20:15:00,   54.33,   58.26,   48.17,   57.90,   60.93,   52.28
14/08/2013 20:20:00,   53.95,   57.29,   49.36,   57.92,   61.55,   54.12
14/08/2013 20:25:00,   54.69,   58.25,   49.40,   58.66,   61.83,   53.69
14/08/2013 20:30:00,   53.90,   56.93,   48.87,   57.59,   60.98,   52.41
14/08/2013 20:35:00,   54.27,   57.44,   49.36,   58.57,   62.13,   53.37
14/08/2013 20:40:00,   54.03,   57.95,   48.02,   57.33,   60.39,   52.20
14/08/2013 20:45:00,   53.82,   57.85,   46.68,   56.95,   60.62,   50.16
14/08/2013 20:50:00,   54.13,   57.74,   48.38,   58.37,   62.67,   52.50
14/08/2013 20:55:00,   54.33,   58.72,   46.08,   58.28,   62.36,   50.08
14/08/2013 21:00:00,   53.54,   57.41,   47.91,   57.24,   60.36,   51.38
14/08/2013 21:05:00,   55.11,   58.23,   50.79,   58.83,   61.68,   54.31
14/08/2013 21:10:00,   55.04,   58.18,   48.74,   57.61,   60.69,   52.42
14/08/2013 21:15:00,   54.33,   58.03,   49.40,   58.31,   60.94,   52.80
14/08/2013 21:20:00,   54.39,   58.03,   47.61,   57.48,   61.12,   50.87
14/08/2013 21:25:00,   54.41,   58.04,   49.56,   57.72,   60.92,   53.33
14/08/2013 21:30:00,   54.95,   58.22,   50.02,   58.70,   61.77,   54.13
14/08/2013 21:35:00,   52.73,   56.89,   47.47,   55.80,   59.89,   51.56
14/08/2013 21:40:00,   53.09,   57.57,   46.93,   57.37,   62.53,   50.77
14/08/2013 21:45:00,   54.40,   58.23,   49.29,   58.65,   61.91,   53.10
14/08/2013 21:50:00,   54.43,   58.34,   48.60,   57.48,   61.29,   52.12
14/08/2013 21:55:00,   53.77,   57.34,   48.06,   56.85,   60.20,   51.84
14/08/2013 22:00:00,   54.54,   58.82,   48.32,   57.01,   60.58,   51.47
14/08/2013 22:05:00,   54.01,   57.61,   48.61,   56.97,   60.18,   52.12
14/08/2013 22:10:00,   54.76,   58.58,   49.29,   57.63,   61.14,   52.61
14/08/2013 22:15:00,   54.43,   58.13,   48.85,   57.76,   61.20,   52.46
14/08/2013 22:20:00,   53.38,   56.95,   48.28,   56.55,   59.59,   52.06
14/08/2013 22:25:00,   53.95,   57.73,   47.91,   56.78,   61.26,   51.09
14/08/2013 22:30:00,   53.06,   57.78,   45.99,   55.51,   59.66,   49.71
14/08/2013 22:35:00,   51.26,   55.68,   45.45,   53.81,   57.54,   49.27
14/08/2013 22:40:00,   53.24,   57.81,   46.82,   56.02,   60.47,   50.25
14/08/2013 22:45:00,   52.66,   55.86,   48.35,   56.54,   61.83,   51.54
14/08/2013 22:50:00,   53.34,   57.21,   47.52,   56.22,   59.71,   50.75
14/08/2013 22:55:00,   49.65,   54.21,   43.60,   52.18,   56.47,   47.42
14/08/2013 23:00:00,   51.76,   56.07,   46.19,   54.23,   57.96,   49.68
14/08/2013 23:05:00,   53.18,   57.08,   47.54,   57.61,   62.70,   51.08
14/08/2013 23:10:00,   51.26,   56.25,   43.82,   54.47,   59.40,   47.54
14/08/2013 23:15:00,   51.58,   56.30,   45.56,   54.28,   58.25,   49.68
14/08/2013 23:20:00,   52.96,   56.91,   46.98,   55.22,   58.76,   49.64
14/08/2013 23:25:00,   52.26,   55.26,   47.60,   54.28,   57.38,   49.92
14/08/2013 23:30:00,   51.85,   56.34,   45.28,   54.65,   58.40,   48.64
14/08/2013 23:35:00,   51.42,   55.38,   45.89,   53.90,   57.35,   49.17
14/08/2013 23:40:00,   51.76,   56.80,   45.66,   54.33,   58.90,   49.06
14/08/2013 23:45:00,   52.27,   56.42,   45.98,   57.93,   62.72,   49.87
14/08/2013 23:50:00,   51.91,   56.37,   46.59,   54.25,   58.18,   49.69
14/08/2013 23:55:00,   52.84,   57.77,   45.52,   55.91,   61.18,   48.99

