# noise_analysis run from DCC-NOISE-001003 at Fri Jul  5 00:00:00 2013
# Monitoring unit located at 53.342609N 6.340721W
# logfile   = /home/root/noise_analysis.log
# cfg_dir   = /home/root/config
# outputdir = /home/root/noise
# Sensitivity = -26.271103
# Gain = 1.000000
# Time should be in local format (i.e. daylight savings time)
# dd/mm/yyyy hh:mm:ss, A Leq,   A L10,   A L95,   C Leq,   C L10,   C L95
05/07/2013 00:05:00,   53.14,   57.01,   48.60,   56.06,   59.37,   51.56
05/07/2013 00:10:00,   52.31,   56.35,   47.87,   55.30,   59.10,   50.83
05/07/2013 00:15:00,   52.12,   56.35,   46.64,   54.45,   58.27,   49.82
05/07/2013 00:20:00,   52.81,   56.73,   47.55,   55.44,   58.99,   51.02
05/07/2013 00:25:00,   53.70,   57.89,   48.35,   57.25,   61.63,   51.60
05/07/2013 00:30:00,   54.94,   59.94,   48.97,   57.75,   62.98,   52.01
05/07/2013 00:35:00,   52.36,   56.63,   47.52,   54.92,   58.86,   50.65
05/07/2013 00:40:00,   52.63,   56.98,   48.29,   55.04,   58.70,   51.52
05/07/2013 00:45:00,   53.29,   56.83,   48.09,   56.17,   59.41,   51.55
05/07/2013 00:50:00,   52.39,   56.19,   47.95,   55.33,   58.55,   51.18
05/07/2013 00:55:00,   52.00,   56.84,   46.79,   54.36,   58.81,   50.03
05/07/2013 01:00:00,   51.84,   56.18,   45.97,   54.37,   57.67,   49.72
05/07/2013 01:05:00,   51.11,   55.04,   46.26,   53.58,   56.99,   49.66
05/07/2013 01:10:00,   50.25,   54.43,   45.33,   53.35,   57.04,   49.00
05/07/2013 01:15:00,   50.69,   55.53,   45.75,   53.55,   57.71,   49.14
05/07/2013 01:20:00,   52.46,   57.50,   46.53,   54.75,   59.12,   50.04
05/07/2013 01:25:00,   50.80,   55.98,   45.11,   53.35,   57.66,   48.39
05/07/2013 01:30:00,   49.40,   53.52,   45.13,   51.87,   55.08,   48.51
05/07/2013 01:35:00,   50.83,   55.34,   45.02,   53.28,   57.28,   48.95
05/07/2013 01:40:00,   50.53,   55.27,   44.59,   54.30,   58.17,   48.94
05/07/2013 01:45:00,   49.81,   54.63,   44.94,   52.84,   56.81,   48.82
05/07/2013 01:50:00,   48.50,   52.39,   44.55,   51.77,   55.04,   48.30
05/07/2013 01:55:00,   49.69,   54.05,   44.42,   52.55,   56.05,   48.97
05/07/2013 02:00:00,   49.56,   54.43,   43.47,   52.18,   56.34,   47.69
05/07/2013 02:05:00,   48.93,   53.79,   42.59,   51.92,   55.84,   47.45
05/07/2013 02:10:00,   47.08,   51.60,   43.22,   50.61,   54.12,   47.46
05/07/2013 02:15:00,   49.21,   54.69,   43.59,   52.12,   56.89,   47.87
05/07/2013 02:20:00,   46.40,   50.51,   41.79,   51.55,   55.58,   47.33
05/07/2013 02:25:00,   47.24,   51.14,   42.48,   50.48,   53.90,   47.02
05/07/2013 02:30:00,   49.26,   54.29,   42.78,   52.13,   57.28,   46.68
05/07/2013 02:35:00,   47.86,   53.17,   43.68,   51.17,   55.17,   47.65
05/07/2013 02:40:00,   45.91,   51.49,   40.69,   49.40,   53.64,   45.78
05/07/2013 02:45:00,   47.32,   53.07,   41.14,   50.85,   55.26,   46.08
05/07/2013 02:50:00,   47.38,   52.58,   42.52,   50.65,   54.17,   47.28
05/07/2013 02:55:00,   47.76,   52.49,   42.88,   51.65,   55.75,   47.75
05/07/2013 03:00:00,   45.77,   48.45,   42.18,   49.67,   51.56,   46.79
05/07/2013 03:05:00,   47.80,   52.97,   42.26,   50.77,   54.86,   46.74
05/07/2013 03:10:00,   49.81,   55.14,   44.71,   52.98,   57.64,   48.75
05/07/2013 03:15:00,   48.69,   54.41,   42.97,   51.39,   56.27,   47.21
05/07/2013 03:20:00,   49.91,   55.21,   43.47,   53.21,   58.24,   47.60
05/07/2013 03:25:00,   48.22,   53.13,   43.38,   51.43,   55.44,   47.51
05/07/2013 03:30:00,   46.94,   51.21,   40.47,   50.80,   54.59,   45.71
05/07/2013 03:35:00,   45.85,   49.08,   41.87,   50.41,   52.38,   47.35
05/07/2013 03:40:00,   48.61,   54.58,   43.18,   51.90,   56.51,   47.95
05/07/2013 03:45:00,   47.37,   50.68,   44.22,   51.44,   54.74,   48.40
05/07/2013 03:50:00,   49.48,   53.85,   43.44,   52.79,   57.85,   47.64
05/07/2013 03:55:00,   47.44,   52.73,   42.87,   50.57,   54.34,   47.21
05/07/2013 04:00:00,   47.90,   52.50,   42.84,   50.92,   54.81,   47.30
05/07/2013 04:05:00,   50.99,   56.60,   45.01,   53.35,   58.27,   48.68
05/07/2013 04:10:00,   49.36,   54.67,   44.17,   51.97,   56.70,   48.21
05/07/2013 04:15:00,   49.35,   55.08,   45.00,   52.58,   56.81,   49.62
05/07/2013 04:20:00,   48.07,   51.35,   44.37,   51.34,   54.20,   48.21
05/07/2013 04:25:00,   48.57,   53.36,   44.74,   51.70,   54.85,   48.86
05/07/2013 04:30:00,   49.62,   54.91,   44.68,   52.50,   56.91,   48.81
05/07/2013 04:35:00,   48.86,   53.53,   44.34,   52.12,   55.48,   48.45
05/07/2013 04:40:00,   48.62,   53.39,   45.08,   52.01,   55.44,   49.27
05/07/2013 04:45:00,   48.76,   53.62,   44.80,   52.24,   55.94,   49.34
05/07/2013 04:50:00,   49.02,   52.11,   45.31,   52.08,   54.47,   48.93
05/07/2013 04:55:00,   49.21,   53.47,   44.11,   51.58,   55.04,   47.97
05/07/2013 05:00:00,   49.80,   53.80,   45.44,   53.12,   56.99,   49.39
05/07/2013 05:05:00,   48.87,   52.87,   45.61,   51.98,   54.99,   49.81
05/07/2013 05:10:00,   50.03,   54.84,   45.77,   53.36,   57.21,   49.58
05/07/2013 05:15:00,   49.54,   52.61,   46.31,   52.49,   54.83,   49.87
05/07/2013 05:20:00,   51.92,   55.88,   47.17,   54.52,   57.71,   51.13
05/07/2013 05:25:00,   49.87,   53.71,   46.43,   52.55,   55.63,   49.78
05/07/2013 05:30:00,   52.90,   57.12,   46.97,   55.20,   59.20,   50.06
05/07/2013 05:35:00,   54.28,   60.29,   46.28,   57.77,   64.02,   49.75
05/07/2013 05:40:00,   51.97,   57.08,   46.54,   54.72,   58.77,   49.78
05/07/2013 05:45:00,   51.55,   55.36,   46.60,   54.09,   57.75,   50.47
05/07/2013 05:50:00,   52.63,   57.54,   46.49,   56.86,   60.40,   50.29
05/07/2013 05:55:00,   51.46,   56.05,   47.10,   55.14,   59.53,   50.88
05/07/2013 06:00:00,   52.60,   58.45,   47.08,   57.27,   64.13,   50.78
05/07/2013 06:05:00,   52.02,   56.20,   47.56,   54.83,   58.43,   51.06
05/07/2013 06:10:00,   52.10,   56.04,   47.00,   55.75,   59.87,   50.53
05/07/2013 06:15:00,   56.27,   60.87,   47.76,   61.32,   66.52,   51.96
05/07/2013 06:20:00,   53.70,   57.98,   47.89,   57.97,   63.09,   51.35
05/07/2013 06:25:00,   53.11,   56.70,   48.15,   56.48,   59.73,   52.15
05/07/2013 06:30:00,   53.81,   58.49,   48.58,   58.45,   63.40,   52.45
05/07/2013 06:35:00,   54.07,   58.10,   47.37,   58.09,   61.75,   51.07
05/07/2013 06:40:00,   53.13,   57.15,   47.98,   56.31,   60.33,   51.47
05/07/2013 06:45:00,   56.50,   60.22,   50.40,   60.31,   63.81,   54.63
05/07/2013 06:50:00,   56.14,   60.23,   49.41,   60.51,   64.83,   52.91
05/07/2013 06:55:00,   55.11,   59.01,   49.75,   59.90,   63.05,   54.78
05/07/2013 07:00:00,   56.71,   59.45,   51.02,   60.64,   63.36,   53.92
05/07/2013 07:05:00,   55.76,   58.80,   50.87,   59.31,   62.70,   54.53
05/07/2013 07:10:00,   55.53,   59.27,   51.31,   58.58,   62.51,   54.25
05/07/2013 07:15:00,   55.60,   58.73,   51.30,   59.21,   63.21,   54.56
05/07/2013 07:20:00,   58.14,   61.82,   50.96,   63.26,   68.67,   54.28
05/07/2013 07:25:00,   55.45,   58.97,   50.88,   59.48,   63.53,   54.02
05/07/2013 07:30:00,   56.63,   59.71,   52.61,   60.70,   64.10,   56.32
05/07/2013 07:35:00,   56.81,   59.90,   51.96,   60.56,   63.75,   55.02
05/07/2013 07:40:00,   57.58,   60.81,   52.78,   60.90,   64.31,   56.33
05/07/2013 07:45:00,   57.15,   60.11,   52.29,   60.62,   64.46,   54.93
05/07/2013 07:50:00,   56.88,   59.68,   52.92,   60.66,   64.14,   56.55
05/07/2013 07:55:00,   57.26,   59.93,   52.46,   60.62,   63.88,   56.24
05/07/2013 08:00:00,   56.33,   59.91,   50.12,   59.54,   62.92,   54.15
05/07/2013 08:05:00,   56.62,   59.40,   51.86,   60.00,   62.89,   56.07
05/07/2013 08:10:00,   56.82,   59.84,   52.77,   61.57,   65.25,   56.56
05/07/2013 08:15:00,   57.16,   60.28,   52.31,   60.46,   64.20,   55.12
05/07/2013 08:20:00,   56.46,   59.45,   51.89,   59.95,   62.60,   55.51
05/07/2013 08:25:00,   55.77,   58.80,   51.45,   60.04,   63.06,   55.08
05/07/2013 08:30:00,   56.18,   59.27,   50.90,   59.45,   62.15,   54.73
05/07/2013 08:35:00,   57.47,   60.46,   52.10,   60.71,   64.07,   55.23
05/07/2013 08:40:00,   56.80,   60.08,   52.10,   61.41,   64.86,   56.31
05/07/2013 08:45:00,   57.09,   59.77,   53.01,   60.57,   62.96,   56.67
05/07/2013 08:50:00,   60.47,   63.72,   54.76,   64.74,   68.40,   58.44
05/07/2013 08:55:00,   64.57,   68.14,   56.13,   70.18,   73.94,   61.28
05/07/2013 09:00:00,   57.76,   60.21,   52.85,   61.75,   65.04,   56.45
05/07/2013 09:05:00,   62.43,   66.83,   55.05,   67.62,   72.26,   58.33
05/07/2013 09:10:00,   64.45,   71.67,   57.52,   69.87,   76.97,   62.28
05/07/2013 09:15:00,   63.20,   67.44,   56.95,   68.30,   73.40,   61.28
05/07/2013 09:20:00,   56.71,   59.00,   52.80,   60.73,   63.18,   56.22
05/07/2013 09:25:00,   56.72,   60.04,   50.64,   60.91,   64.51,   54.81
05/07/2013 09:30:00,   55.70,   58.71,   51.80,   60.40,   63.69,   56.17
05/07/2013 09:35:00,   59.22,   62.43,   50.06,   63.32,   66.88,   55.22
05/07/2013 09:40:00,   55.27,   58.47,   51.45,   59.20,   61.53,   55.41
05/07/2013 09:45:00,   56.28,   60.45,   49.76,   61.39,   65.12,   54.35
05/07/2013 09:50:00,   56.04,   59.35,   50.08,   60.09,   63.16,   55.56
05/07/2013 09:55:00,   56.02,   59.30,   48.95,   60.31,   63.57,   54.05
05/07/2013 10:00:00,   54.84,   57.84,   50.43,   60.83,   63.38,   57.96
05/07/2013 10:05:00,   55.02,   57.82,   50.15,   60.81,   64.15,   55.42
05/07/2013 10:10:00,   54.80,   58.25,   48.96,   58.77,   61.80,   53.82
05/07/2013 10:15:00,   54.32,   57.95,   48.39,   58.36,   61.55,   53.08
05/07/2013 10:20:00,   54.75,   58.47,   49.23,   59.23,   62.33,   53.57
05/07/2013 10:25:00,   55.32,   58.04,   49.10,   59.24,   61.87,   54.08
05/07/2013 10:30:00,   61.96,   68.08,   48.90,   66.66,   73.26,   52.37
05/07/2013 10:35:00,   64.19,   69.61,   57.65,   69.24,   74.75,   61.80
05/07/2013 10:40:00,   65.83,   69.13,   61.14,   71.10,   74.39,   64.89
05/07/2013 10:45:00,   60.82,   65.45,   51.30,   65.24,   69.88,   56.10
05/07/2013 10:50:00,   58.67,   63.51,   49.41,   63.41,   68.32,   54.21
05/07/2013 10:55:00,   59.49,   63.85,   48.62,   64.23,   68.34,   55.12
05/07/2013 11:00:00,   60.51,   62.66,   57.62,   64.69,   67.12,   62.13
05/07/2013 11:05:00,   60.37,   62.92,   56.05,   64.96,   67.85,   61.17
05/07/2013 11:10:00,   56.70,   60.42,   49.32,   61.44,   65.30,   54.61
05/07/2013 11:15:00,   55.60,   59.20,   49.33,   60.20,   63.84,   54.70
05/07/2013 11:20:00,   56.37,   59.93,   48.93,   60.68,   64.00,   55.67
05/07/2013 11:25:00,   56.98,   60.10,   52.21,   61.21,   64.40,   56.73
05/07/2013 11:30:00,   58.24,   60.79,   53.77,   62.28,   64.73,   58.38
05/07/2013 11:35:00,   56.30,   59.41,   50.47,   60.66,   64.35,   55.14
05/07/2013 11:40:00,   57.24,   59.88,   52.14,   62.16,   64.69,   56.85
05/07/2013 11:45:00,   58.86,   63.63,   50.98,   61.12,   63.47,   57.12
05/07/2013 11:50:00,   59.13,   63.46,   52.03,   62.01,   64.40,   56.73
05/07/2013 11:55:00,   56.30,   59.78,   49.79,   60.24,   62.60,   55.68
05/07/2013 12:00:00,   56.94,   60.82,   50.54,   60.54,   62.87,   56.80
05/07/2013 12:05:00,   56.60,   60.19,   48.53,   62.05,   65.73,   55.36
05/07/2013 12:10:00,   60.29,   64.98,   49.93,   63.17,   66.97,   55.76
05/07/2013 12:15:00,   56.60,   59.55,   48.37,   60.28,   63.47,   54.04
05/07/2013 12:20:00,   57.65,   60.50,   50.86,   61.35,   64.48,   56.28
05/07/2013 12:25:00,   58.91,   61.75,   53.81,   60.76,   63.17,   57.02
05/07/2013 12:30:00,   55.21,   59.00,   48.51,   59.41,   62.41,   54.84
05/07/2013 12:35:00,   55.89,   59.67,   48.23,   60.22,   63.11,   54.61
05/07/2013 12:40:00,   55.71,   58.54,   49.56,   59.89,   63.08,   55.41
05/07/2013 12:45:00,   55.90,   59.09,   49.33,   61.23,   65.31,   54.80
05/07/2013 12:50:00,   57.69,   62.40,   47.74,   60.53,   63.71,   52.72
05/07/2013 12:55:00,   57.56,   62.61,   45.78,   60.46,   63.75,   52.79
05/07/2013 13:00:00,   55.83,   60.29,   48.11,   60.89,   64.43,   54.65
05/07/2013 13:05:00,   54.43,   58.03,   46.16,   59.27,   62.75,   51.83
05/07/2013 13:10:00,   54.07,   56.64,   47.97,   59.27,   61.71,   54.08
05/07/2013 13:15:00,   54.32,   57.62,   47.67,   60.05,   63.30,   54.42
05/07/2013 13:20:00,   53.81,   57.91,   46.09,   58.21,   61.55,   52.23
05/07/2013 13:25:00,   54.39,   57.31,   47.56,   58.14,   60.94,   53.57
05/07/2013 13:30:00,   54.67,   57.45,   49.51,   59.12,   61.63,   55.22
05/07/2013 13:35:00,   55.63,   59.15,   47.76,   61.70,   66.01,   56.12
05/07/2013 13:40:00,   54.78,   57.52,   48.83,   60.58,   63.56,   55.40
05/07/2013 13:45:00,   54.41,   57.73,   48.39,   59.78,   62.61,   55.07
05/07/2013 13:50:00,   55.06,   58.02,   47.75,   61.21,   62.80,   53.92
05/07/2013 13:55:00,   53.57,   56.96,   47.34,   59.05,   62.43,   54.28
05/07/2013 14:00:00,   55.35,   58.60,   45.06,   60.01,   63.13,   52.38
05/07/2013 14:05:00,   54.89,   58.27,   48.39,   62.02,   65.30,   54.62
05/07/2013 14:10:00,   53.44,   57.30,   46.91,   59.04,   62.11,   53.87
05/07/2013 14:15:00,   54.14,   57.33,   47.61,   58.75,   61.18,   53.67
05/07/2013 14:20:00,   54.81,   57.83,   48.82,   59.64,   63.08,   54.17
05/07/2013 14:25:00,   54.53,   57.54,   47.92,   59.55,   62.64,   53.44
05/07/2013 14:30:00,   54.21,   57.83,   47.22,   59.10,   61.81,   53.47
05/07/2013 14:35:00,   55.94,   58.99,   50.60,   62.04,   65.86,   56.78
05/07/2013 14:40:00,   53.09,   56.38,   47.63,   58.97,   61.16,   54.41
05/07/2013 14:45:00,   55.27,   58.25,   49.91,   61.21,   64.19,   54.90
05/07/2013 14:50:00,   54.32,   57.06,   49.69,   59.80,   62.52,   54.94
05/07/2013 14:55:00,   54.95,   58.69,   48.69,   61.30,   65.38,   55.41
05/07/2013 15:00:00,   54.35,   57.36,   48.39,   59.71,   62.39,   54.23
05/07/2013 15:05:00,   55.36,   58.48,   48.57,   60.56,   64.03,   55.65
05/07/2013 15:10:00,   55.46,   58.43,   48.50,   59.55,   62.44,   54.83
05/07/2013 15:15:00,   54.42,   57.39,   48.52,   58.98,   62.19,   53.89
05/07/2013 15:20:00,   54.85,   58.23,   45.38,   61.16,   64.59,   50.84
05/07/2013 15:25:00,   54.15,   57.70,   47.39,   59.08,   62.78,   52.94
05/07/2013 15:30:00,   55.56,   58.42,   49.34,   60.88,   63.98,   54.88
05/07/2013 15:35:00,   55.48,   59.02,   48.73,   60.99,   64.84,   54.33
05/07/2013 15:40:00,   56.81,   60.36,   50.01,   62.49,   66.88,   55.75
05/07/2013 15:45:00,   54.81,   58.41,   47.27,   60.13,   63.77,   52.67
05/07/2013 15:50:00,   54.27,   57.94,   47.47,   59.08,   61.80,   52.60
05/07/2013 15:55:00,   54.44,   57.36,   46.77,   58.91,   61.45,   53.26
05/07/2013 16:00:00,   54.60,   57.85,   47.22,   58.91,   62.45,   51.61
05/07/2013 16:05:00,   54.83,   57.55,   49.82,   59.97,   63.30,   54.50
05/07/2013 16:10:00,   54.83,   58.14,   47.38,   59.44,   62.18,   52.08
05/07/2013 16:15:00,   54.07,   57.38,   47.30,   58.28,   61.27,   52.66
05/07/2013 16:20:00,   54.55,   57.74,   48.76,   60.52,   64.01,   54.34
05/07/2013 16:25:00,   55.04,   58.34,   48.13,   59.93,   62.79,   53.83
05/07/2013 16:30:00,   53.54,   57.23,   46.51,   59.17,   62.52,   53.79
05/07/2013 16:35:00,   55.00,   58.39,   48.22,   60.05,   62.87,   53.69
05/07/2013 16:40:00,   54.83,   57.49,   47.04,   59.40,   62.39,   53.43
05/07/2013 16:45:00,   53.58,   57.22,   46.29,   58.08,   62.04,   51.25
05/07/2013 16:50:00,   54.91,   58.20,   48.84,   60.15,   63.56,   54.10
05/07/2013 16:55:00,   54.23,   57.55,   46.08,   58.56,   61.43,   50.36
05/07/2013 17:00:00,   54.49,   57.59,   47.20,   58.67,   61.55,   53.38
05/07/2013 17:05:00,   54.15,   57.57,   47.67,   59.37,   62.58,   53.45
05/07/2013 17:10:00,   53.89,   57.76,   45.86,   59.22,   62.71,   52.67
05/07/2013 17:15:00,   54.47,   57.47,   47.72,   60.85,   63.81,   55.32
05/07/2013 17:20:00,   55.63,   58.67,   49.55,   60.47,   63.16,   54.65
05/07/2013 17:25:00,   54.20,   58.41,   46.48,   58.44,   61.72,   51.92
05/07/2013 17:30:00,   54.74,   57.94,   46.21,   58.59,   61.12,   52.56
05/07/2013 17:35:00,   56.12,   60.45,   48.49,   61.80,   66.72,   54.46
05/07/2013 17:40:00,   55.04,   58.17,   48.32,   58.95,   62.04,   53.85
05/07/2013 17:45:00,   54.54,   58.17,   45.97,   58.76,   62.12,   52.08
05/07/2013 17:50:00,   56.07,   59.38,   45.73,   59.79,   63.80,   51.51
05/07/2013 17:55:00,   54.71,   58.27,   46.95,   58.42,   61.36,   52.46
05/07/2013 18:00:00,   54.84,   58.04,   47.62,   59.49,   62.52,   54.10
05/07/2013 18:05:00,   54.26,   57.61,   48.63,   58.60,   60.89,   53.39
05/07/2013 18:10:00,   54.80,   57.78,   47.90,   59.77,   63.61,   54.34
05/07/2013 18:15:00,   53.68,   57.25,   46.64,   59.36,   62.12,   53.32
05/07/2013 18:20:00,   54.32,   58.26,   47.18,   57.65,   61.02,   51.17
05/07/2013 18:25:00,   54.33,   57.78,   48.71,   59.22,   61.22,   54.57
05/07/2013 18:30:00,   53.92,   57.26,   47.11,   58.64,   62.29,   51.58
05/07/2013 18:35:00,   54.46,   57.59,   47.04,   58.63,   61.59,   52.03
05/07/2013 18:40:00,   53.62,   57.44,   46.62,   57.70,   61.07,   52.36
05/07/2013 18:45:00,   54.61,   57.72,   48.40,   58.38,   61.60,   52.81
05/07/2013 18:50:00,   54.87,   57.88,   47.79,   59.01,   61.68,   51.27
05/07/2013 18:55:00,   54.41,   57.07,   49.61,   58.75,   61.19,   53.59
05/07/2013 19:00:00,   54.51,   57.48,   49.57,   59.08,   62.24,   54.24
05/07/2013 19:05:00,   55.61,   58.02,   49.31,   61.52,   65.43,   54.58
05/07/2013 19:10:00,   55.39,   57.60,   51.32,   59.03,   61.43,   55.13
05/07/2013 19:15:00,   54.92,   57.69,   50.71,   58.39,   60.70,   54.67
05/07/2013 19:20:00,   57.42,   57.12,   50.75,   60.38,   61.00,   55.30
05/07/2013 19:25:00,   55.35,   57.74,   50.87,   59.51,   62.28,   55.08
05/07/2013 19:30:00,   53.81,   56.91,   48.63,   58.08,   61.22,   53.09
05/07/2013 19:35:00,   53.10,   56.65,   47.76,   56.63,   59.81,   51.71
05/07/2013 19:40:00,   55.11,   58.49,   48.71,   58.47,   61.46,   52.60
05/07/2013 19:45:00,   54.42,   58.15,   48.14,   58.03,   61.17,   51.50
05/07/2013 19:50:00,   55.69,   58.55,   49.05,   58.93,   62.19,   53.08
05/07/2013 19:55:00,   56.47,   60.07,   50.17,   59.34,   61.99,   54.29
05/07/2013 20:00:00,   56.93,   60.59,   50.91,   60.56,   63.51,   54.86
05/07/2013 20:05:00,   56.22,   59.75,   48.63,   59.20,   62.20,   52.69
05/07/2013 20:10:00,   57.02,   60.84,   49.59,   58.81,   62.28,   52.76
05/07/2013 20:15:00,   58.61,   58.37,   48.40,   60.92,   62.57,   51.86
05/07/2013 20:20:00,   55.86,   59.27,   51.42,   60.63,   63.25,   55.44
05/07/2013 20:25:00,   54.79,   58.07,   49.18,   59.11,   61.53,   53.71
05/07/2013 20:30:00,   55.06,   58.12,   49.26,   59.00,   61.86,   53.47
05/07/2013 20:35:00,   54.05,   57.89,   48.08,   57.03,   60.21,   51.74
05/07/2013 20:40:00,   54.16,   57.63,   48.79,   57.90,   61.03,   52.49
05/07/2013 20:45:00,   53.30,   57.16,   47.49,   57.27,   60.99,   50.76
05/07/2013 20:50:00,   54.17,   57.66,   49.17,   58.47,   61.91,   53.25
05/07/2013 20:55:00,   53.94,   57.92,   48.16,   57.82,   61.25,   52.73
05/07/2013 21:00:00,   55.44,   58.78,   49.91,   60.64,   66.24,   54.26
05/07/2013 21:05:00,   54.01,   58.21,   48.99,   57.07,   60.12,   52.33
05/07/2013 21:10:00,   54.61,   57.44,   49.74,   59.31,   62.33,   55.18
05/07/2013 21:15:00,   54.11,   57.64,   49.11,   58.20,   60.81,   53.25
05/07/2013 21:20:00,   55.30,   58.32,   49.65,   59.18,   61.74,   53.66
05/07/2013 21:25:00,   53.94,   57.49,   47.66,   57.15,   60.30,   52.68
05/07/2013 21:30:00,   54.46,   58.32,   47.77,   58.13,   62.09,   51.82
05/07/2013 21:35:00,   53.60,   57.09,   47.27,   56.47,   59.55,   51.35
05/07/2013 21:40:00,   53.68,   57.95,   46.25,   56.89,   61.26,   49.88
05/07/2013 21:45:00,   54.58,   58.05,   49.81,   58.89,   61.71,   53.82
05/07/2013 21:50:00,   53.41,   57.41,   47.13,   56.36,   59.61,   50.75
05/07/2013 21:55:00,   53.97,   57.34,   47.06,   58.01,   61.79,   51.01
05/07/2013 22:00:00,   55.03,   58.51,   47.60,   59.61,   63.43,   52.60
05/07/2013 22:05:00,   53.79,   58.15,   46.85,   56.76,   60.16,   50.83
05/07/2013 22:10:00,   54.45,   58.31,   46.80,   57.58,   61.07,   50.61
05/07/2013 22:15:00,   54.23,   58.40,   45.92,   58.58,   63.16,   50.74
05/07/2013 22:20:00,   53.43,   57.04,   47.66,   56.47,   59.75,   52.13
05/07/2013 22:25:00,   53.44,   57.91,   47.18,   55.76,   59.55,   50.34
05/07/2013 22:30:00,   53.27,   56.85,   46.54,   56.25,   59.69,   49.68
05/07/2013 22:35:00,   53.50,   56.62,   47.65,   56.80,   60.92,   50.88
05/07/2013 22:40:00,   52.48,   56.92,   44.84,   55.40,   59.43,   47.87
05/07/2013 22:45:00,   53.22,   57.55,   46.85,   56.89,   60.66,   50.59
05/07/2013 22:50:00,   52.51,   57.23,   45.87,   55.78,   59.31,   49.39
05/07/2013 22:55:00,   53.49,   58.12,   46.62,   56.82,   61.21,   50.38
05/07/2013 23:00:00,   53.69,   57.59,   46.30,   56.42,   59.88,   49.69
05/07/2013 23:05:00,   53.34,   56.28,   47.42,   57.05,   60.41,   51.41
05/07/2013 23:10:00,   53.13,   58.37,   42.14,   55.30,   59.86,   46.48
05/07/2013 23:15:00,   52.60,   57.00,   44.04,   55.50,   59.17,   48.87
05/07/2013 23:20:00,   53.05,   56.73,   46.51,   55.16,   58.22,   49.60
05/07/2013 23:25:00,   55.02,   59.42,   46.77,   59.51,   65.80,   50.97
05/07/2013 23:30:00,   52.48,   56.74,   44.47,   56.58,   61.24,   47.97
05/07/2013 23:35:00,   52.58,   57.16,   44.85,   54.97,   59.25,   48.19
05/07/2013 23:40:00,   53.21,   57.00,   44.39,   56.48,   59.88,   47.62
05/07/2013 23:45:00,   51.67,   56.35,   42.98,   54.65,   58.96,   47.44
05/07/2013 23:50:00,   50.57,   56.17,   42.57,   53.93,   59.57,   46.37
05/07/2013 23:55:00,   51.37,   57.65,   42.66,   54.13,   60.44,   45.78

