# noise_analysis run from DCC-NOISE-001003 at Sun Jan 13 00:00:00 2013
# Monitoring unit located at 53.342609N 6.340721W
# logfile   = /home/root/noise_analysis.log
# cfg_dir   = /home/root/config
# outputdir = /home/root/noise
# Sensitivity = -25.869366
# Gain = 1.000000
# Time should be in local format (i.e. daylight savings time)
# dd/mm/yyyy hh:mm:ss, A Leq,   A L10,   A L95,   C Leq,   C L10,   C L95
13/01/2013 00:05:00,   55.03,   59.80,   45.56,   56.94,   61.40,   48.29
13/01/2013 00:10:00,   53.01,   58.58,   43.79,   54.44,   59.72,   46.82
13/01/2013 00:15:00,   54.75,   59.92,   44.95,   56.62,   61.21,   46.85
13/01/2013 00:20:00,   54.73,   59.71,   45.75,   57.69,   62.97,   48.03
13/01/2013 00:25:00,   54.48,   60.16,   44.19,   55.64,   60.85,   47.10
13/01/2013 00:30:00,   53.92,   59.17,   44.62,   57.04,   61.86,   47.68
13/01/2013 00:35:00,   53.88,   59.70,   45.15,   55.12,   60.56,   47.19
13/01/2013 00:40:00,   54.51,   59.45,   44.46,   55.93,   60.61,   46.87
13/01/2013 00:45:00,   53.24,   57.85,   45.38,   55.92,   60.26,   47.65
13/01/2013 00:50:00,   53.83,   59.19,   42.00,   55.46,   60.48,   44.91
13/01/2013 00:55:00,   51.21,   56.62,   41.12,   52.71,   57.79,   43.73
13/01/2013 01:00:00,   53.22,   59.41,   41.85,   55.02,   60.65,   44.21
13/01/2013 01:05:00,   53.74,   58.30,   45.15,   55.56,   59.91,   47.49
13/01/2013 01:10:00,   54.31,   59.27,   43.51,   56.46,   61.77,   46.89
13/01/2013 01:15:00,   54.85,   60.11,   43.53,   56.28,   61.83,   45.71
13/01/2013 01:20:00,   53.21,   58.66,   42.38,   54.84,   60.48,   45.47
13/01/2013 01:25:00,   52.60,   58.35,   43.27,   54.69,   60.44,   45.82
13/01/2013 01:30:00,   52.54,   58.67,   44.02,   54.23,   59.48,   47.08
13/01/2013 01:35:00,   53.91,   57.97,   44.26,   55.85,   59.94,   46.38
13/01/2013 01:40:00,   53.26,   58.70,   42.61,   54.64,   59.52,   45.84
13/01/2013 01:45:00,   54.10,   59.20,   44.23,   55.42,   60.02,   46.49
13/01/2013 01:50:00,   55.02,   58.82,   44.52,   56.29,   60.01,   46.30
13/01/2013 01:55:00,   54.10,   59.16,   47.10,   55.53,   60.37,   49.11
13/01/2013 02:00:00,   55.39,   60.46,   46.47,   56.78,   61.62,   48.44
13/01/2013 02:05:00,   56.28,   60.40,   48.62,   57.58,   61.07,   50.58
13/01/2013 02:10:00,   54.97,   60.04,   46.77,   56.39,   61.08,   49.36
13/01/2013 02:15:00,   53.43,   58.00,   46.70,   55.00,   59.04,   49.06
13/01/2013 02:20:00,   56.42,   60.42,   49.55,   57.82,   61.60,   51.63
13/01/2013 02:25:00,   54.51,   59.98,   45.64,   55.91,   61.03,   47.59
13/01/2013 02:30:00,   57.08,   62.67,   46.15,   60.22,   66.99,   48.54
13/01/2013 02:35:00,   56.26,   60.95,   46.15,   59.07,   64.18,   48.31
13/01/2013 02:40:00,   52.63,   59.62,   42.23,   54.00,   60.05,   44.99
13/01/2013 02:45:00,   56.00,   60.52,   47.01,   57.94,   62.33,   48.67
13/01/2013 02:50:00,   55.19,   60.85,   48.08,   56.34,   61.74,   49.59
13/01/2013 02:55:00,   53.60,   58.78,   46.08,   54.90,   59.46,   48.36
13/01/2013 03:00:00,   54.14,   59.31,   47.62,   55.84,   61.05,   49.45
13/01/2013 03:05:00,   54.46,   60.09,   47.17,   55.83,   61.09,   49.13
13/01/2013 03:10:00,   54.33,   60.24,   45.71,   55.63,   61.03,   47.62
13/01/2013 03:15:00,   53.54,   59.74,   45.35,   55.25,   60.96,   47.80
13/01/2013 03:20:00,   54.91,   60.46,   46.45,   56.14,   61.30,   48.64
13/01/2013 03:25:00,   55.05,   59.56,   46.51,   56.59,   60.63,   48.66
13/01/2013 03:30:00,   55.67,   59.54,   47.18,   57.31,   61.20,   49.35
13/01/2013 03:35:00,   54.28,   59.88,   46.08,   55.52,   60.69,   47.83
13/01/2013 03:40:00,   53.68,   59.46,   45.44,   54.92,   59.91,   47.68
13/01/2013 03:45:00,   53.22,   59.30,   44.25,   54.51,   60.30,   46.26
13/01/2013 03:50:00,   52.60,   58.51,   44.25,   54.57,   59.96,   47.00
13/01/2013 03:55:00,   52.88,   58.68,   43.09,   54.32,   59.80,   45.53
13/01/2013 04:00:00,   53.21,   58.50,   45.07,   54.31,   59.16,   47.00
13/01/2013 04:05:00,   53.39,   58.32,   44.06,   55.30,   59.59,   47.65
13/01/2013 04:10:00,   53.50,   59.19,   44.41,   54.86,   59.97,   47.28
13/01/2013 04:15:00,   52.25,   59.40,   41.12,   53.90,   60.56,   43.96
13/01/2013 04:20:00,   52.63,   58.42,   42.20,   54.32,   59.37,   45.16
13/01/2013 04:25:00,   52.91,   59.27,   43.55,   54.20,   60.06,   45.94
13/01/2013 04:30:00,   51.99,   58.71,   41.29,   53.29,   59.33,   44.25
13/01/2013 04:35:00,   50.13,   56.50,   40.71,   51.48,   57.57,   43.91
13/01/2013 04:40:00,   51.41,   59.15,   40.80,   54.46,   60.61,   44.00
13/01/2013 04:45:00,   54.62,   60.09,   44.20,   57.45,   62.30,   47.28
13/01/2013 04:50:00,   48.74,   53.98,   40.55,   53.47,   59.54,   44.06
13/01/2013 04:55:00,   52.00,   57.51,   42.76,   54.44,   58.93,   46.82
13/01/2013 05:00:00,   50.63,   57.07,   41.93,   52.26,   58.19,   45.47
13/01/2013 05:05:00,   50.58,   58.21,   41.37,   52.84,   58.86,   46.73
13/01/2013 05:10:00,   52.10,   58.32,   43.99,   53.90,   59.45,   46.55
13/01/2013 05:15:00,   48.85,   54.34,   43.10,   51.21,   55.54,   46.50
13/01/2013 05:20:00,   51.22,   57.83,   42.18,   53.46,   59.73,   46.83
13/01/2013 05:25:00,   50.46,   56.90,   42.48,   52.58,   57.79,   46.33
13/01/2013 05:30:00,   51.95,   56.88,   41.51,   53.66,   58.62,   45.64
13/01/2013 05:36:00,   51.82,   58.54,   42.34,   53.57,   59.37,   46.17
13/01/2013 05:41:00,   50.63,   58.31,   41.69,   52.53,   59.43,   45.61
13/01/2013 05:46:00,   47.65,   53.25,   40.96,   50.19,   54.76,   45.16
13/01/2013 05:51:00,   51.60,   58.02,   42.16,   55.02,   61.69,   46.47
13/01/2013 05:56:00,   48.73,   55.08,   41.07,   51.38,   57.39,   44.99
13/01/2013 06:01:00,   52.04,   57.34,   43.78,   53.57,   58.71,   46.30
13/01/2013 06:06:00,   48.81,   54.37,   42.78,   51.09,   55.66,   46.40
13/01/2013 06:11:00,   47.28,   50.49,   41.81,   49.72,   53.00,   45.68
13/01/2013 06:16:00,   48.58,   52.64,   42.64,   52.07,   56.26,   47.30
13/01/2013 06:21:00,   50.22,   56.95,   42.30,   52.98,   59.00,   46.15
13/01/2013 06:26:00,   52.47,   57.78,   41.75,   55.82,   60.49,   45.65
13/01/2013 06:31:00,   54.24,   60.69,   43.43,   57.57,   63.91,   47.28
13/01/2013 06:36:00,   47.72,   54.24,   41.08,   53.40,   58.11,   46.33
13/01/2013 06:41:00,   50.44,   54.81,   44.62,   54.60,   58.79,   49.61
13/01/2013 06:46:00,   54.08,   59.74,   45.47,   59.04,   63.85,   50.53
13/01/2013 06:51:00,   53.05,   59.21,   44.04,   56.95,   62.04,   49.02
13/01/2013 06:56:00,   54.56,   60.67,   45.12,   59.96,   65.72,   51.08
13/01/2013 07:01:00,   54.32,   59.00,   46.84,   59.69,   64.79,   51.71
13/01/2013 07:06:00,   51.78,   57.36,   44.67,   56.06,   61.41,   49.09
13/01/2013 07:11:00,   53.56,   58.92,   46.43,   55.42,   59.93,   49.71
13/01/2013 07:16:00,   52.61,   57.94,   45.01,   57.58,   63.72,   49.62
13/01/2013 07:21:00,   49.57,   55.20,   42.51,   51.85,   56.49,   46.59
13/01/2013 07:26:00,   54.32,   59.66,   45.40,   57.30,   62.18,   48.46
13/01/2013 07:31:00,   54.45,   59.88,   47.70,   55.94,   60.57,   50.85
13/01/2013 07:36:00,   54.82,   59.03,   47.29,   58.23,   62.92,   51.60
13/01/2013 07:41:00,   52.94,   57.73,   46.96,   56.97,   60.78,   51.59
13/01/2013 07:46:00,   52.02,   57.47,   45.18,   53.79,   58.50,   48.84
13/01/2013 07:51:00,   54.82,   60.18,   47.67,   56.48,   61.26,   50.23
13/01/2013 07:56:00,   53.70,   58.99,   47.19,   55.09,   59.91,   50.84
13/01/2013 08:01:00,   53.55,   59.09,   46.83,   56.19,   60.80,   49.95
13/01/2013 08:06:00,   51.63,   55.95,   45.61,   54.51,   58.31,   48.90
13/01/2013 08:11:00,   54.30,   59.54,   49.07,   56.25,   60.68,   51.98
13/01/2013 08:16:00,   54.17,   58.95,   47.49,   55.91,   60.19,   50.21
13/01/2013 08:21:00,   52.66,   59.10,   46.74,   54.44,   59.04,   50.10
13/01/2013 08:26:00,   51.56,   56.01,   46.29,   52.96,   57.20,   48.79
13/01/2013 08:31:00,   53.83,   58.91,   47.68,   55.23,   59.85,   50.04
13/01/2013 08:36:00,   55.87,   59.77,   50.37,   59.00,   64.01,   52.75
13/01/2013 08:41:00,   53.46,   58.23,   48.23,   55.30,   58.96,   50.68
13/01/2013 08:46:00,   52.88,   57.62,   48.15,   54.62,   58.25,   50.51
13/01/2013 08:51:00,   53.86,   59.06,   48.34,   55.46,   59.80,   51.24
13/01/2013 08:56:00,   54.62,   59.22,   48.76,   55.55,   59.35,   51.20
13/01/2013 09:01:00,   56.06,   60.53,   49.63,   57.58,   61.59,   52.44
13/01/2013 09:06:00,   54.46,   59.27,   48.82,   56.05,   61.10,   50.87
13/01/2013 09:11:00,   55.79,   60.36,   50.31,   56.96,   60.86,   52.29
13/01/2013 09:16:00,   55.52,   60.17,   50.58,   56.96,   60.82,   52.83
13/01/2013 09:21:00,   56.84,   61.14,   51.18,   57.87,   61.82,   52.95
13/01/2013 09:26:00,   57.80,   60.86,   53.66,   58.26,   61.27,   55.02
13/01/2013 09:31:00,   56.81,   59.51,   52.84,   58.37,   61.27,   54.63
13/01/2013 09:36:00,   57.40,   61.15,   53.36,   59.61,   62.89,   55.65
13/01/2013 09:41:00,   58.40,   62.33,   53.85,   59.82,   63.58,   55.65
13/01/2013 09:46:00,   58.38,   61.65,   54.18,   59.71,   62.25,   56.01
13/01/2013 09:51:00,   58.42,   62.29,   54.26,   59.86,   63.32,   56.19
13/01/2013 09:56:00,   57.27,   60.91,   52.23,   59.01,   62.86,   54.49
13/01/2013 10:01:00,   57.22,   61.10,   52.99,   59.68,   63.47,   55.86
13/01/2013 10:06:00,   57.41,   60.77,   52.67,   59.48,   63.28,   55.31
13/01/2013 10:11:00,   57.62,   60.91,   53.28,   60.57,   64.59,   56.29
13/01/2013 10:16:00,   57.34,   60.15,   53.12,   59.32,   61.72,   55.62
13/01/2013 10:21:00,   58.88,   62.03,   53.72,   60.87,   63.85,   55.88
13/01/2013 10:26:00,   58.41,   61.80,   53.41,   60.32,   63.18,   55.97
13/01/2013 10:31:00,   58.58,   61.69,   54.26,   59.60,   62.25,   55.79
13/01/2013 10:36:00,   58.78,   62.37,   54.26,   60.28,   63.53,   56.30
13/01/2013 10:41:00,   58.83,   62.28,   54.60,   60.55,   63.50,   56.56
13/01/2013 10:46:00,   58.12,   61.06,   54.07,   59.90,   63.29,   56.22
13/01/2013 10:51:00,   58.25,   61.37,   54.10,   59.94,   62.98,   56.31
13/01/2013 10:56:00,   58.34,   61.17,   54.31,   60.80,   64.20,   56.59
13/01/2013 11:01:00,   59.03,   61.70,   55.29,   61.15,   63.19,   57.72
13/01/2013 11:06:00,   60.03,   61.67,   54.28,   60.96,   62.58,   56.39
13/01/2013 11:11:00,   58.89,   62.22,   54.21,   61.69,   64.65,   57.26
13/01/2013 11:16:00,   59.14,   62.04,   54.40,   60.87,   63.68,   56.57
13/01/2013 11:21:00,   58.62,   61.94,   53.00,   61.10,   65.01,   55.20
13/01/2013 11:26:00,   58.55,   61.14,   54.68,   61.06,   63.43,   57.45
13/01/2013 11:31:00,   58.08,   61.51,   54.28,   59.91,   63.01,   56.47
13/01/2013 11:36:00,   58.61,   61.68,   54.87,   60.37,   62.92,   57.32
13/01/2013 11:41:00,   59.54,   61.85,   55.10,   62.26,   64.67,   58.53
13/01/2013 11:46:00,   59.61,   62.31,   55.64,   61.91,   64.67,   58.01
13/01/2013 11:51:00,   60.24,   63.04,   54.76,   61.88,   64.75,   56.91
13/01/2013 11:56:00,   58.66,   61.16,   54.69,   59.96,   62.29,   56.74
13/01/2013 12:01:00,   60.92,   63.59,   55.97,   63.36,   65.48,   57.67
13/01/2013 12:06:00,   59.80,   62.75,   56.12,   61.07,   63.62,   57.83
13/01/2013 12:11:00,   60.12,   63.07,   55.42,   62.33,   65.90,   57.65
13/01/2013 12:16:00,   60.18,   64.31,   52.88,   61.00,   64.52,   54.88
13/01/2013 12:21:00,   60.75,   64.00,   55.34,   62.05,   64.72,   57.61
13/01/2013 12:26:00,   60.84,   63.70,   56.20,   63.28,   65.55,   59.16
13/01/2013 12:31:00,   61.32,   64.42,   56.15,   63.20,   66.09,   59.12
13/01/2013 12:36:00,   61.15,   64.24,   55.64,   62.46,   65.44,   57.55
13/01/2013 12:41:00,   61.18,   64.38,   56.57,   63.41,   66.42,   59.15
13/01/2013 12:46:00,   60.47,   64.20,   53.98,   62.35,   66.34,   56.56
13/01/2013 12:51:00,   60.51,   63.34,   55.12,   62.26,   64.85,   57.65
13/01/2013 12:56:00,   60.10,   63.17,   54.41,   61.25,   63.92,   56.32
13/01/2013 13:01:00,   60.67,   63.72,   55.83,   62.62,   65.04,   58.72
13/01/2013 13:06:00,   59.67,   62.95,   54.54,   61.85,   64.37,   57.86
13/01/2013 13:11:00,   59.90,   62.82,   54.80,   61.45,   64.05,   57.55
13/01/2013 13:16:00,   60.19,   63.77,   54.57,   61.99,   65.09,   57.50
13/01/2013 13:21:00,   60.77,   63.57,   55.25,   63.11,   65.55,   58.59
13/01/2013 13:26:00,   60.52,   63.83,   55.25,   61.75,   64.54,   57.30
13/01/2013 13:31:00,   60.38,   63.38,   55.99,   62.34,   65.09,   58.80
13/01/2013 13:36:00,   61.30,   63.88,   55.62,   62.74,   65.03,   57.88
13/01/2013 13:41:00,   60.95,   64.02,   56.00,   63.00,   65.54,   58.48
13/01/2013 13:46:00,   60.52,   63.57,   55.97,   62.02,   64.59,   58.12
13/01/2013 13:51:00,   60.71,   63.45,   56.96,   63.27,   65.81,   59.24
13/01/2013 13:56:00,   59.61,   62.87,   54.95,   61.77,   64.85,   57.80
13/01/2013 14:01:00,   60.51,   62.87,   56.30,   63.21,   65.56,   59.70
13/01/2013 14:06:00,   59.81,   62.83,   55.23,   61.75,   64.64,   57.99
13/01/2013 14:11:00,   60.40,   63.42,   55.71,   62.14,   64.63,   58.33
13/01/2013 14:16:00,   60.23,   63.36,   55.48,   62.72,   65.48,   58.59
13/01/2013 14:21:00,   60.50,   63.15,   56.11,   62.66,   64.90,   58.99
13/01/2013 14:26:00,   59.64,   62.96,   54.29,   62.03,   64.70,   56.96
13/01/2013 14:31:00,   60.57,   64.22,   56.26,   63.40,   65.69,   58.55
13/01/2013 14:36:00,   60.61,   63.58,   55.23,   62.70,   65.39,   57.77
13/01/2013 14:41:00,   63.49,   67.34,   59.04,   65.92,   69.54,   61.66
13/01/2013 14:46:00,   64.01,   67.19,   58.12,   66.44,   69.94,   60.72
13/01/2013 14:51:00,   67.74,   72.42,   60.20,   69.82,   74.07,   63.73
13/01/2013 14:56:00,   64.84,   68.12,   59.03,   66.97,   70.29,   61.50
13/01/2013 15:01:00,   60.55,   63.29,   56.66,   62.66,   65.18,   59.14
13/01/2013 15:06:00,   59.87,   62.60,   55.46,   62.30,   64.57,   58.55
13/01/2013 15:11:00,   60.09,   62.85,   56.02,   61.56,   64.07,   57.39
13/01/2013 15:16:00,   60.95,   63.82,   56.78,   62.28,   64.77,   58.33
13/01/2013 15:21:00,   59.56,   62.57,   55.35,   61.03,   63.30,   57.37
13/01/2013 15:26:00,   59.46,   62.42,   54.33,   61.84,   64.76,   56.40
13/01/2013 15:31:00,   59.81,   62.49,   55.38,   61.70,   63.90,   57.94
13/01/2013 15:36:00,   59.40,   62.51,   54.18,   61.79,   64.57,   56.90
13/01/2013 15:41:00,   60.62,   64.03,   55.92,   62.78,   65.36,   59.05
13/01/2013 15:46:00,   59.86,   62.61,   55.29,   61.65,   64.16,   58.00
13/01/2013 15:51:00,   60.41,   63.50,   55.91,   62.16,   64.87,   57.64
13/01/2013 15:56:00,   61.48,   63.70,   57.84,   62.96,   64.82,   59.97
13/01/2013 16:01:00,   60.11,   63.17,   55.82,   62.46,   65.47,   58.39
13/01/2013 16:06:00,   60.16,   62.73,   56.56,   63.24,   65.86,   58.72
13/01/2013 16:11:00,   59.61,   62.56,   54.93,   61.59,   64.20,   57.46
13/01/2013 16:16:00,   60.09,   63.26,   55.00,   62.31,   64.51,   57.62
13/01/2013 16:21:00,   60.11,   62.94,   53.50,   63.06,   66.94,   58.24
13/01/2013 16:26:00,   60.13,   62.86,   55.47,   62.76,   65.37,   58.23
13/01/2013 16:31:00,   59.89,   62.37,   55.51,   62.08,   64.55,   58.41
13/01/2013 16:36:00,   59.34,   62.20,   55.40,   62.04,   64.56,   57.74
13/01/2013 16:41:00,   59.39,   62.03,   55.32,   61.55,   63.95,   58.20
13/01/2013 16:46:00,   59.77,   63.75,   53.96,   62.19,   65.74,   57.09
13/01/2013 16:51:00,   59.70,   62.37,   55.54,   62.29,   64.71,   58.01
13/01/2013 16:56:00,   59.24,   62.01,   54.75,   61.24,   63.75,   57.26
13/01/2013 17:01:00,   59.55,   62.22,   55.31,   61.89,   64.37,   57.66
13/01/2013 17:06:00,   59.60,   62.70,   55.00,   62.36,   64.85,   58.56
13/01/2013 17:11:00,   59.78,   62.98,   55.16,   62.45,   64.27,   58.27
13/01/2013 17:16:00,   59.84,   62.96,   54.99,   61.88,   64.34,   58.43
13/01/2013 17:21:00,   59.45,   62.79,   54.64,   61.80,   65.27,   57.84
13/01/2013 17:26:00,   59.59,   62.42,   55.60,   61.71,   64.19,   57.94
13/01/2013 17:31:00,   59.99,   62.69,   55.42,   63.06,   66.71,   58.88
13/01/2013 17:36:00,   59.62,   62.31,   54.57,   62.16,   64.57,   57.91
13/01/2013 17:41:00,   60.07,   63.40,   54.40,   63.25,   66.09,   57.20
13/01/2013 17:46:00,   60.35,   63.90,   54.18,   62.98,   66.58,   57.35
13/01/2013 17:51:00,   60.28,   63.00,   55.45,   63.50,   66.08,   58.27
13/01/2013 17:56:00,   60.11,   63.19,   55.05,   62.42,   65.14,   58.25
13/01/2013 18:01:00,   59.74,   62.60,   56.14,   61.87,   64.33,   58.10
13/01/2013 18:06:00,   60.59,   63.51,   55.95,   62.70,   65.90,   58.22
13/01/2013 18:11:00,   59.71,   62.72,   55.03,   61.78,   64.77,   57.66
13/01/2013 18:16:00,   59.42,   62.22,   55.43,   61.38,   63.63,   57.73
13/01/2013 18:21:00,   59.78,   62.91,   54.02,   62.36,   65.00,   58.34
13/01/2013 18:26:00,   59.97,   62.81,   55.06,   62.02,   64.96,   57.35
13/01/2013 18:31:00,   58.70,   62.28,   54.22,   60.61,   63.77,   57.01
13/01/2013 18:36:00,   59.31,   62.30,   54.37,   62.68,   65.87,   57.54
13/01/2013 18:41:00,   59.96,   63.08,   55.19,   62.07,   64.94,   57.62
13/01/2013 18:46:00,   59.75,   62.80,   54.05,   61.73,   64.33,   56.85
13/01/2013 18:51:00,   59.56,   63.09,   54.80,   62.95,   67.57,   57.80
13/01/2013 18:56:00,   58.54,   61.70,   54.06,   60.80,   63.30,   56.53
13/01/2013 19:01:00,   59.39,   63.42,   52.95,   62.01,   65.53,   56.57
13/01/2013 19:06:00,   58.77,   62.28,   54.15,   61.12,   63.93,   57.06
13/01/2013 19:11:00,   59.13,   62.32,   53.85,   61.77,   64.55,   55.93
13/01/2013 19:16:00,   58.79,   61.96,   54.32,   61.69,   64.86,   57.49
13/01/2013 19:21:00,   58.80,   61.57,   54.61,   61.62,   64.56,   57.56
13/01/2013 19:26:00,   59.26,   62.40,   54.10,   61.84,   65.29,   56.99
13/01/2013 19:31:00,   58.90,   62.01,   54.32,   61.27,   63.84,   57.56
13/01/2013 19:36:00,   58.63,   61.35,   54.16,   61.04,   63.85,   57.66
13/01/2013 19:41:00,   59.06,   62.11,   54.71,   61.45,   64.06,   58.14
13/01/2013 19:46:00,   58.45,   61.34,   54.69,   60.35,   63.02,   56.92
13/01/2013 19:51:00,   58.50,   61.80,   53.70,   60.98,   63.60,   57.23
13/01/2013 19:56:00,   58.40,   61.42,   53.57,   60.92,   63.92,   56.51
13/01/2013 20:01:00,   59.28,   62.32,   54.14,   61.28,   63.63,   57.47
13/01/2013 20:06:00,   59.24,   62.03,   55.02,   61.05,   63.55,   57.50
13/01/2013 20:11:00,   59.96,   62.57,   55.25,   62.90,   65.85,   57.85
13/01/2013 20:16:00,   59.30,   62.73,   54.23,   61.27,   64.24,   57.48
13/01/2013 20:21:00,   59.25,   62.16,   55.15,   60.97,   63.62,   57.55
13/01/2013 20:26:00,   59.46,   62.64,   54.06,   62.14,   64.65,   57.02
13/01/2013 20:31:00,   59.56,   62.76,   54.92,   61.08,   63.71,   57.21
13/01/2013 20:36:00,   58.81,   62.31,   54.20,   60.92,   63.97,   56.90
13/01/2013 20:41:00,   59.66,   63.46,   53.28,   61.87,   65.20,   56.68
13/01/2013 20:46:00,   59.16,   62.25,   53.63,   61.16,   63.92,   56.93
13/01/2013 20:51:00,   58.76,   62.69,   53.54,   60.76,   64.25,   55.78
13/01/2013 20:56:00,   59.94,   63.16,   55.08,   61.45,   64.15,   57.43
13/01/2013 21:01:00,   58.57,   61.52,   54.39,   60.41,   63.36,   56.54
13/01/2013 21:06:00,   58.88,   62.79,   53.77,   61.10,   64.21,   56.76
13/01/2013 21:11:00,   59.12,   62.20,   53.55,   60.67,   63.24,   55.90
13/01/2013 21:16:00,   58.20,   61.05,   53.05,   60.11,   62.63,   55.73
13/01/2013 21:21:00,   59.20,   61.94,   54.86,   61.56,   64.01,   57.87
13/01/2013 21:26:00,   59.78,   62.60,   54.91,   62.38,   65.77,   57.71
13/01/2013 21:31:00,   58.83,   62.26,   54.05,   61.18,   64.44,   56.49
13/01/2013 21:36:00,   59.12,   62.60,   54.11,   60.96,   63.71,   56.37
13/01/2013 21:41:00,   58.02,   61.16,   53.19,   60.55,   63.48,   56.16
13/01/2013 21:46:00,   59.90,   63.29,   54.06,   62.36,   65.05,   56.39
13/01/2013 21:51:00,   57.69,   61.38,   52.44,   59.57,   63.23,   55.23
13/01/2013 21:56:00,   58.01,   61.18,   53.04,   60.92,   64.31,   55.75
13/01/2013 22:01:00,   58.48,   61.85,   53.85,   60.63,   63.58,   56.64
13/01/2013 22:06:00,   58.42,   60.98,   52.73,   61.89,   64.32,   56.11
13/01/2013 22:11:00,   59.18,   62.73,   53.82,   61.11,   64.08,   56.47
13/01/2013 22:16:00,   58.15,   61.50,   52.62,   59.97,   62.65,   55.73
13/01/2013 22:21:00,   56.87,   60.89,   51.88,   60.08,   63.13,   55.26
13/01/2013 22:26:00,   56.15,   59.36,   50.80,   58.20,   61.10,   53.67
13/01/2013 22:31:00,   56.51,   60.84,   49.26,   58.96,   62.45,   53.15
13/01/2013 22:36:00,   56.66,   59.92,   52.48,   61.03,   65.46,   55.68
13/01/2013 22:41:00,   56.07,   60.39,   49.94,   59.66,   62.92,   53.38
13/01/2013 22:46:00,   57.64,   62.15,   51.57,   59.39,   63.14,   54.48
13/01/2013 22:51:00,   57.02,   60.97,   52.01,   61.47,   65.55,   55.47
13/01/2013 22:56:00,   57.52,   61.36,   52.01,   60.69,   64.18,   55.78
13/01/2013 23:01:00,   56.91,   60.71,   52.19,   61.04,   65.56,   55.74
13/01/2013 23:06:00,   56.34,   60.01,   50.82,   59.30,   62.29,   54.31
13/01/2013 23:11:00,   57.26,   61.27,   51.41,   59.57,   63.37,   54.52
13/01/2013 23:16:00,   56.17,   60.28,   51.07,   59.56,   62.66,   53.94
13/01/2013 23:21:00,   56.46,   59.93,   51.62,   59.35,   62.46,   54.94
13/01/2013 23:26:00,   55.62,   59.66,   50.13,   58.85,   62.65,   53.41
13/01/2013 23:31:00,   55.84,   60.13,   49.63,   58.19,   61.58,   52.78
13/01/2013 23:36:00,   58.37,   62.47,   52.65,   61.41,   64.83,   54.89
13/01/2013 23:41:00,   55.58,   60.37,   49.75,   57.97,   62.38,   52.56
13/01/2013 23:46:00,   56.99,   60.78,   50.16,   59.16,   62.31,   53.54
13/01/2013 23:51:00,   54.98,   59.22,   49.22,   58.84,   61.86,   52.29
13/01/2013 23:56:00,   55.97,   60.47,   49.43,   59.61,   63.78,   52.56

