# noise_analysis run from DCC-NOISE-001003 at Tue Aug 27 00:00:00 2013
# Monitoring unit located at 53.342609N 6.340721W
# logfile   = /home/root/noise_analysis.log
# cfg_dir   = /home/root/config
# outputdir = /home/root/noise
# Sensitivity = -26.271103
# Gain = 1.000000
# Time should be in local format (i.e. daylight savings time)
# dd/mm/yyyy hh:mm:ss, A Leq,   A L10,   A L95,   C Leq,   C L10,   C L95
27/08/2013 00:05:00,   52.24,   58.00,   44.27,   54.95,   60.12,   47.86
27/08/2013 00:10:00,   51.02,   56.45,   43.74,   53.17,   58.04,   47.34
27/08/2013 00:15:00,   51.73,   56.63,   46.40,   54.23,   57.88,   49.94
27/08/2013 00:20:00,   50.70,   55.61,   44.99,   54.06,   58.00,   48.76
27/08/2013 00:25:00,   50.37,   55.04,   44.61,   52.97,   56.73,   48.49
27/08/2013 00:30:00,   48.16,   54.65,   42.43,   50.96,   56.62,   46.45
27/08/2013 00:35:00,   48.31,   54.08,   42.71,   50.93,   55.24,   46.66
27/08/2013 00:40:00,   49.63,   54.95,   42.18,   52.37,   57.37,   46.13
27/08/2013 00:45:00,   51.71,   56.57,   44.17,   54.49,   58.83,   48.33
27/08/2013 00:50:00,   51.19,   55.97,   43.70,   53.70,   58.34,   47.44
27/08/2013 00:55:00,   50.56,   56.70,   42.53,   53.26,   58.93,   46.42
27/08/2013 01:00:00,   48.02,   54.57,   42.27,   50.55,   55.97,   46.41
27/08/2013 01:05:00,   50.43,   56.48,   42.33,   52.68,   57.79,   46.22
27/08/2013 01:10:00,   48.20,   54.78,   41.16,   51.74,   57.13,   45.83
27/08/2013 01:15:00,   50.01,   55.90,   43.15,   52.57,   57.89,   47.23
27/08/2013 01:20:00,   51.87,   57.76,   44.32,   53.88,   58.61,   47.61
27/08/2013 01:25:00,   47.37,   51.57,   42.39,   50.35,   53.97,   46.46
27/08/2013 01:30:00,   50.85,   56.64,   42.66,   53.80,   59.03,   47.27
27/08/2013 01:35:00,   49.02,   54.73,   42.57,   51.50,   56.57,   46.70
27/08/2013 01:40:00,   49.89,   56.19,   41.95,   52.31,   58.13,   46.36
27/08/2013 01:45:00,   49.92,   55.77,   42.82,   52.36,   57.73,   46.34
27/08/2013 01:50:00,   47.13,   53.17,   40.70,   49.80,   54.91,   45.05
27/08/2013 01:55:00,   48.39,   54.64,   41.09,   51.22,   56.86,   45.20
27/08/2013 02:00:00,   49.46,   55.28,   41.57,   51.33,   56.05,   45.62
27/08/2013 02:05:00,   47.13,   53.46,   39.37,   49.77,   55.44,   43.61
27/08/2013 02:10:00,   46.31,   51.00,   40.21,   49.24,   52.86,   44.27
27/08/2013 02:15:00,   46.31,   53.64,   38.82,   48.67,   54.42,   43.56
27/08/2013 02:20:00,   45.92,   50.35,   39.69,   48.85,   52.52,   44.02
27/08/2013 02:25:00,   49.16,   55.77,   40.73,   50.87,   56.43,   44.80
27/08/2013 02:30:00,   46.84,   53.82,   38.53,   52.40,   60.21,   43.67
27/08/2013 02:35:00,   44.35,   50.15,   39.30,   48.00,   53.80,   43.45
27/08/2013 02:40:00,   44.34,   48.89,   38.42,   47.30,   51.48,   42.92
27/08/2013 02:45:00,   41.83,   43.44,   38.01,   46.37,   47.55,   43.07
27/08/2013 02:50:00,   41.00,   42.41,   38.37,   46.25,   47.60,   43.80
27/08/2013 02:55:00,   45.13,   51.12,   38.72,   47.85,   52.36,   43.52
27/08/2013 03:00:00,   44.18,   47.65,   38.96,   47.21,   49.76,   43.30
27/08/2013 03:05:00,   44.05,   47.30,   38.33,   47.86,   52.05,   42.92
27/08/2013 03:10:00,   41.89,   42.80,   38.71,   45.65,   46.75,   42.68
27/08/2013 03:15:00,   44.24,   46.26,   38.47,   47.00,   48.44,   42.39
27/08/2013 03:20:00,   45.73,   52.06,   39.88,   49.22,   55.61,   43.84
27/08/2013 03:25:00,   47.65,   54.86,   39.13,   50.19,   56.98,   43.72
27/08/2013 03:30:00,   44.41,   50.79,   38.75,   47.13,   52.19,   43.05
27/08/2013 03:35:00,   45.34,   47.63,   40.03,   48.39,   51.16,   44.34
27/08/2013 03:40:00,   45.78,   53.10,   40.12,   49.58,   56.68,   44.57
27/08/2013 03:45:00,   45.68,   49.96,   39.85,   48.39,   51.62,   43.69
27/08/2013 03:50:00,   40.97,   43.02,   38.21,   45.41,   46.78,   43.26
27/08/2013 03:55:00,   44.29,   48.77,   39.08,   47.44,   51.06,   43.61
27/08/2013 04:00:00,   43.32,   45.00,   38.04,   46.91,   48.60,   42.71
27/08/2013 04:05:00,   44.52,   49.63,   38.22,   47.79,   51.64,   43.08
27/08/2013 04:10:00,   46.46,   50.70,   40.38,   48.76,   52.19,   44.79
27/08/2013 04:15:00,   48.02,   54.13,   40.77,   50.69,   55.90,   44.94
27/08/2013 04:20:00,   49.21,   54.26,   42.93,   50.49,   55.22,   45.91
27/08/2013 04:25:00,   48.12,   52.20,   43.53,   50.01,   53.46,   45.73
27/08/2013 04:30:00,   46.51,   52.10,   41.63,   49.34,   54.13,   45.59
27/08/2013 04:35:00,   48.37,   54.30,   42.33,   51.08,   55.89,   46.18
27/08/2013 04:40:00,   46.59,   51.46,   43.07,   49.65,   53.22,   46.75
27/08/2013 04:45:00,   46.12,   49.49,   42.44,   48.97,   51.49,   46.04
27/08/2013 04:50:00,   46.81,   51.56,   42.53,   50.03,   55.23,   46.23
27/08/2013 04:55:00,   48.02,   53.12,   42.31,   50.55,   54.71,   45.99
27/08/2013 05:00:00,   48.87,   54.44,   41.59,   51.15,   55.95,   45.67
27/08/2013 05:05:00,   48.10,   52.98,   43.42,   50.87,   54.89,   46.86
27/08/2013 05:10:00,   48.87,   54.04,   43.94,   51.56,   56.06,   47.86
27/08/2013 05:15:00,   50.12,   55.23,   43.89,   52.38,   57.07,   47.30
27/08/2013 05:20:00,   49.37,   55.42,   42.89,   52.20,   57.37,   46.45
27/08/2013 05:25:00,   44.31,   45.59,   42.52,   48.04,   49.32,   46.40
27/08/2013 05:30:00,   47.13,   53.00,   42.07,   49.70,   53.90,   46.21
27/08/2013 05:35:00,   49.15,   54.65,   43.24,   51.94,   57.15,   46.41
27/08/2013 05:40:00,   50.70,   55.41,   43.10,   53.19,   56.93,   47.33
27/08/2013 05:45:00,   50.90,   55.68,   44.50,   53.56,   58.25,   48.50
27/08/2013 05:50:00,   51.50,   56.30,   44.78,   53.80,   58.13,   48.68
27/08/2013 05:55:00,   51.82,   57.41,   44.07,   54.84,   59.17,   47.90
27/08/2013 06:00:00,   51.35,   56.55,   43.09,   53.60,   58.21,   46.79
27/08/2013 06:05:00,   48.45,   52.77,   43.60,   51.35,   55.23,   47.18
27/08/2013 06:10:00,   50.69,   56.85,   42.38,   53.09,   58.67,   46.44
27/08/2013 06:15:00,   50.54,   56.65,   42.46,   52.62,   57.64,   46.72
27/08/2013 06:20:00,   51.16,   56.01,   43.81,   54.40,   58.55,   47.95
27/08/2013 06:25:00,   51.82,   56.82,   44.87,   55.60,   60.55,   48.62
27/08/2013 06:30:00,   53.37,   57.36,   47.13,   57.70,   61.18,   51.00
27/08/2013 06:35:00,   52.63,   56.95,   46.92,   55.94,   60.06,   50.77
27/08/2013 06:40:00,   54.28,   58.52,   48.16,   57.43,   60.73,   51.97
27/08/2013 06:45:00,   54.60,   58.27,   48.51,   57.47,   60.41,   51.91
27/08/2013 06:50:00,   54.39,   58.37,   47.12,   58.48,   62.31,   51.03
27/08/2013 06:55:00,   56.18,   60.55,   49.28,   59.30,   63.93,   52.23
27/08/2013 07:00:00,   56.55,   60.46,   51.15,   60.16,   63.67,   53.09
27/08/2013 07:05:00,   54.85,   58.42,   49.13,   57.47,   60.95,   52.28
27/08/2013 07:10:00,   56.40,   59.92,   49.65,   58.68,   61.99,   52.43
27/08/2013 07:15:00,   56.17,   59.82,   50.71,   59.44,   62.80,   54.22
27/08/2013 07:20:00,   57.10,   60.51,   51.99,   60.75,   63.99,   55.98
27/08/2013 07:25:00,   56.96,   60.46,   51.10,   60.79,   64.67,   54.24
27/08/2013 07:30:00,   56.97,   59.99,   52.15,   61.05,   64.14,   56.88
27/08/2013 07:35:00,   56.52,   60.32,   51.09,   60.92,   64.42,   57.09
27/08/2013 07:40:00,   57.18,   60.28,   52.47,   61.11,   63.63,   57.57
27/08/2013 07:45:00,   56.86,   60.29,   50.62,   60.84,   63.43,   56.07
27/08/2013 07:50:00,   57.28,   60.69,   52.92,   61.11,   63.65,   57.93
27/08/2013 07:55:00,   57.62,   60.95,   53.07,   61.30,   63.70,   57.81
27/08/2013 08:00:00,   56.81,   60.62,   50.50,   61.37,   64.89,   56.69
27/08/2013 08:05:00,   56.60,   59.94,   51.80,   61.84,   64.49,   57.78
27/08/2013 08:10:00,   56.57,   59.78,   50.70,   60.71,   63.19,   56.72
27/08/2013 08:15:00,   56.89,   60.50,   50.36,   60.99,   64.28,   56.58
27/08/2013 08:20:00,   57.04,   60.67,   52.00,   61.94,   64.88,   57.34
27/08/2013 08:25:00,   56.28,   59.00,   51.30,   61.08,   63.50,   55.59
27/08/2013 08:30:00,   57.04,   60.72,   52.00,   60.54,   63.57,   56.02
27/08/2013 08:35:00,   56.74,   60.04,   51.54,   60.70,   63.63,   55.35
27/08/2013 08:40:00,   57.30,   60.38,   52.80,   62.24,   65.70,   57.07
27/08/2013 08:45:00,   57.35,   60.28,   52.94,   61.97,   64.02,   57.96
27/08/2013 08:50:00,   56.85,   60.18,   51.68,   61.18,   63.92,   57.35
27/08/2013 08:55:00,   57.24,   60.71,   52.23,   60.71,   63.57,   57.84
27/08/2013 09:00:00,   56.51,   59.96,   49.80,   60.48,   63.86,   55.47
27/08/2013 09:05:00,   55.56,   59.02,   49.98,   59.90,   63.44,   54.74
27/08/2013 09:10:00,   57.30,   60.10,   52.26,   61.39,   64.02,   56.77
27/08/2013 09:15:00,   56.62,   59.88,   52.73,   59.96,   62.73,   56.33
27/08/2013 09:20:00,   57.19,   60.21,   52.93,   60.45,   63.07,   57.22
27/08/2013 09:25:00,   57.29,   60.18,   53.35,   61.91,   64.02,   58.38
27/08/2013 09:30:00,   58.56,   61.78,   54.08,   62.56,   64.91,   59.43
27/08/2013 09:35:00,   58.15,   61.02,   53.04,   62.61,   64.69,   58.04
27/08/2013 09:40:00,   59.44,   63.66,   53.98,   63.97,   66.55,   59.96
27/08/2013 09:45:00,   58.55,   63.79,   52.60,   63.97,   68.89,   57.53
27/08/2013 09:50:00,   57.26,   60.04,   52.40,   62.21,   64.70,   58.39
27/08/2013 09:55:00,   55.26,   58.49,   50.62,   60.61,   63.68,   54.69
27/08/2013 10:00:00,   56.46,   60.27,   51.26,   61.37,   64.82,   56.08
27/08/2013 10:05:00,   56.99,   60.84,   50.47,   61.82,   65.88,   56.22
27/08/2013 10:10:00,   56.00,   59.48,   50.53,   60.62,   63.70,   55.69
27/08/2013 10:15:00,   55.26,   59.37,   48.23,   58.85,   61.96,   52.63
27/08/2013 10:20:00,   59.68,   63.26,   53.71,   64.01,   67.97,   59.19
27/08/2013 10:25:00,   57.15,   59.82,   49.44,   60.70,   63.49,   54.06
27/08/2013 10:30:00,   55.84,   59.33,   48.64,   60.19,   63.93,   53.76
27/08/2013 10:35:00,   55.27,   58.81,   49.48,   59.82,   63.40,   54.31
27/08/2013 10:40:00,   55.83,   59.32,   49.50,   59.98,   62.75,   54.62
27/08/2013 10:45:00,   55.16,   58.27,   49.14,   59.49,   62.52,   53.70
27/08/2013 10:50:00,   55.70,   59.37,   48.22,   59.20,   62.16,   52.76
27/08/2013 10:55:00,   55.86,   58.54,   49.92,   60.04,   63.25,   54.81
27/08/2013 11:00:00,   54.38,   58.24,   48.78,   59.11,   62.88,   54.09
27/08/2013 11:05:00,   57.68,   63.16,   50.97,   61.01,   64.61,   56.30
27/08/2013 11:10:00,   56.35,   59.73,   49.50,   60.85,   65.89,   54.37
27/08/2013 11:15:00,   55.16,   58.99,   49.18,   59.12,   62.25,   54.13
27/08/2013 11:20:00,   57.32,   61.99,   50.08,   60.51,   63.84,   53.72
27/08/2013 11:25:00,   56.00,   58.93,   50.53,   60.52,   63.60,   54.59
27/08/2013 11:30:00,   55.27,   58.22,   50.16,   59.48,   62.04,   54.75
27/08/2013 11:35:00,   54.93,   58.24,   49.80,   59.08,   61.97,   54.71
27/08/2013 11:40:00,   57.51,   62.19,   50.27,   63.37,   67.63,   56.01
27/08/2013 11:45:00,   54.44,   57.80,   48.50,   60.20,   63.41,   55.36
27/08/2013 11:50:00,   56.73,   60.93,   50.80,   62.94,   67.50,   57.10
27/08/2013 11:55:00,   56.30,   59.03,   50.21,   61.19,   63.75,   56.71
27/08/2013 12:00:00,   56.85,   59.90,   52.34,   61.76,   65.09,   57.99
27/08/2013 12:05:00,   57.88,   61.40,   52.14,   61.12,   63.63,   56.93
27/08/2013 12:10:00,   59.09,   63.07,   52.06,   62.98,   66.13,   58.02
27/08/2013 12:15:00,   58.05,   62.02,   51.91,   62.03,   65.35,   56.71
27/08/2013 12:20:00,   55.85,   58.89,   50.38,   59.97,   62.67,   55.84
27/08/2013 12:25:00,   56.62,   59.95,   51.18,   61.52,   65.36,   55.26
27/08/2013 12:30:00,   54.51,   58.20,   49.29,   59.30,   62.42,   53.87
27/08/2013 12:35:00,   55.27,   58.30,   50.34,   59.38,   62.07,   55.25
27/08/2013 12:40:00,   55.87,   58.86,   51.25,   60.88,   64.25,   55.65
27/08/2013 12:45:00,   55.29,   58.48,   50.43,   58.86,   61.73,   54.86
27/08/2013 12:50:00,   54.75,   57.94,   49.28,   60.01,   63.27,   53.94
27/08/2013 12:55:00,   55.60,   58.24,   51.47,   59.46,   61.41,   55.34
27/08/2013 13:00:00,   56.14,   58.88,   51.76,   61.79,   65.97,   56.98
27/08/2013 13:05:00,   55.94,   58.30,   51.41,   59.99,   62.23,   55.71
27/08/2013 13:10:00,   55.32,   58.30,   50.34,   60.10,   63.14,   55.47
27/08/2013 13:15:00,   55.39,   58.20,   50.45,   59.42,   62.32,   54.85
27/08/2013 13:20:00,   55.91,   58.88,   51.10,   60.46,   63.22,   55.87
27/08/2013 13:25:00,   55.67,   58.04,   49.75,   60.37,   62.55,   55.60
27/08/2013 13:30:00,   56.22,   59.68,   49.53,   60.34,   63.23,   54.44
27/08/2013 13:35:00,   57.17,   59.86,   52.38,   62.38,   65.76,   58.04
27/08/2013 13:40:00,   58.60,   62.56,   53.83,   63.25,   66.46,   59.67
27/08/2013 13:45:00,   56.24,   58.63,   50.82,   60.14,   62.34,   56.10
27/08/2013 13:50:00,   56.53,   58.62,   52.64,   61.23,   63.45,   57.78
27/08/2013 13:55:00,   57.85,   59.94,   53.58,   61.65,   64.76,   57.31
27/08/2013 14:00:00,   58.28,   59.98,   53.71,   62.39,   64.81,   57.72
27/08/2013 14:05:00,   57.02,   60.45,   52.95,   61.03,   64.27,   57.22
27/08/2013 14:10:00,   56.54,   59.55,   52.59,   61.45,   64.03,   57.19
27/08/2013 14:15:00,   56.70,   59.39,   50.83,   60.30,   62.68,   55.76
27/08/2013 14:20:00,   55.84,   59.29,   49.65,   59.53,   62.72,   54.95
27/08/2013 14:25:00,   56.30,   59.19,   51.19,   60.40,   63.02,   55.70
27/08/2013 14:30:00,   56.74,   59.89,   51.07,   61.33,   63.97,   55.70
27/08/2013 14:35:00,   56.79,   58.92,   51.81,   61.98,   64.30,   58.10
27/08/2013 14:40:00,   56.35,   59.27,   49.07,   60.28,   63.14,   53.07
27/08/2013 14:45:00,   56.14,   59.25,   48.92,   59.93,   62.11,   54.16
27/08/2013 14:50:00,   56.64,   60.13,   49.91,   60.38,   64.12,   55.21
27/08/2013 14:55:00,   57.24,   60.71,   50.43,   61.29,   65.81,   55.38
27/08/2013 15:00:00,   55.95,   59.33,   50.97,   61.00,   64.15,   56.53
27/08/2013 15:05:00,   55.86,   58.61,   49.83,   60.51,   63.62,   55.61
27/08/2013 15:10:00,   56.28,   58.78,   52.94,   60.38,   62.86,   56.42
27/08/2013 15:15:00,   56.66,   58.66,   51.00,   60.55,   63.12,   55.20
27/08/2013 15:20:00,   55.81,   58.47,   49.90,   59.41,   61.95,   54.13
27/08/2013 15:25:00,   54.49,   57.49,   48.33,   59.10,   62.29,   53.16
27/08/2013 15:30:00,   56.02,   59.06,   48.80,   60.23,   63.21,   52.47
27/08/2013 15:35:00,   56.30,   59.81,   48.41,   60.16,   62.76,   52.91
27/08/2013 15:40:00,   55.26,   58.18,   49.60,   59.83,   62.97,   54.47
27/08/2013 15:45:00,   54.74,   57.86,   47.98,   58.80,   61.12,   53.45
27/08/2013 15:50:00,   59.74,   59.03,   50.42,   62.52,   63.66,   55.01
27/08/2013 15:55:00,   56.70,   59.42,   50.72,   59.89,   62.63,   54.29
27/08/2013 16:00:00,   54.14,   57.17,   48.62,   58.49,   61.43,   53.34
27/08/2013 16:05:00,   55.72,   58.70,   48.98,   58.97,   61.94,   53.57
27/08/2013 16:10:00,   56.18,   59.50,   50.60,   60.75,   63.98,   55.23
27/08/2013 16:15:00,   55.53,   58.72,   48.48,   59.86,   62.82,   53.99
27/08/2013 16:20:00,   55.04,   58.21,   48.35,   59.56,   62.44,   53.82
27/08/2013 16:25:00,   55.80,   59.00,   49.22,   59.59,   62.75,   53.42
27/08/2013 16:30:00,   57.57,   60.39,   50.94,   61.30,   64.21,   55.95
27/08/2013 16:35:00,   57.84,   60.63,   51.15,   60.87,   63.42,   55.42
27/08/2013 16:40:00,   58.86,   61.80,   52.80,   61.18,   63.90,   55.08
27/08/2013 16:45:00,   60.18,   62.77,   54.07,   61.49,   63.78,   56.42
27/08/2013 16:50:00,   57.56,   61.86,   48.72,   60.09,   63.66,   54.08
27/08/2013 16:55:00,   57.38,   60.77,   50.99,   60.80,   63.30,   56.47
27/08/2013 17:00:00,   56.02,   60.22,   48.79,   60.06,   63.12,   55.32
27/08/2013 17:05:00,   57.58,   60.50,   51.50,   61.06,   63.70,   56.92
27/08/2013 17:10:00,   57.94,   61.23,   49.69,   62.91,   67.28,   55.55
27/08/2013 17:15:00,   56.33,   59.65,   49.44,   59.92,   62.60,   54.44
27/08/2013 17:20:00,   55.19,   58.89,   48.94,   60.94,   64.64,   54.90
27/08/2013 17:25:00,   58.92,   61.43,   50.37,   63.16,   65.58,   57.01
27/08/2013 17:30:00,   55.06,   58.47,   48.33,   59.95,   62.98,   54.97
27/08/2013 17:35:00,   55.77,   59.29,   49.93,   60.53,   63.51,   55.68
27/08/2013 17:40:00,   56.54,   59.61,   50.06,   61.09,   63.57,   56.39
27/08/2013 17:45:00,   55.53,   59.30,   47.81,   59.53,   62.34,   53.49
27/08/2013 17:50:00,   56.16,   59.22,   47.48,   60.65,   63.63,   54.61
27/08/2013 17:55:00,   55.84,   59.07,   49.81,   59.81,   62.55,   55.09
27/08/2013 18:00:00,   56.00,   59.36,   49.87,   58.71,   61.88,   53.93
27/08/2013 18:05:00,   57.78,   60.46,   47.45,   61.00,   63.36,   53.37
27/08/2013 18:10:00,   55.91,   59.29,   48.34,   59.47,   62.24,   53.05
27/08/2013 18:15:00,   56.13,   59.48,   47.67,   59.65,   62.56,   53.34
27/08/2013 18:20:00,   55.69,   59.16,   49.08,   59.35,   62.32,   54.17
27/08/2013 18:25:00,   55.60,   58.99,   47.78,   60.09,   63.59,   54.35
27/08/2013 18:30:00,   55.97,   58.91,   48.17,   59.14,   61.98,   52.13
27/08/2013 18:35:00,   56.20,   59.56,   49.08,   59.86,   62.55,   53.36
27/08/2013 18:40:00,   56.14,   59.70,   49.01,   60.68,   64.22,   54.64
27/08/2013 18:45:00,   56.11,   59.88,   49.08,   59.52,   62.74,   54.19
27/08/2013 18:50:00,   55.50,   58.84,   49.23,   59.16,   61.84,   53.98
27/08/2013 18:55:00,   55.07,   58.67,   47.05,   58.59,   61.78,   52.94
27/08/2013 19:00:00,   55.52,   59.49,   50.26,   58.99,   62.10,   54.93
27/08/2013 19:05:00,   55.10,   59.23,   47.89,   59.62,   63.15,   52.19
27/08/2013 19:10:00,   56.13,   59.29,   49.32,   60.27,   63.71,   53.55
27/08/2013 19:15:00,   55.34,   58.70,   48.54,   59.42,   62.29,   53.77
27/08/2013 19:20:00,   56.86,   60.33,   49.92,   60.06,   63.19,   53.54
27/08/2013 19:25:00,   56.30,   59.93,   49.69,   59.22,   62.35,   53.21
27/08/2013 19:30:00,   55.33,   57.92,   51.21,   58.31,   60.76,   54.42
27/08/2013 19:35:00,   56.45,   60.11,   49.68,   60.25,   62.39,   54.59
27/08/2013 19:40:00,   55.07,   59.06,   48.82,   59.00,   62.68,   53.21
27/08/2013 19:45:00,   56.18,   60.09,   49.20,   59.80,   63.34,   52.68
27/08/2013 19:50:00,   55.65,   58.89,   50.16,   57.87,   60.56,   52.92
27/08/2013 19:55:00,   56.33,   59.70,   49.70,   59.25,   62.40,   54.03
27/08/2013 20:00:00,   55.47,   59.13,   49.12,   58.43,   61.71,   52.72
27/08/2013 20:05:00,   55.45,   59.30,   48.70,   58.11,   61.67,   52.07
27/08/2013 20:10:00,   54.69,   58.36,   50.17,   57.93,   61.04,   53.30
27/08/2013 20:15:00,   56.70,   59.92,   50.07,   60.37,   63.40,   54.54
27/08/2013 20:20:00,   55.27,   59.07,   48.47,   58.30,   62.07,   52.83
27/08/2013 20:25:00,   55.77,   59.30,   49.06,   59.87,   64.00,   53.56
27/08/2013 20:30:00,   56.41,   59.65,   50.80,   59.04,   61.90,   54.37
27/08/2013 20:35:00,   55.27,   59.33,   48.38,   58.39,   61.92,   52.68
27/08/2013 20:40:00,   55.64,   59.63,   48.94,   58.88,   62.00,   52.68
27/08/2013 20:45:00,   55.48,   59.40,   50.01,   58.34,   61.98,   52.68
27/08/2013 20:50:00,   54.90,   58.56,   48.70,   57.39,   60.53,   52.11
27/08/2013 20:55:00,   54.96,   59.18,   47.89,   57.85,   61.50,   52.24
27/08/2013 21:00:00,   54.54,   58.50,   47.03,   57.48,   60.58,   51.00
27/08/2013 21:05:00,   53.23,   57.18,   45.07,   56.57,   60.53,   48.15
27/08/2013 21:10:00,   54.38,   58.95,   46.48,   57.46,   61.73,   50.16
27/08/2013 21:15:00,   54.90,   58.02,   49.14,   57.74,   60.48,   52.53
27/08/2013 21:20:00,   54.50,   58.88,   44.83,   57.59,   61.32,   50.07
27/08/2013 21:25:00,   53.40,   57.22,   44.30,   56.92,   60.75,   48.84
27/08/2013 21:30:00,   54.64,   59.02,   45.33,   56.79,   60.62,   49.16
27/08/2013 21:35:00,   53.86,   58.31,   44.47,   56.75,   60.54,   48.60
27/08/2013 21:40:00,   52.47,   57.01,   44.25,   55.31,   59.32,   47.85
27/08/2013 21:45:00,   53.47,   57.89,   44.15,   57.19,   61.38,   47.99
27/08/2013 21:50:00,   53.83,   58.39,   44.01,   57.21,   61.52,   48.47
27/08/2013 21:55:00,   52.70,   57.87,   44.43,   55.98,   60.54,   48.89
27/08/2013 22:00:00,   52.89,   57.46,   46.21,   55.83,   60.03,   49.48
27/08/2013 22:05:00,   54.75,   59.19,   44.49,   57.06,   61.37,   48.97
27/08/2013 22:10:00,   53.23,   57.43,   45.67,   56.09,   60.10,   49.40
27/08/2013 22:15:00,   53.16,   58.00,   44.49,   56.44,   60.80,   48.69
27/08/2013 22:20:00,   49.89,   55.44,   39.14,   52.27,   57.69,   43.14
27/08/2013 22:25:00,   51.98,   56.98,   42.20,   54.86,   59.49,   45.17
27/08/2013 22:30:00,   53.68,   59.08,   43.61,   56.05,   60.66,   46.90
27/08/2013 22:35:00,   54.19,   58.31,   43.55,   57.17,   61.10,   47.82
27/08/2013 22:40:00,   52.57,   57.99,   40.94,   54.35,   59.00,   44.06
27/08/2013 22:45:00,   53.14,   58.52,   43.05,   55.47,   59.92,   46.07
27/08/2013 22:50:00,   51.45,   56.76,   39.13,   54.23,   59.23,   44.99
27/08/2013 22:55:00,   53.97,   58.30,   45.74,   56.42,   60.20,   49.01
27/08/2013 23:00:00,   52.32,   57.43,   38.81,   55.79,   60.42,   43.14
27/08/2013 23:05:00,   51.80,   57.88,   37.90,   54.16,   59.58,   42.97
27/08/2013 23:10:00,   51.53,   57.71,   37.34,   54.05,   59.70,   41.09
27/08/2013 23:15:00,   50.87,   56.35,   40.38,   54.48,   59.66,   44.43
27/08/2013 23:20:00,   50.00,   56.14,   37.67,   52.48,   58.31,   41.04
27/08/2013 23:25:00,   50.21,   56.04,   40.37,   53.61,   58.70,   43.80
27/08/2013 23:30:00,   49.03,   55.85,   38.97,   52.19,   57.67,   43.39
27/08/2013 23:35:00,   51.01,   57.04,   38.40,   54.19,   59.85,   42.05
27/08/2013 23:40:00,   47.57,   53.79,   36.83,   49.98,   55.98,   41.00
27/08/2013 23:45:00,   49.56,   55.69,   38.41,   52.30,   57.88,   42.00
27/08/2013 23:50:00,   50.00,   56.32,   39.58,   52.48,   57.92,   42.45
27/08/2013 23:56:00,   51.73,   57.91,   39.98,   55.43,   60.40,   44.01

