# noise_analysis run from DCC-NOISE-001003 at Thu May 16 00:00:00 2013
# Monitoring unit located at 53.342609N 6.340721W
# logfile   = /home/root/noise_analysis.log
# cfg_dir   = /home/root/config
# outputdir = /home/root/noise
# Sensitivity = -26.271103
# Gain = 1.000000
# Time should be in local format (i.e. daylight savings time)
# dd/mm/yyyy hh:mm:ss, A Leq,   A L10,   A L95,   C Leq,   C L10,   C L95
16/05/2013 00:05:00,   53.02,   57.20,   46.12,   55.69,   59.76,   50.19
16/05/2013 00:10:00,   51.49,   55.95,   46.45,   54.09,   58.05,   50.29
16/05/2013 00:15:00,   52.00,   56.44,   47.31,   54.20,   57.76,   50.41
16/05/2013 00:20:00,   50.58,   54.67,   46.46,   52.94,   57.13,   49.64
16/05/2013 00:25:00,   52.37,   57.64,   46.05,   54.76,   58.78,   49.81
16/05/2013 00:30:00,   51.70,   56.17,   45.28,   54.26,   57.85,   49.17
16/05/2013 00:35:00,   52.40,   57.15,   46.16,   54.64,   58.28,   50.32
16/05/2013 00:40:00,   51.47,   57.09,   44.27,   54.09,   59.05,   49.12
16/05/2013 00:45:00,   51.78,   58.22,   46.05,   55.03,   60.05,   50.21
16/05/2013 00:50:00,   52.58,   58.07,   46.38,   55.25,   60.03,   50.31
16/05/2013 00:55:00,   52.58,   57.39,   45.92,   54.85,   58.80,   49.48
16/05/2013 01:00:00,   50.51,   53.85,   46.38,   53.56,   55.95,   50.53
16/05/2013 01:05:00,   50.39,   53.78,   45.03,   53.35,   56.76,   49.03
16/05/2013 01:10:00,   52.64,   57.42,   45.19,   54.72,   58.69,   48.44
16/05/2013 01:15:00,   48.95,   54.50,   43.82,   51.74,   55.84,   48.50
16/05/2013 01:20:00,   50.60,   55.32,   44.97,   53.22,   56.87,   49.41
16/05/2013 01:25:00,   50.33,   54.87,   45.69,   53.22,   56.83,   49.73
16/05/2013 01:30:00,   50.38,   56.22,   44.52,   53.39,   57.62,   49.03
16/05/2013 01:35:00,   51.35,   56.39,   44.86,   54.01,   58.08,   49.37
16/05/2013 01:40:00,   47.90,   51.44,   43.81,   51.55,   54.39,   48.60
16/05/2013 01:45:00,   51.36,   57.58,   43.29,   53.44,   58.48,   47.55
16/05/2013 01:50:00,   47.46,   51.83,   42.42,   51.09,   54.18,   47.41
16/05/2013 01:55:00,   48.16,   52.83,   42.92,   51.48,   54.47,   47.34
16/05/2013 02:00:00,   48.95,   54.21,   43.87,   52.20,   56.35,   48.37
16/05/2013 02:05:00,   48.12,   52.61,   43.54,   51.53,   55.00,   48.07
16/05/2013 02:10:00,   49.07,   54.82,   42.85,   52.07,   56.77,   47.36
16/05/2013 02:15:00,   46.68,   50.22,   41.55,   50.71,   53.92,   46.22
16/05/2013 02:20:00,   47.43,   53.13,   41.76,   50.69,   54.69,   46.53
16/05/2013 02:25:00,   47.03,   51.93,   41.99,   50.68,   54.26,   47.07
16/05/2013 02:30:00,   44.82,   47.43,   40.59,   48.98,   51.46,   45.58
16/05/2013 02:35:00,   47.25,   53.55,   41.23,   50.71,   54.94,   45.76
16/05/2013 02:40:00,   44.72,   46.90,   40.12,   48.84,   50.81,   45.27
16/05/2013 02:45:00,   48.96,   56.43,   40.94,   51.70,   57.36,   45.88
16/05/2013 02:50:00,   46.77,   52.30,   40.56,   50.18,   54.61,   45.36
16/05/2013 02:55:00,   44.62,   45.88,   41.48,   48.60,   49.81,   46.15
16/05/2013 03:00:00,   46.35,   48.78,   42.20,   49.85,   51.45,   46.96
16/05/2013 03:05:00,   47.60,   52.30,   42.46,   51.32,   54.82,   47.34
16/05/2013 03:10:00,   45.91,   49.17,   41.80,   49.89,   52.43,   46.93
16/05/2013 03:15:00,   46.51,   51.56,   41.56,   49.97,   53.27,   46.25
16/05/2013 03:20:00,   46.08,   50.01,   41.68,   49.49,   52.34,   46.38
16/05/2013 03:25:00,   44.71,   47.44,   41.42,   48.85,   51.20,   46.09
16/05/2013 03:30:00,   47.94,   52.88,   42.00,   51.49,   56.02,   46.20
16/05/2013 03:35:00,   47.95,   53.68,   41.99,   50.62,   54.93,   46.16
16/05/2013 03:40:00,   47.63,   54.22,   40.84,   50.42,   55.73,   45.05
16/05/2013 03:45:00,   44.13,   46.83,   39.63,   47.35,   49.84,   44.05
16/05/2013 03:50:00,   46.27,   49.36,   41.31,   49.29,   51.66,   45.62
16/05/2013 03:55:00,   47.97,   54.32,   41.93,   50.77,   56.36,   46.01
16/05/2013 04:00:00,   49.55,   56.07,   42.48,   52.35,   58.27,   46.13
16/05/2013 04:05:00,   46.38,   48.97,   42.47,   49.55,   51.43,   46.53
16/05/2013 04:10:00,   49.43,   55.96,   41.80,   51.90,   57.33,   46.22
16/05/2013 04:15:00,   44.50,   46.29,   41.72,   47.84,   49.19,   45.67
16/05/2013 04:20:00,   48.91,   54.01,   43.78,   51.22,   55.75,   46.83
16/05/2013 04:25:00,   47.20,   49.73,   43.11,   49.24,   50.75,   46.69
16/05/2013 04:30:00,   49.53,   52.92,   44.69,   51.42,   54.79,   47.96
16/05/2013 04:35:00,   50.58,   54.08,   46.45,   53.21,   56.67,   49.25
16/05/2013 04:40:00,   49.94,   54.20,   45.54,   51.87,   55.40,   48.27
16/05/2013 04:45:00,   48.73,   53.55,   44.59,   51.48,   55.68,   47.84
16/05/2013 04:50:00,   48.99,   52.67,   44.63,   51.35,   54.03,   47.61
16/05/2013 04:55:00,   50.39,   55.74,   45.81,   52.64,   56.94,   48.80
16/05/2013 05:00:00,   48.78,   50.57,   45.81,   51.89,   53.78,   49.26
16/05/2013 05:05:00,   49.70,   54.38,   45.06,   52.18,   55.98,   48.34
16/05/2013 05:10:00,   51.05,   56.10,   45.26,   54.32,   58.13,   48.66
16/05/2013 05:15:00,   50.65,   54.58,   45.88,   52.75,   56.17,   49.39
16/05/2013 05:20:00,   53.43,   57.42,   46.10,   55.46,   58.89,   49.70
16/05/2013 05:25:00,   53.16,   57.75,   47.27,   54.81,   58.66,   50.26
16/05/2013 05:30:00,   51.75,   56.09,   46.59,   55.20,   60.55,   50.12
16/05/2013 05:35:00,   56.75,   61.04,   51.09,   59.83,   65.40,   53.25
16/05/2013 05:40:00,   52.55,   57.22,   46.67,   54.70,   58.39,   49.65
16/05/2013 05:45:00,   52.60,   57.87,   46.82,   54.64,   58.89,   49.87
16/05/2013 05:50:00,   51.11,   56.30,   45.66,   53.36,   57.52,   48.94
16/05/2013 05:55:00,   51.95,   57.35,   46.02,   55.05,   60.68,   49.42
16/05/2013 06:00:00,   52.64,   57.41,   46.23,   55.48,   60.17,   49.67
16/05/2013 06:05:00,   52.98,   57.92,   46.71,   55.21,   59.66,   49.84
16/05/2013 06:10:00,   53.57,   57.23,   47.28,   55.80,   59.66,   50.64
16/05/2013 06:15:00,   55.18,   60.10,   48.87,   57.63,   62.28,   52.37
16/05/2013 06:20:00,   54.29,   58.99,   48.83,   57.23,   61.54,   52.21
16/05/2013 06:25:00,   56.23,   60.94,   49.92,   59.55,   64.85,   52.78
16/05/2013 06:30:00,   55.23,   59.08,   49.92,   59.08,   63.01,   54.09
16/05/2013 06:35:00,   53.57,   57.77,   47.80,   56.90,   60.75,   50.93
16/05/2013 06:40:00,   57.29,   61.20,   50.24,   60.91,   64.79,   53.70
16/05/2013 06:45:00,   57.68,   61.74,   51.44,   60.02,   64.10,   54.67
16/05/2013 06:50:00,   55.89,   59.94,   49.97,   59.23,   62.88,   53.60
16/05/2013 06:55:00,   56.85,   61.06,   49.68,   61.13,   65.99,   53.04
16/05/2013 07:00:00,   57.64,   62.05,   50.43,   62.68,   67.90,   54.53
16/05/2013 07:05:00,   56.05,   59.36,   49.10,   59.34,   62.73,   52.56
16/05/2013 07:10:00,   56.13,   60.53,   49.76,   59.65,   63.71,   53.09
16/05/2013 07:15:00,   57.02,   60.99,   50.78,   60.43,   64.55,   53.72
16/05/2013 07:20:00,   56.76,   60.50,   48.43,   60.31,   63.85,   53.05
16/05/2013 07:25:00,   57.55,   60.28,   52.91,   60.52,   63.75,   55.26
16/05/2013 07:30:00,   59.56,   63.23,   53.59,   63.91,   68.35,   57.35
16/05/2013 07:35:00,   57.21,   60.66,   51.73,   61.15,   65.44,   56.12
16/05/2013 07:40:00,   56.50,   59.82,   51.14,   61.36,   64.99,   56.33
16/05/2013 07:45:00,   56.60,   60.70,   50.19,   60.05,   63.32,   54.41
16/05/2013 07:50:00,   58.83,   63.06,   50.89,   63.13,   68.09,   54.87
16/05/2013 07:55:00,   59.62,   62.13,   56.02,   63.57,   67.17,   58.22
16/05/2013 08:00:00,   57.41,   61.11,   51.64,   60.72,   64.06,   55.98
16/05/2013 08:05:00,   56.32,   60.78,   48.97,   60.30,   64.34,   53.52
16/05/2013 08:10:00,   56.91,   60.04,   51.71,   61.79,   65.38,   55.76
16/05/2013 08:15:00,   56.05,   59.47,   50.61,   60.30,   64.36,   55.81
16/05/2013 08:20:00,   57.01,   60.30,   50.47,   61.57,   65.05,   56.60
16/05/2013 08:25:00,   54.73,   58.63,   49.54,   60.35,   63.73,   56.07
16/05/2013 08:30:00,   55.64,   59.25,   48.44,   61.02,   63.93,   56.22
16/05/2013 08:35:00,   56.06,   59.38,   50.12,   61.15,   64.47,   56.52
16/05/2013 08:40:00,   55.24,   58.13,   50.13,   59.13,   61.51,   55.89
16/05/2013 08:45:00,   56.95,   60.75,   52.42,   61.56,   64.81,   58.18
16/05/2013 08:50:00,   56.07,   58.84,   53.12,   60.77,   63.42,   57.23
16/05/2013 08:55:00,   56.72,   58.98,   51.68,   61.50,   63.71,   58.28
16/05/2013 09:00:00,   56.30,   59.54,   51.21,   61.72,   64.07,   57.51
16/05/2013 09:05:00,   56.67,   59.54,   51.36,   61.47,   63.84,   57.52
16/05/2013 09:10:00,   56.22,   59.19,   50.66,   60.55,   63.61,   55.92
16/05/2013 09:15:00,   57.47,   60.54,   51.72,   61.60,   64.90,   56.40
16/05/2013 09:20:00,   56.74,   59.48,   52.62,   61.20,   63.26,   58.15
16/05/2013 09:25:00,   57.11,   60.27,   52.44,   62.81,   65.91,   58.21
16/05/2013 09:30:00,   59.47,   63.35,   52.92,   62.86,   65.91,   56.91
16/05/2013 09:35:00,   59.06,   62.09,   53.19,   62.19,   66.37,   56.43
16/05/2013 09:40:00,   58.30,   61.27,   52.99,   62.31,   64.28,   56.94
16/05/2013 09:45:00,   57.83,   60.60,   53.29,   61.12,   63.61,   57.31
16/05/2013 09:50:00,   59.44,   61.26,   50.07,   62.64,   64.14,   54.67
16/05/2013 09:55:00,   58.34,   61.87,   51.82,   62.38,   66.44,   56.83
16/05/2013 10:00:00,   58.42,   61.38,   53.53,   61.80,   64.48,   55.83
16/05/2013 10:05:00,   57.48,   60.10,   51.38,   60.28,   62.74,   55.26
16/05/2013 10:10:00,   57.15,   59.94,   51.98,   61.07,   63.74,   55.60
16/05/2013 10:15:00,   58.38,   61.33,   53.67,   63.03,   68.13,   56.88
16/05/2013 10:20:00,   57.22,   60.81,   52.21,   60.37,   63.09,   56.18
16/05/2013 10:25:00,   57.68,   60.61,   51.29,   60.60,   63.65,   54.91
16/05/2013 10:30:00,   56.63,   60.03,   51.66,   59.86,   62.29,   55.02
16/05/2013 10:35:00,   58.84,   61.64,   53.66,   61.94,   66.06,   56.13
16/05/2013 10:40:00,   57.64,   60.30,   53.78,   61.30,   63.76,   57.60
16/05/2013 10:45:00,   56.80,   59.59,   52.16,   60.26,   63.26,   55.99
16/05/2013 10:50:00,   58.06,   60.59,   53.74,   63.33,   66.56,   56.43
16/05/2013 10:55:00,   57.84,   60.21,   53.86,   62.35,   65.32,   58.36
16/05/2013 11:00:00,   57.48,   59.72,   54.15,   61.90,   63.55,   59.23
16/05/2013 11:05:00,   56.59,   59.33,   51.24,   60.97,   64.15,   55.91
16/05/2013 11:10:00,   56.96,   59.99,   50.81,   60.71,   64.07,   55.73
16/05/2013 11:15:00,   56.31,   58.53,   50.98,   60.19,   62.81,   54.98
16/05/2013 11:20:00,   58.66,   63.01,   52.03,   63.31,   67.94,   55.79
16/05/2013 11:25:00,   57.92,   60.27,   53.63,   61.80,   64.53,   56.65
16/05/2013 11:30:00,   57.65,   62.16,   49.55,   61.45,   66.85,   53.79
16/05/2013 11:35:00,   57.56,   60.23,   52.55,   61.96,   65.62,   57.35
16/05/2013 11:40:00,   56.46,   59.27,   51.33,   60.38,   62.38,   56.44
16/05/2013 11:45:00,   55.15,   58.78,   48.52,   59.71,   62.88,   54.91
16/05/2013 11:50:00,   56.76,   59.90,   51.16,   61.93,   65.07,   56.45
16/05/2013 11:55:00,   56.71,   60.08,   50.88,   60.83,   63.61,   56.60
16/05/2013 12:00:00,   57.27,   59.33,   53.29,   60.44,   62.84,   56.69
16/05/2013 12:05:00,   61.31,   65.07,   53.98,   63.48,   67.70,   56.55
16/05/2013 12:10:00,   58.81,   61.84,   52.87,   61.90,   65.22,   57.65
16/05/2013 12:15:00,   56.00,   58.53,   50.72,   60.98,   64.41,   55.75
16/05/2013 12:20:00,   58.12,   60.97,   51.65,   60.64,   63.18,   56.04
16/05/2013 12:25:00,   56.25,   59.18,   50.31,   60.24,   63.13,   55.27
16/05/2013 12:30:00,   56.10,   59.61,   50.72,   60.70,   64.71,   55.22
16/05/2013 12:35:00,   57.38,   60.11,   51.40,   61.48,   64.95,   56.77
16/05/2013 12:40:00,   56.36,   59.08,   50.60,   60.72,   63.71,   55.72
16/05/2013 12:45:00,   56.55,   60.46,   50.74,   60.71,   64.25,   55.53
16/05/2013 12:50:00,   57.26,   60.25,   51.15,   59.99,   62.38,   55.49
16/05/2013 12:55:00,   56.81,   60.20,   49.86,   60.72,   63.24,   55.74
16/05/2013 13:00:00,   56.85,   59.85,   51.08,   60.38,   63.25,   55.15
16/05/2013 13:05:00,   57.60,   60.98,   51.97,   60.54,   63.38,   56.17
16/05/2013 13:10:00,   56.73,   59.88,   51.25,   60.23,   63.11,   55.18
16/05/2013 13:15:00,   56.37,   59.23,   51.05,   61.23,   64.71,   55.84
16/05/2013 13:20:00,   55.95,   59.47,   50.68,   59.95,   62.76,   55.74
16/05/2013 13:25:00,   57.38,   59.72,   51.54,   61.37,   64.66,   56.42
16/05/2013 13:30:00,   56.87,   59.33,   51.62,   61.28,   63.80,   56.87
16/05/2013 13:35:00,   58.04,   60.89,   53.16,   61.75,   64.86,   57.20
16/05/2013 13:40:00,   58.55,   61.59,   54.11,   61.74,   64.45,   58.00
16/05/2013 13:45:00,   59.84,   63.12,   52.32,   62.36,   65.31,   55.95
16/05/2013 13:50:00,   58.85,   62.09,   50.63,   61.53,   63.86,   55.36
16/05/2013 13:55:00,   57.89,   60.87,   52.37,   61.13,   63.59,   57.38
16/05/2013 14:00:00,   58.77,   61.36,   53.44,   62.30,   65.49,   57.81
16/05/2013 14:05:00,   58.45,   61.22,   52.85,   61.62,   63.95,   57.58
16/05/2013 14:10:00,   58.92,   61.96,   51.95,   61.69,   64.56,   56.36
16/05/2013 14:15:00,   59.77,   62.56,   54.51,   62.59,   65.91,   57.74
16/05/2013 14:20:00,   61.78,   63.88,   57.29,   64.10,   67.31,   59.00
16/05/2013 14:25:00,   60.05,   63.09,   53.42,   62.78,   65.82,   58.75
16/05/2013 14:30:00,   60.57,   62.68,   54.56,   62.35,   64.76,   58.18
16/05/2013 14:35:00,   60.96,   63.65,   55.27,   63.05,   65.97,   58.37
16/05/2013 14:40:00,   58.46,   61.51,   51.32,   61.92,   64.99,   56.73
16/05/2013 14:45:00,   59.34,   62.28,   53.89,   62.46,   65.20,   58.47
16/05/2013 14:50:00,   58.45,   61.49,   52.31,   62.00,   64.18,   57.60
16/05/2013 14:55:00,   58.50,   61.53,   51.79,   61.36,   64.55,   55.96
16/05/2013 15:00:00,   58.48,   62.16,   52.47,   61.86,   65.24,   56.09
16/05/2013 15:05:00,   60.53,   62.56,   56.97,   62.45,   64.45,   59.08
16/05/2013 15:10:00,   58.61,   61.28,   53.41,   61.16,   63.62,   56.35
16/05/2013 15:15:00,   59.20,   61.53,   54.98,   62.55,   65.64,   58.49
16/05/2013 15:20:00,   61.94,   62.43,   52.46,   63.97,   65.17,   57.36
16/05/2013 15:25:00,   60.43,   63.02,   54.77,   62.57,   65.50,   58.69
16/05/2013 15:30:00,   58.21,   61.56,   51.64,   62.50,   65.96,   56.33
16/05/2013 15:35:00,   58.35,   61.21,   51.86,   62.04,   65.27,   54.65
16/05/2013 15:40:00,   59.25,   62.22,   52.78,   62.88,   65.91,   57.76
16/05/2013 15:45:00,   56.56,   59.38,   51.75,   60.09,   62.95,   56.14
16/05/2013 15:50:00,   59.13,   61.67,   53.45,   61.46,   64.24,   55.26
16/05/2013 15:55:00,   59.71,   62.49,   55.39,   62.76,   66.71,   57.30
16/05/2013 16:00:00,   57.54,   60.24,   53.47,   61.29,   64.92,   57.00
16/05/2013 16:05:00,   57.13,   60.57,   51.09,   60.96,   64.12,   55.97
16/05/2013 16:10:00,   56.72,   60.11,   50.22,   61.41,   65.39,   55.32
16/05/2013 16:15:00,   57.95,   60.61,   53.08,   61.94,   64.27,   56.88
16/05/2013 16:20:00,   58.36,   61.40,   52.93,   61.56,   64.89,   56.61
16/05/2013 16:25:00,   58.43,   61.70,   51.34,   61.67,   64.64,   55.22
16/05/2013 16:30:00,   59.27,   62.50,   53.20,   61.57,   64.43,   56.12
16/05/2013 16:35:00,   60.37,   62.39,   55.16,   62.14,   64.14,   56.59
16/05/2013 16:40:00,   59.77,   62.36,   52.92,   62.54,   65.74,   55.65
16/05/2013 16:45:00,   58.83,   61.10,   53.93,   61.48,   63.73,   57.08
16/05/2013 16:50:00,   58.76,   62.18,   53.55,   60.98,   64.01,   56.25
16/05/2013 16:55:00,   56.81,   60.24,   50.31,   59.99,   63.61,   55.14
16/05/2013 17:00:00,   58.84,   61.05,   53.79,   61.28,   64.30,   55.44
16/05/2013 17:05:00,   57.28,   60.35,   51.99,   60.10,   62.82,   55.14
16/05/2013 17:10:00,   58.49,   60.70,   51.19,   62.11,   64.77,   56.28
16/05/2013 17:15:00,   58.64,   60.75,   52.38,   61.63,   64.67,   55.97
16/05/2013 17:20:00,   58.13,   61.27,   51.39,   60.45,   63.36,   55.11
16/05/2013 17:25:00,   58.94,   60.96,   53.64,   61.46,   63.97,   56.96
16/05/2013 17:30:00,   57.41,   60.00,   52.35,   60.74,   63.24,   55.67
16/05/2013 17:35:00,   57.74,   60.76,   50.40,   61.19,   63.87,   56.45
16/05/2013 17:40:00,   58.16,   61.32,   52.51,   61.63,   64.53,   56.54
16/05/2013 17:45:00,   58.95,   61.19,   54.55,   60.80,   63.24,   56.81
16/05/2013 17:50:00,   58.36,   60.89,   53.86,   60.71,   63.42,   55.93
16/05/2013 17:55:00,   59.15,   61.75,   51.53,   61.40,   64.01,   53.59
16/05/2013 18:00:00,   58.68,   61.13,   53.59,   62.18,   64.52,   57.52
16/05/2013 18:05:00,   59.30,   61.04,   50.11,   62.41,   64.51,   55.26
16/05/2013 18:10:00,   59.16,   61.64,   54.23,   61.83,   65.30,   57.04
16/05/2013 18:15:00,   58.08,   60.83,   52.33,   61.35,   64.19,   54.58
16/05/2013 18:20:00,   57.40,   60.69,   50.60,   60.10,   63.25,   53.70
16/05/2013 18:25:00,   56.72,   60.07,   51.15,   59.53,   62.26,   54.74
16/05/2013 18:30:00,   56.97,   60.77,   49.26,   60.03,   62.84,   52.92
16/05/2013 18:35:00,   56.92,   60.36,   50.12,   60.07,   62.89,   53.66
16/05/2013 18:40:00,   56.94,   59.81,   50.30,   60.04,   62.60,   54.87
16/05/2013 18:45:00,   59.14,   61.79,   53.76,   61.20,   63.64,   56.50
16/05/2013 18:50:00,   58.38,   61.23,   53.15,   60.88,   63.71,   55.84
16/05/2013 18:55:00,   58.19,   61.24,   52.67,   60.53,   63.20,   55.54
16/05/2013 19:00:00,   58.23,   60.59,   52.63,   60.33,   63.08,   54.78
16/05/2013 19:05:00,   57.75,   60.75,   52.36,   60.31,   62.70,   54.86
16/05/2013 19:10:00,   58.14,   61.29,   51.35,   60.73,   63.77,   54.02
16/05/2013 19:15:00,   58.92,   61.38,   52.44,   61.41,   64.00,   54.15
16/05/2013 19:20:00,   60.40,   64.48,   52.51,   63.41,   67.24,   56.22
16/05/2013 19:25:00,   57.79,   61.26,   51.13,   60.45,   63.97,   53.25
16/05/2013 19:30:00,   57.40,   60.11,   51.14,   60.61,   63.18,   55.00
16/05/2013 19:35:00,   58.75,   61.52,   52.78,   60.76,   63.35,   55.25
16/05/2013 19:40:00,   57.41,   60.63,   50.66,   59.74,   62.80,   53.19
16/05/2013 19:45:00,   57.97,   61.41,   52.54,   60.14,   63.65,   54.54
16/05/2013 19:50:00,   58.17,   61.86,   52.32,   60.24,   63.44,   55.40
16/05/2013 19:55:00,   59.24,   61.98,   53.59,   60.72,   63.40,   55.78
16/05/2013 20:00:00,   57.71,   61.03,   49.64,   61.23,   64.78,   53.51
16/05/2013 20:05:00,   58.13,   60.71,   51.84,   60.41,   62.61,   56.31
16/05/2013 20:10:00,   56.91,   60.59,   49.47,   59.46,   62.63,   51.46
16/05/2013 20:15:00,   57.25,   60.88,   50.35,   59.74,   62.69,   53.06
16/05/2013 20:20:00,   56.50,   60.13,   49.47,   58.30,   61.55,   52.55
16/05/2013 20:25:00,   57.55,   61.08,   51.40,   59.69,   63.17,   54.83
16/05/2013 20:30:00,   57.26,   60.42,   50.91,   60.45,   63.49,   54.04
16/05/2013 20:35:00,   57.09,   60.60,   50.27,   59.45,   62.47,   53.57
16/05/2013 20:40:00,   57.14,   61.52,   50.01,   60.14,   63.16,   53.35
16/05/2013 20:45:00,   57.11,   60.73,   48.41,   59.31,   62.91,   51.68
16/05/2013 20:50:00,   56.72,   59.66,   52.00,   59.25,   61.92,   54.54
16/05/2013 20:55:00,   56.95,   60.78,   51.90,   59.12,   62.35,   54.65
16/05/2013 21:00:00,   57.09,   60.93,   50.24,   59.55,   62.89,   53.13
16/05/2013 21:05:00,   57.29,   60.74,   51.44,   59.64,   62.44,   54.88
16/05/2013 21:10:00,   57.34,   61.28,   49.01,   60.52,   63.37,   51.57
16/05/2013 21:15:00,   57.13,   61.14,   50.97,   59.55,   62.76,   54.05
16/05/2013 21:20:00,   56.14,   59.46,   47.70,   58.87,   62.08,   50.26
16/05/2013 21:25:00,   56.70,   60.43,   49.84,   58.73,   61.94,   52.86
16/05/2013 21:30:00,   56.24,   60.07,   48.39,   58.80,   62.13,   51.63
16/05/2013 21:35:00,   56.62,   60.28,   49.77,   59.42,   62.86,   52.79
16/05/2013 21:40:00,   56.75,   60.23,   48.26,   58.70,   61.86,   51.78
16/05/2013 21:45:00,   56.13,   60.49,   49.89,   58.65,   62.13,   52.77
16/05/2013 21:50:00,   56.06,   59.95,   48.81,   58.18,   61.48,   51.86
16/05/2013 21:55:00,   56.07,   59.23,   48.73,   58.56,   61.45,   51.74
16/05/2013 22:00:00,   56.50,   60.50,   49.35,   59.27,   62.47,   52.81
16/05/2013 22:05:00,   56.51,   60.24,   48.99,   59.45,   62.68,   52.35
16/05/2013 22:10:00,   55.44,   59.48,   47.47,   58.16,   62.35,   50.60
16/05/2013 22:15:00,   55.73,   59.86,   47.32,   57.90,   61.66,   50.43
16/05/2013 22:20:00,   54.01,   57.54,   48.59,   55.88,   58.92,   51.27
16/05/2013 22:25:00,   55.52,   59.27,   48.30,   57.68,   60.81,   51.47
16/05/2013 22:30:00,   55.39,   60.17,   46.05,   58.05,   61.78,   49.32
16/05/2013 22:35:00,   54.21,   58.53,   45.79,   56.54,   60.69,   49.18
16/05/2013 22:40:00,   54.68,   58.91,   47.29,   57.09,   61.40,   49.90
16/05/2013 22:45:00,   53.97,   58.74,   44.83,   57.20,   61.83,   48.30
16/05/2013 22:50:00,   53.19,   58.16,   45.56,   55.94,   60.79,   49.10
16/05/2013 22:55:00,   53.78,   57.72,   45.74,   56.16,   60.27,   48.14
16/05/2013 23:00:00,   53.78,   59.00,   44.17,   58.83,   63.70,   46.60
16/05/2013 23:05:00,   55.08,   60.58,   43.80,   56.56,   61.21,   46.75
16/05/2013 23:10:00,   54.44,   58.80,   46.35,   57.02,   61.12,   49.05
16/05/2013 23:15:00,   52.71,   57.83,   44.10,   55.22,   60.60,   46.88
16/05/2013 23:20:00,   52.16,   56.92,   41.90,   54.55,   59.17,   46.13
16/05/2013 23:25:00,   54.26,   59.28,   44.19,   55.83,   60.52,   47.45
16/05/2013 23:30:00,   54.70,   58.30,   46.40,   56.96,   60.44,   49.68
16/05/2013 23:35:00,   52.63,   57.09,   42.73,   55.94,   61.40,   45.84
16/05/2013 23:40:00,   53.56,   58.00,   41.84,   56.44,   60.15,   44.99
16/05/2013 23:45:00,   53.66,   59.77,   41.88,   56.22,   61.98,   45.01
16/05/2013 23:50:00,   54.37,   60.64,   43.70,   56.87,   61.71,   46.31
16/05/2013 23:55:00,   52.99,   58.29,   42.09,   55.03,   60.44,   44.93

