# noise_analysis run from DCC-NOISE-001003 at Mon Mar  4 00:00:00 2013
# Monitoring unit located at 53.342609N 6.340721W
# logfile   = /home/root/noise_analysis.log
# cfg_dir   = /home/root/config
# outputdir = /home/root/noise
# Sensitivity = -26.271103
# Gain = 1.000000
# Time should be in local format (i.e. daylight savings time)
# dd/mm/yyyy hh:mm:ss, A Leq,   A L10,   A L95,   C Leq,   C L10,   C L95
04/03/2013 00:05:00,   53.47,   58.96,   43.99,   55.13,   59.99,   47.84
04/03/2013 00:10:00,   52.23,   58.46,   41.97,   54.34,   59.73,   46.75
04/03/2013 00:15:00,   51.89,   58.27,   41.39,   53.85,   59.76,   46.15
04/03/2013 00:20:00,   52.16,   58.31,   42.33,   53.98,   59.74,   46.70
04/03/2013 00:25:00,   52.85,   58.63,   43.76,   54.77,   59.77,   47.82
04/03/2013 00:30:00,   51.91,   57.58,   42.21,   53.88,   58.52,   46.35
04/03/2013 00:35:00,   51.23,   57.26,   42.52,   53.19,   58.33,   46.77
04/03/2013 00:40:00,   53.47,   60.26,   42.33,   55.26,   61.06,   46.73
04/03/2013 00:45:00,   53.90,   58.83,   42.18,   55.59,   59.85,   46.83
04/03/2013 00:50:00,   54.67,   59.59,   45.54,   56.37,   60.88,   49.20
04/03/2013 00:55:00,   54.04,   59.63,   41.98,   56.25,   61.02,   46.73
04/03/2013 01:00:00,   54.31,   59.75,   44.70,   56.08,   60.86,   48.20
04/03/2013 01:05:00,   52.08,   58.96,   42.68,   54.28,   60.17,   47.57
04/03/2013 01:10:00,   50.62,   57.83,   41.47,   52.95,   59.13,   46.32
04/03/2013 01:15:00,   50.69,   57.09,   41.42,   52.98,   58.90,   46.22
04/03/2013 01:20:00,   52.00,   57.51,   41.88,   54.08,   59.11,   46.77
04/03/2013 01:25:00,   49.44,   57.26,   40.86,   51.78,   58.67,   45.67
04/03/2013 01:30:00,   51.88,   58.45,   41.58,   53.66,   59.38,   46.26
04/03/2013 01:35:00,   53.85,   59.28,   43.84,   56.04,   60.71,   48.05
04/03/2013 01:40:00,   51.37,   57.42,   40.75,   53.64,   59.19,   46.19
04/03/2013 01:45:00,   50.46,   57.10,   40.14,   53.36,   60.24,   45.55
04/03/2013 01:50:00,   48.93,   56.55,   40.37,   51.25,   57.25,   45.45
04/03/2013 01:55:00,   49.26,   56.59,   40.19,   52.31,   58.50,   45.47
04/03/2013 02:00:00,   49.91,   56.19,   40.48,   51.93,   57.55,   45.49
04/03/2013 02:05:00,   48.45,   55.38,   39.34,   51.00,   57.17,   44.95
04/03/2013 02:10:00,   48.61,   57.14,   39.44,   51.17,   57.64,   44.92
04/03/2013 02:15:00,   47.80,   56.55,   39.60,   50.34,   57.32,   44.98
04/03/2013 02:20:00,   44.28,   48.94,   39.34,   48.05,   51.76,   44.80
04/03/2013 02:25:00,   43.86,   48.90,   38.80,   48.38,   53.07,   44.41
04/03/2013 02:30:00,   47.99,   56.10,   39.06,   50.37,   56.85,   44.63
04/03/2013 02:35:00,   44.82,   51.67,   39.48,   48.38,   53.51,   44.83
04/03/2013 02:40:00,   47.52,   54.32,   39.76,   50.71,   55.86,   45.13
04/03/2013 02:45:00,   47.83,   54.38,   39.22,   50.97,   56.68,   44.78
04/03/2013 02:50:00,   47.47,   54.81,   40.63,   50.33,   56.16,   45.83
04/03/2013 02:55:00,   48.03,   54.86,   39.65,   50.96,   57.07,   45.07
04/03/2013 03:00:00,   46.08,   53.29,   39.46,   49.62,   55.94,   44.98
04/03/2013 03:05:00,   46.23,   52.04,   40.10,   49.63,   53.99,   45.90
04/03/2013 03:10:00,   47.48,   53.20,   39.86,   50.42,   54.52,   45.98
04/03/2013 03:15:00,   45.86,   51.43,   39.34,   49.38,   54.22,   45.19
04/03/2013 03:20:00,   47.36,   54.82,   39.66,   50.46,   56.49,   45.34
04/03/2013 03:25:00,   47.86,   55.90,   40.03,   50.90,   57.45,   45.57
04/03/2013 03:30:00,   46.86,   53.86,   39.76,   50.18,   55.53,   45.33
04/03/2013 03:35:00,   45.22,   52.40,   38.96,   49.76,   56.01,   44.68
04/03/2013 03:40:00,   47.13,   53.99,   39.62,   50.95,   56.70,   45.23
04/03/2013 03:45:00,   43.55,   47.83,   39.29,   49.15,   54.04,   45.12
04/03/2013 03:50:00,   42.55,   42.65,   39.14,   47.20,   48.67,   44.67
04/03/2013 03:55:00,   46.93,   53.91,   39.82,   49.77,   55.59,   45.23
04/03/2013 04:00:00,   44.63,   48.59,   39.50,   48.55,   51.77,   45.05
04/03/2013 04:05:00,   43.73,   48.24,   39.30,   47.99,   51.35,   44.79
04/03/2013 04:10:00,   44.87,   50.65,   39.01,   48.24,   52.89,   44.61
04/03/2013 04:15:00,   46.23,   53.61,   39.51,   49.78,   54.99,   45.07
04/03/2013 04:20:00,   43.03,   47.51,   39.11,   47.16,   50.37,   44.52
04/03/2013 04:25:00,   47.60,   54.96,   39.86,   50.44,   56.55,   45.27
04/03/2013 04:30:00,   42.16,   43.28,   39.13,   46.62,   47.16,   44.76
04/03/2013 04:35:00,   47.59,   54.74,   39.73,   50.15,   55.74,   45.21
04/03/2013 04:40:00,   45.93,   52.73,   39.80,   50.29,   55.99,   45.12
04/03/2013 04:45:00,   46.65,   53.38,   39.77,   49.88,   55.57,   45.07
04/03/2013 04:50:00,   47.61,   54.61,   39.93,   51.23,   56.92,   45.27
04/03/2013 04:55:00,   49.14,   55.59,   41.18,   52.41,   57.62,   46.04
04/03/2013 05:00:00,   46.51,   54.25,   39.95,   49.32,   55.25,   45.25
04/03/2013 05:05:00,   49.43,   56.77,   40.33,   51.69,   57.76,   45.48
04/03/2013 05:10:00,   43.98,   47.03,   40.13,   47.40,   48.69,   45.56
04/03/2013 05:15:00,   49.26,   54.50,   41.48,   51.68,   56.02,   46.20
04/03/2013 05:20:00,   49.37,   56.19,   41.10,   53.04,   59.15,   46.18
04/03/2013 05:25:00,   46.32,   53.75,   40.50,   49.71,   55.91,   45.73
04/03/2013 05:30:00,   47.67,   55.14,   40.73,   50.77,   57.26,   45.81
04/03/2013 05:35:00,   47.87,   53.35,   41.03,   50.93,   56.56,   46.09
04/03/2013 05:40:00,   51.26,   57.09,   42.16,   53.89,   59.33,   46.78
04/03/2013 05:45:00,   51.58,   57.16,   42.85,   53.64,   58.47,   47.44
04/03/2013 05:50:00,   50.58,   55.73,   43.42,   52.89,   57.51,   47.48
04/03/2013 05:55:00,   51.32,   57.92,   42.77,   53.63,   59.47,   46.88
04/03/2013 06:00:00,   51.89,   58.05,   42.38,   54.88,   61.26,   47.04
04/03/2013 06:05:00,   52.66,   57.78,   45.07,   55.77,   60.78,   48.71
04/03/2013 06:10:00,   54.46,   59.67,   44.35,   56.33,   61.30,   48.54
04/03/2013 06:15:00,   53.05,   58.07,   45.29,   55.57,   60.53,   49.14
04/03/2013 06:20:00,   50.15,   55.95,   43.56,   52.93,   58.01,   47.77
04/03/2013 06:25:00,   53.68,   58.74,   45.96,   57.06,   62.35,   49.65
04/03/2013 06:30:00,   50.55,   56.32,   44.17,   53.99,   59.19,   48.51
04/03/2013 06:35:00,   53.92,   58.43,   45.65,   56.62,   61.09,   49.14
04/03/2013 06:40:00,   53.42,   59.25,   46.24,   57.02,   62.00,   50.48
04/03/2013 06:45:00,   54.84,   59.94,   46.92,   58.84,   64.02,   50.46
04/03/2013 06:50:00,   55.13,   60.08,   47.93,   57.20,   61.46,   51.12
04/03/2013 06:55:00,   55.41,   59.88,   48.13,   57.80,   61.68,   52.25
04/03/2013 07:00:00,   56.27,   59.85,   49.62,   59.04,   62.74,   52.45
04/03/2013 07:05:00,   56.45,   60.29,   49.66,   58.64,   61.93,   53.08
04/03/2013 07:10:00,   55.74,   59.24,   49.58,   59.00,   62.72,   52.67
04/03/2013 07:15:00,   55.86,   60.57,   48.66,   58.38,   62.58,   52.11
04/03/2013 07:20:00,   56.92,   60.79,   50.03,   60.82,   66.01,   54.13
04/03/2013 07:25:00,   56.68,   60.82,   50.19,   60.21,   64.08,   52.99
04/03/2013 07:30:00,   56.87,   60.83,   50.70,   59.42,   63.37,   54.14
04/03/2013 07:35:00,   57.03,   61.27,   51.95,   60.64,   64.77,   55.91
04/03/2013 07:40:00,   57.59,   61.69,   52.26,   60.52,   63.91,   55.61
04/03/2013 07:45:00,   57.78,   61.39,   51.59,   61.32,   64.42,   56.09
04/03/2013 07:50:00,   57.29,   60.98,   50.83,   60.20,   63.69,   55.04
04/03/2013 07:55:00,   57.00,   60.84,   51.40,   60.03,   63.37,   55.08
04/03/2013 08:00:00,   58.56,   62.45,   51.54,   62.88,   66.98,   55.81
04/03/2013 08:05:00,   56.48,   60.77,   51.09,   60.75,   64.76,   55.51
04/03/2013 08:10:00,   56.32,   59.51,   50.30,   60.20,   62.86,   55.93
04/03/2013 08:15:00,   57.54,   60.73,   51.68,   62.01,   64.77,   57.01
04/03/2013 08:20:00,   57.58,   61.70,   51.39,   60.90,   64.25,   55.54
04/03/2013 08:25:00,   56.98,   60.18,   51.86,   61.79,   65.07,   56.76
04/03/2013 08:30:00,   59.22,   62.40,   53.44,   62.75,   65.40,   58.05
04/03/2013 08:35:00,   59.53,   62.35,   52.99,   63.44,   65.17,   57.46
04/03/2013 08:40:00,   56.04,   59.89,   51.98,   60.10,   62.97,   56.33
04/03/2013 08:45:00,   58.03,   61.74,   52.27,   62.75,   66.56,   58.48
04/03/2013 08:50:00,   57.17,   60.28,   53.07,   62.24,   65.20,   58.04
04/03/2013 08:55:00,   57.61,   60.38,   52.91,   62.17,   65.48,   57.72
04/03/2013 09:00:00,   58.63,   61.87,   53.92,   62.26,   64.85,   58.11
04/03/2013 09:05:00,   58.79,   62.65,   51.60,   62.36,   65.16,   57.24
04/03/2013 09:10:00,   58.76,   61.70,   53.19,   62.02,   64.63,   57.16
04/03/2013 09:15:00,   57.52,   60.89,   51.89,   62.70,   66.81,   56.63
04/03/2013 09:20:00,   58.41,   61.64,   51.64,   63.62,   67.12,   56.82
04/03/2013 09:25:00,   58.24,   61.40,   52.25,   61.62,   64.13,   56.78
04/03/2013 09:30:00,   57.39,   61.15,   51.39,   61.13,   64.50,   55.39
04/03/2013 09:35:00,   56.95,   60.73,   51.42,   60.92,   64.19,   56.10
04/03/2013 09:40:00,   57.28,   61.10,   51.56,   61.15,   64.56,   55.24
04/03/2013 09:45:00,   56.71,   59.94,   52.48,   62.12,   65.26,   57.10
04/03/2013 09:50:00,   60.95,   63.53,   53.14,   63.97,   65.66,   56.99
04/03/2013 09:55:00,   57.61,   60.91,   52.17,   61.50,   64.23,   57.15
04/03/2013 10:00:00,   57.37,   60.42,   51.95,   61.43,   64.67,   56.68
04/03/2013 10:05:00,   56.55,   59.89,   49.54,   60.06,   63.19,   53.83
04/03/2013 10:10:00,   57.51,   60.90,   49.97,   62.26,   65.80,   55.86
04/03/2013 10:15:00,   57.16,   61.47,   50.67,   61.27,   64.35,   54.41
04/03/2013 10:20:00,   56.92,   61.20,   51.17,   61.25,   65.05,   55.85
04/03/2013 10:25:00,   56.72,   60.68,   50.11,   60.54,   64.08,   55.06
04/03/2013 10:30:00,   57.21,   60.86,   51.17,   61.39,   64.35,   55.71
04/03/2013 10:35:00,   56.79,   59.94,   50.61,   60.48,   62.90,   55.62
04/03/2013 10:40:00,   57.48,   61.18,   50.08,   61.40,   64.56,   56.20
04/03/2013 10:45:00,   57.70,   60.59,   51.90,   61.41,   63.64,   55.85
04/03/2013 10:50:00,   58.79,   62.40,   51.43,   63.74,   68.77,   56.76
04/03/2013 10:55:00,   57.49,   60.62,   51.43,   61.88,   64.68,   56.70
04/03/2013 11:00:00,   57.35,   61.01,   50.95,   62.08,   66.10,   55.81
04/03/2013 11:05:00,   58.21,   61.63,   51.22,   61.20,   64.05,   56.11
04/03/2013 11:10:00,   57.43,   60.35,   53.07,   60.88,   63.63,   56.69
04/03/2013 11:15:00,   58.24,   62.07,   50.97,   62.84,   66.24,   56.63
04/03/2013 11:20:00,   58.94,   61.80,   54.11,   61.05,   63.65,   57.22
04/03/2013 11:25:00,   58.51,   62.21,   53.65,   61.97,   65.08,   57.70
04/03/2013 11:30:00,   56.80,   60.96,   52.40,   60.26,   63.21,   57.12
04/03/2013 11:35:00,   58.02,   61.10,   52.25,   60.76,   63.55,   55.95
04/03/2013 11:40:00,   57.99,   61.66,   51.48,   61.70,   65.27,   56.94
04/03/2013 11:45:00,   57.93,   60.90,   52.66,   63.23,   66.26,   58.66
04/03/2013 11:50:00,   58.28,   62.78,   50.41,   63.14,   68.90,   56.43
04/03/2013 11:55:00,   57.45,   60.75,   51.69,   62.03,   65.98,   56.75
04/03/2013 12:00:00,   61.91,   66.86,   52.09,   66.82,   72.11,   58.16
04/03/2013 12:05:00,   57.41,   60.78,   51.75,   63.51,   67.71,   59.11
04/03/2013 12:10:00,   56.67,   60.38,   49.68,   61.47,   65.06,   55.16
04/03/2013 12:15:00,   57.92,   61.64,   50.22,   61.49,   64.86,   56.77
04/03/2013 12:20:00,   56.34,   60.37,   51.03,   61.28,   64.91,   55.67
04/03/2013 12:25:00,   57.31,   60.62,   51.23,   60.86,   63.60,   56.33
04/03/2013 12:30:00,   56.10,   59.30,   49.92,   60.39,   63.46,   55.82
04/03/2013 12:35:00,   57.20,   60.75,   51.31,   61.15,   64.64,   55.70
04/03/2013 12:40:00,   57.00,   60.57,   50.61,   61.60,   64.24,   57.60
04/03/2013 12:45:00,   59.42,   61.82,   54.47,   62.37,   64.01,   58.03
04/03/2013 12:50:00,   59.73,   62.33,   54.42,   62.17,   65.42,   57.02
04/03/2013 12:55:00,   59.17,   61.65,   54.90,   61.69,   64.43,   57.02
04/03/2013 13:00:00,   58.20,   61.70,   51.40,   60.92,   64.00,   55.19
04/03/2013 13:05:00,   56.50,   59.87,   50.70,   59.88,   62.57,   54.85
04/03/2013 13:10:00,   58.58,   61.26,   51.90,   61.83,   64.08,   56.78
04/03/2013 13:15:00,   57.48,   60.66,   50.25,   61.28,   64.67,   55.81
04/03/2013 13:20:00,   58.27,   61.12,   52.64,   61.93,   64.89,   56.68
04/03/2013 13:25:00,   57.73,   60.57,   51.36,   60.80,   63.57,   54.51
04/03/2013 13:30:00,   58.49,   61.67,   51.68,   63.36,   66.95,   57.62
04/03/2013 13:35:00,   56.84,   59.93,   51.63,   60.81,   63.53,   55.90
04/03/2013 13:40:00,   57.72,   60.72,   52.32,   61.17,   63.76,   55.86
04/03/2013 13:45:00,   56.20,   59.13,   51.40,   60.91,   64.37,   56.34
04/03/2013 13:50:00,   56.78,   60.02,   49.85,   60.85,   64.02,   55.06
04/03/2013 13:55:00,   57.71,   60.76,   52.17,   60.74,   63.83,   55.63
04/03/2013 14:00:00,   57.16,   60.47,   50.53,   61.11,   64.28,   54.75
04/03/2013 14:05:00,   57.95,   60.75,   51.90,   62.05,   64.77,   56.78
04/03/2013 14:10:00,   57.13,   60.05,   52.49,   61.10,   63.88,   57.15
04/03/2013 14:15:00,   58.50,   60.54,   54.82,   60.97,   63.28,   57.45
04/03/2013 14:20:00,   58.14,   61.42,   52.75,   61.19,   64.03,   56.08
04/03/2013 14:25:00,   57.59,   60.42,   52.96,   61.36,   64.10,   57.37
04/03/2013 14:30:00,   58.85,   61.31,   54.40,   61.69,   63.83,   57.59
04/03/2013 14:35:00,   58.57,   61.50,   53.60,   61.56,   64.51,   56.65
04/03/2013 14:40:00,   58.63,   61.43,   54.84,   62.00,   64.39,   58.57
04/03/2013 14:45:00,   59.84,   62.72,   53.87,   62.26,   64.48,   57.98
04/03/2013 14:50:00,   61.68,   63.22,   58.52,   63.21,   65.26,   60.48
04/03/2013 14:55:00,   59.49,   61.67,   55.91,   61.32,   63.61,   57.72
04/03/2013 15:00:00,   58.21,   60.57,   53.93,   61.81,   65.05,   56.12
04/03/2013 15:05:00,   57.85,   60.66,   52.07,   61.31,   63.90,   56.08
04/03/2013 15:10:00,   57.26,   60.80,   51.39,   60.28,   63.55,   54.03
04/03/2013 15:15:00,   57.22,   61.08,   51.68,   61.42,   64.05,   56.79
04/03/2013 15:20:00,   59.26,   62.56,   52.41,   62.68,   65.28,   59.02
04/03/2013 15:25:00,   58.24,   60.78,   50.95,   61.52,   64.26,   55.31
04/03/2013 15:30:00,   59.02,   61.12,   54.47,   62.22,   64.40,   58.61
04/03/2013 15:35:00,   58.84,   61.49,   53.17,   61.38,   63.65,   57.99
04/03/2013 15:40:00,   59.01,   61.41,   54.43,   61.88,   64.30,   57.74
04/03/2013 15:45:00,   56.88,   60.50,   51.79,   61.06,   63.89,   57.36
04/03/2013 15:50:00,   57.96,   60.34,   53.65,   61.85,   64.68,   57.63
04/03/2013 15:55:00,   57.61,   60.43,   52.44,   60.00,   63.09,   55.32
04/03/2013 16:00:00,   60.18,   62.42,   55.67,   61.83,   63.99,   57.60
04/03/2013 16:05:00,   59.30,   61.67,   53.88,   63.21,   67.09,   56.50
04/03/2013 16:10:00,   59.87,   63.80,   52.60,   62.21,   65.01,   56.32
04/03/2013 16:15:00,   58.30,   61.19,   52.06,   62.09,   65.37,   55.51
04/03/2013 16:20:00,   58.91,   61.47,   52.85,   62.82,   64.90,   55.86
04/03/2013 16:25:00,   59.37,   62.33,   53.37,   63.17,   66.08,   59.30
04/03/2013 16:30:00,   58.40,   61.30,   52.52,   61.06,   63.89,   56.66
04/03/2013 16:35:00,   57.75,   60.47,   50.88,   60.37,   63.10,   54.26
04/03/2013 16:40:00,   59.43,   61.70,   55.50,   60.82,   63.26,   57.00
04/03/2013 16:45:00,   58.58,   60.99,   54.12,   62.12,   65.54,   57.85
04/03/2013 16:50:00,   57.12,   60.66,   51.26,   60.42,   63.73,   55.15
04/03/2013 16:55:00,   57.88,   60.99,   52.70,   62.06,   64.94,   56.51
04/03/2013 17:00:00,   57.59,   60.74,   50.65,   61.67,   65.13,   55.21
04/03/2013 17:05:00,   56.90,   59.91,   50.26,   61.19,   63.37,   54.75
04/03/2013 17:10:00,   58.10,   61.22,   48.71,   61.29,   63.72,   54.71
04/03/2013 17:15:00,   56.45,   60.44,   47.86,   60.50,   63.12,   53.34
04/03/2013 17:20:00,   56.86,   61.05,   49.05,   60.30,   63.08,   53.51
04/03/2013 17:25:00,   57.24,   61.14,   50.41,   60.74,   63.80,   54.70
04/03/2013 17:30:00,   57.00,   60.32,   49.73,   60.01,   63.35,   53.57
04/03/2013 17:35:00,   56.90,   59.89,   50.17,   60.87,   63.58,   54.10
04/03/2013 17:40:00,   58.62,   61.58,   51.95,   62.67,   66.14,   57.81
04/03/2013 17:45:00,   56.55,   60.49,   48.09,   60.28,   64.29,   53.90
04/03/2013 17:50:00,   56.93,   60.54,   50.18,   60.93,   63.85,   55.84
04/03/2013 17:55:00,   56.84,   59.86,   49.85,   60.77,   63.84,   54.73
04/03/2013 18:00:00,   57.44,   61.71,   47.17,   60.54,   63.97,   52.24
04/03/2013 18:05:00,   57.67,   60.72,   48.07,   60.70,   63.21,   52.42
04/03/2013 18:10:00,   56.98,   60.24,   48.94,   61.11,   63.90,   54.68
04/03/2013 18:15:00,   56.61,   60.82,   47.45,   60.69,   63.80,   54.97
04/03/2013 18:20:00,   55.56,   59.52,   48.41,   59.71,   62.92,   54.45
04/03/2013 18:25:00,   56.83,   60.28,   50.49,   60.14,   62.96,   55.40
04/03/2013 18:30:00,   57.64,   61.22,   50.93,   60.15,   63.14,   55.08
04/03/2013 18:35:00,   56.66,   60.90,   48.64,   59.68,   62.60,   53.16
04/03/2013 18:40:00,   57.54,   61.31,   45.88,   61.39,   65.16,   50.63
04/03/2013 18:45:00,   56.25,   59.89,   50.54,   59.23,   62.40,   54.22
04/03/2013 18:50:00,   55.46,   59.32,   49.34,   58.82,   62.20,   53.45
04/03/2013 18:55:00,   57.04,   60.25,   48.27,   61.02,   64.05,   53.73
04/03/2013 19:00:00,   55.30,   59.13,   49.12,   59.27,   62.01,   54.49
04/03/2013 19:05:00,   55.91,   60.25,   47.94,   59.11,   63.00,   52.23
04/03/2013 19:10:00,   55.70,   59.07,   47.97,   59.80,   62.81,   53.84
04/03/2013 19:15:00,   55.79,   59.06,   49.44,   59.66,   62.75,   52.91
04/03/2013 19:20:00,   57.65,   61.99,   50.09,   59.77,   63.61,   53.65
04/03/2013 19:25:00,   57.30,   61.49,   47.74,   60.87,   65.57,   52.40
04/03/2013 19:30:00,   55.41,   59.29,   49.27,   58.78,   62.16,   53.89
04/03/2013 19:35:00,   57.56,   61.27,   49.95,   60.86,   64.17,   53.63
04/03/2013 19:40:00,   56.10,   60.33,   49.44,   58.75,   62.04,   53.12
04/03/2013 19:45:00,   56.31,   60.97,   47.92,   58.96,   63.17,   51.33
04/03/2013 19:50:00,   56.24,   60.53,   49.81,   58.05,   61.73,   53.02
04/03/2013 19:55:00,   64.27,   65.19,   62.93,   63.75,   65.11,   62.03
04/03/2013 20:00:00,   64.10,   64.96,   62.96,   63.65,   65.08,   62.00
04/03/2013 20:05:00,   65.02,   65.84,   63.98,   64.54,   65.69,   62.94
04/03/2013 20:10:00,   56.69,   59.96,   49.88,   59.19,   62.43,   53.26
04/03/2013 20:15:00,   57.31,   61.03,   51.39,   59.71,   62.60,   54.95
04/03/2013 20:20:00,   57.55,   61.25,   49.03,   60.85,   65.88,   52.72
04/03/2013 20:25:00,   56.45,   60.14,   47.72,   58.39,   61.96,   51.24
04/03/2013 20:30:00,   56.53,   60.52,   50.71,   59.75,   63.09,   54.71
04/03/2013 20:35:00,   57.79,   60.94,   51.79,   60.27,   63.79,   55.36
04/03/2013 20:40:00,   56.44,   60.02,   48.72,   59.25,   62.40,   53.23
04/03/2013 20:45:00,   56.13,   60.06,   48.00,   59.19,   62.65,   50.09
04/03/2013 20:50:00,   55.85,   59.84,   49.34,   57.57,   60.98,   52.02
04/03/2013 20:55:00,   55.38,   59.72,   46.63,   57.87,   61.53,   50.88
04/03/2013 21:00:00,   57.32,   61.36,   50.91,   59.39,   62.89,   53.36
04/03/2013 21:05:00,   56.13,   59.60,   49.77,   58.74,   62.36,   52.93
04/03/2013 21:10:00,   57.21,   61.02,   48.84,   59.51,   63.07,   51.91
04/03/2013 21:15:00,   56.46,   60.19,   49.84,   59.26,   62.98,   52.46
04/03/2013 21:20:00,   56.52,   60.32,   50.19,   58.62,   62.04,   52.91
04/03/2013 21:25:00,   55.92,   60.53,   48.73,   57.93,   62.43,   52.03
04/03/2013 21:30:00,   56.13,   60.05,   48.15,   58.93,   62.65,   51.93
04/03/2013 21:35:00,   56.59,   60.86,   48.32,   58.98,   62.70,   50.98
04/03/2013 21:40:00,   55.43,   59.38,   49.44,   58.90,   62.19,   53.43
04/03/2013 21:45:00,   55.97,   59.92,   48.25,   58.89,   62.56,   52.49
04/03/2013 21:50:00,   54.05,   59.21,   47.63,   56.86,   61.30,   50.62
04/03/2013 21:55:00,   55.82,   59.66,   49.77,   58.05,   61.33,   52.33
04/03/2013 22:00:00,   55.99,   59.74,   49.22,   58.18,   61.69,   52.41
04/03/2013 22:05:00,   56.12,   60.21,   48.68,   58.48,   62.41,   52.18
04/03/2013 22:10:00,   56.93,   60.99,   49.15,   59.27,   62.64,   53.32
04/03/2013 22:15:00,   56.16,   60.44,   49.59,   59.24,   63.46,   52.49
04/03/2013 22:20:00,   54.35,   59.08,   46.63,   57.71,   61.70,   49.77
04/03/2013 22:25:00,   55.51,   59.90,   46.22,   57.53,   61.54,   49.27
04/03/2013 22:30:00,   54.21,   58.99,   46.71,   56.40,   59.92,   50.86
04/03/2013 22:35:00,   55.77,   60.01,   45.45,   58.34,   62.51,   49.30
04/03/2013 22:40:00,   54.93,   59.85,   46.40,   57.83,   62.58,   49.76
04/03/2013 22:45:00,   54.20,   58.39,   45.96,   56.59,   60.84,   49.24
04/03/2013 22:50:00,   53.04,   58.49,   45.08,   55.13,   59.65,   48.58
04/03/2013 22:55:00,   53.70,   58.01,   46.10,   56.30,   60.50,   49.56
04/03/2013 23:00:00,   53.43,   58.60,   45.65,   56.54,   60.77,   49.53
04/03/2013 23:05:00,   53.39,   58.02,   45.69,   56.08,   60.54,   49.37
04/03/2013 23:10:00,   52.45,   57.48,   43.96,   55.16,   59.78,   47.78
04/03/2013 23:15:00,   52.85,   58.25,   44.06,   55.09,   59.99,   47.77
04/03/2013 23:20:00,   52.17,   56.73,   43.92,   54.23,   58.72,   47.48
04/03/2013 23:25:00,   52.80,   58.86,   43.86,   54.94,   60.28,   47.45
04/03/2013 23:30:00,   53.37,   59.23,   43.33,   56.02,   60.86,   47.68
04/03/2013 23:35:00,   54.92,   61.24,   44.19,   57.32,   63.50,   47.70
04/03/2013 23:40:00,   52.28,   57.41,   44.73,   55.34,   60.12,   47.82
04/03/2013 23:45:00,   52.24,   58.75,   41.89,   54.00,   59.99,   45.68
04/03/2013 23:50:00,   51.26,   56.07,   42.76,   53.31,   57.51,   46.34
04/03/2013 23:56:00,   53.14,   59.05,   42.54,   55.30,   60.91,   46.87

