# noise_analysis run from DCC-NOISE-001003 at Tue Mar 12 00:00:00 2013
# Monitoring unit located at 53.342609N 6.340721W
# logfile   = /home/root/noise_analysis.log
# cfg_dir   = /home/root/config
# outputdir = /home/root/noise
# Sensitivity = -26.271103
# Gain = 1.000000
# Time should be in local format (i.e. daylight savings time)
# dd/mm/yyyy hh:mm:ss, A Leq,   A L10,   A L95,   C Leq,   C L10,   C L95
12/03/2013 00:05:00,   52.46,   57.89,   40.47,   56.98,   61.75,   44.65
12/03/2013 00:10:00,   50.97,   56.91,   41.60,   54.76,   59.93,   46.09
12/03/2013 00:15:00,   51.89,   57.05,   41.99,   54.82,   59.63,   45.48
12/03/2013 00:20:00,   48.00,   54.81,   39.67,   51.79,   57.46,   44.31
12/03/2013 00:25:00,   52.51,   58.56,   41.26,   56.60,   62.05,   45.10
12/03/2013 00:30:00,   51.13,   56.61,   43.00,   54.51,   59.55,   47.08
12/03/2013 00:35:00,   51.15,   58.89,   40.36,   54.19,   60.38,   44.86
12/03/2013 00:40:00,   50.22,   56.25,   41.78,   53.75,   58.74,   45.86
12/03/2013 00:45:00,   47.95,   53.38,   41.41,   51.61,   56.06,   45.66
12/03/2013 00:50:00,   49.73,   56.55,   41.39,   54.12,   60.00,   45.82
12/03/2013 00:55:00,   50.37,   56.48,   41.89,   53.51,   58.94,   45.90
12/03/2013 01:00:00,   50.34,   57.08,   40.87,   54.04,   59.82,   45.21
12/03/2013 01:05:00,   47.53,   53.91,   38.75,   51.47,   56.94,   42.66
12/03/2013 01:10:00,   50.23,   57.04,   38.24,   55.26,   61.74,   42.56
12/03/2013 01:15:00,   49.28,   56.71,   38.87,   53.37,   59.73,   43.44
12/03/2013 01:20:00,   49.22,   55.55,   40.87,   53.16,   58.41,   45.45
12/03/2013 01:25:00,   49.60,   56.40,   40.77,   53.99,   59.82,   45.12
12/03/2013 01:30:00,   50.55,   57.13,   40.56,   54.77,   61.32,   45.03
12/03/2013 01:35:00,   50.18,   56.29,   39.20,   56.09,   62.24,   44.13
12/03/2013 01:40:00,   44.74,   51.06,   37.32,   50.36,   55.98,   41.92
12/03/2013 01:45:00,   43.98,   49.75,   37.77,   49.50,   55.11,   42.30
12/03/2013 01:50:00,   45.69,   51.58,   36.80,   49.51,   56.14,   41.31
12/03/2013 01:55:00,   43.34,   46.60,   37.41,   47.42,   52.43,   41.98
12/03/2013 02:00:00,   47.86,   54.05,   39.63,   52.52,   58.59,   43.45
12/03/2013 02:05:00,   48.60,   54.60,   39.44,   53.77,   59.37,   43.34
12/03/2013 02:10:00,   44.66,   49.36,   37.42,   48.88,   54.41,   42.34
12/03/2013 02:15:00,   45.43,   51.43,   36.81,   49.63,   56.72,   41.47
12/03/2013 02:20:00,   50.38,   56.54,   40.63,   55.66,   61.01,   45.35
12/03/2013 02:25:00,   43.37,   47.43,   37.05,   48.72,   53.81,   42.05
12/03/2013 02:30:00,   43.26,   47.26,   35.27,   47.21,   51.99,   40.36
12/03/2013 02:35:00,   46.87,   52.56,   39.27,   53.12,   59.48,   43.57
12/03/2013 02:40:00,   46.10,   50.54,   36.12,   52.65,   57.52,   40.81
12/03/2013 02:45:00,   46.17,   52.20,   36.95,   52.16,   57.23,   42.78
12/03/2013 02:50:00,   43.88,   47.65,   35.61,   50.08,   55.09,   41.47
12/03/2013 02:55:00,   44.05,   47.80,   35.53,   49.32,   54.18,   41.02
12/03/2013 03:00:00,   46.16,   50.68,   38.67,   51.36,   57.79,   44.00
12/03/2013 03:05:00,   47.62,   53.66,   39.03,   52.60,   58.00,   44.36
12/03/2013 03:10:00,   45.44,   50.90,   37.66,   51.05,   55.26,   44.56
12/03/2013 03:15:00,   45.64,   50.47,   37.66,   49.83,   53.68,   43.01
12/03/2013 03:20:00,   43.90,   50.50,   36.68,   48.79,   53.80,   41.70
12/03/2013 03:25:00,   45.84,   51.10,   37.35,   49.79,   55.03,   42.63
12/03/2013 03:30:00,   42.02,   43.97,   36.40,   47.65,   51.71,   41.96
12/03/2013 03:35:00,   45.36,   49.94,   36.79,   51.60,   57.76,   42.47
12/03/2013 03:40:00,   45.12,   53.31,   35.54,   49.98,   57.49,   40.94
12/03/2013 03:45:00,   46.19,   54.39,   36.26,   48.74,   55.75,   40.94
12/03/2013 03:50:00,   45.45,   51.73,   37.45,   49.50,   56.67,   42.03
12/03/2013 03:55:00,   40.00,   43.07,   35.68,   46.18,   50.46,   40.80
12/03/2013 04:00:00,   48.27,   56.56,   36.77,   51.82,   58.98,   41.20
12/03/2013 04:05:00,   44.51,   49.55,   38.33,   48.55,   53.95,   42.98
12/03/2013 04:10:00,   46.48,   53.75,   38.18,   51.89,   58.41,   42.23
12/03/2013 04:15:00,   44.84,   51.56,   36.48,   48.81,   55.91,   41.43
12/03/2013 04:20:00,   40.58,   43.12,   34.76,   44.40,   47.08,   39.91
12/03/2013 04:25:00,   45.19,   51.27,   37.85,   48.50,   53.71,   42.60
12/03/2013 04:30:00,   45.46,   51.48,   37.18,   49.21,   54.77,   41.79
12/03/2013 04:35:00,   46.97,   54.90,   36.74,   48.93,   54.84,   41.36
12/03/2013 04:40:00,   43.25,   51.06,   36.04,   45.44,   50.88,   41.27
12/03/2013 04:45:00,   44.16,   49.76,   37.27,   47.03,   51.06,   41.53
12/03/2013 04:50:00,   46.57,   52.96,   38.27,   49.20,   55.16,   42.63
12/03/2013 04:55:00,   47.34,   54.17,   37.69,   50.20,   56.41,   42.14
12/03/2013 05:00:00,   43.35,   47.91,   38.97,   46.27,   49.77,   43.10
12/03/2013 05:05:00,   44.31,   47.78,   39.40,   48.05,   50.99,   44.25
12/03/2013 05:10:00,   44.94,   49.19,   38.22,   47.69,   50.93,   43.29
12/03/2013 05:15:00,   44.11,   45.35,   39.51,   47.80,   50.23,   44.05
12/03/2013 05:20:00,   49.29,   55.07,   40.39,   52.40,   57.55,   44.83
12/03/2013 05:25:00,   47.44,   52.50,   41.49,   50.53,   54.64,   46.14
12/03/2013 05:30:00,   50.36,   56.83,   41.66,   53.43,   58.33,   45.87
12/03/2013 05:35:00,   50.69,   55.68,   42.47,   53.88,   58.54,   47.10
12/03/2013 05:40:00,   47.78,   52.32,   41.91,   51.21,   55.71,   46.67
12/03/2013 05:45:00,   52.90,   58.24,   44.10,   55.62,   60.68,   47.69
12/03/2013 05:50:00,   50.63,   57.09,   41.55,   52.87,   58.48,   45.75
12/03/2013 05:55:00,   52.34,   58.58,   42.95,   54.72,   60.89,   46.92
12/03/2013 06:00:00,   50.50,   56.05,   40.95,   53.58,   58.85,   45.46
12/03/2013 06:05:00,   50.55,   55.39,   43.79,   53.43,   58.09,   47.93
12/03/2013 06:10:00,   48.53,   52.22,   44.36,   52.24,   55.30,   48.58
12/03/2013 06:15:00,   51.38,   56.61,   44.93,   54.58,   59.47,   48.54
12/03/2013 06:20:00,   52.98,   58.19,   45.82,   55.51,   60.08,   49.73
12/03/2013 06:25:00,   54.56,   58.61,   48.36,   58.32,   62.32,   51.68
12/03/2013 06:30:00,   53.20,   57.17,   47.98,   56.56,   60.45,   51.52
12/03/2013 06:35:00,   54.80,   58.61,   49.05,   58.35,   61.83,   53.44
12/03/2013 06:40:00,   54.88,   58.57,   49.21,   58.13,   61.09,   52.94
12/03/2013 06:45:00,   54.40,   58.51,   48.68,   57.99,   61.44,   53.36
12/03/2013 06:50:00,   54.78,   57.75,   50.83,   57.60,   59.87,   54.64
12/03/2013 06:55:00,   57.63,   61.41,   51.43,   61.47,   64.87,   55.94
12/03/2013 07:00:00,   57.25,   60.85,   51.50,   60.50,   64.32,   55.88
12/03/2013 07:05:00,   57.02,   60.60,   51.66,   61.00,   65.43,   55.68
12/03/2013 07:10:00,   57.95,   61.67,   51.85,   61.40,   64.16,   55.64
12/03/2013 07:15:00,   57.98,   61.80,   53.62,   61.34,   64.35,   57.23
12/03/2013 07:20:00,   57.41,   61.23,   51.69,   60.22,   63.58,   56.07
12/03/2013 07:25:00,   58.01,   61.31,   53.34,   61.39,   64.06,   57.31
12/03/2013 07:30:00,   57.89,   60.91,   53.42,   61.43,   64.59,   57.13
12/03/2013 07:35:00,   58.63,   61.66,   55.28,   61.54,   63.93,   58.30
12/03/2013 07:40:00,   58.16,   61.21,   54.17,   61.22,   63.33,   57.65
12/03/2013 07:45:00,   59.29,   62.51,   55.00,   63.02,   66.46,   58.48
12/03/2013 07:50:00,   58.57,   62.16,   53.03,   61.66,   64.78,   56.66
12/03/2013 07:55:00,   58.90,   61.93,   55.36,   62.37,   65.61,   58.96
12/03/2013 08:00:00,   57.94,   60.49,   53.09,   62.60,   65.69,   57.98
12/03/2013 08:05:00,   58.90,   61.65,   54.76,   62.86,   65.35,   59.32
12/03/2013 08:10:00,   58.63,   61.80,   53.48,   62.22,   64.72,   57.83
12/03/2013 08:15:00,   58.35,   60.82,   54.94,   62.70,   64.96,   59.39
12/03/2013 08:20:00,   58.04,   60.54,   54.65,   62.22,   64.53,   59.00
12/03/2013 08:25:00,   59.09,   62.35,   54.59,   62.91,   65.79,   59.10
12/03/2013 08:30:00,   59.08,   61.21,   54.76,   63.35,   66.01,   59.12
12/03/2013 08:35:00,   58.91,   61.60,   54.23,   63.47,   66.00,   58.93
12/03/2013 08:40:00,   57.21,   60.03,   53.84,   61.88,   64.41,   58.88
12/03/2013 08:45:00,   60.65,   62.33,   55.34,   64.62,   66.15,   60.04
12/03/2013 08:50:00,   59.75,   62.12,   55.62,   65.64,   67.83,   62.60
12/03/2013 08:55:00,   59.59,   61.58,   56.45,   66.06,   68.47,   62.94
12/03/2013 09:00:00,   61.85,   64.01,   56.97,   68.51,   71.28,   62.61
12/03/2013 09:05:00,   59.60,   62.12,   55.14,   64.98,   66.72,   62.03
12/03/2013 09:10:00,   59.00,   61.74,   53.25,   63.49,   65.64,   59.50
12/03/2013 09:15:00,   58.60,   61.57,   53.67,   62.96,   65.82,   58.18
12/03/2013 09:20:00,   57.71,   61.15,   52.21,   61.66,   64.48,   57.42
12/03/2013 09:25:00,   58.65,   61.10,   54.70,   62.25,   64.73,   59.02
12/03/2013 09:30:00,   57.31,   60.90,   52.04,   60.74,   63.75,   56.29
12/03/2013 09:35:00,   57.05,   59.79,   52.24,   60.69,   63.36,   56.74
12/03/2013 09:40:00,   58.30,   61.88,   53.46,   61.80,   64.80,   58.13
12/03/2013 09:45:00,   58.86,   61.99,   52.85,   61.69,   64.46,   56.49
12/03/2013 09:50:00,   58.02,   61.33,   51.23,   61.39,   64.52,   55.77
12/03/2013 09:55:00,   58.19,   61.10,   49.81,   63.00,   65.99,   55.06
12/03/2013 10:00:00,   57.26,   60.72,   51.76,   61.16,   63.82,   56.25
12/03/2013 10:05:00,   58.01,   60.97,   50.94,   62.52,   65.37,   56.48
12/03/2013 10:10:00,   57.96,   60.48,   52.61,   62.66,   65.39,   58.00
12/03/2013 10:15:00,   57.22,   60.82,   51.15,   60.78,   63.90,   56.02
12/03/2013 10:20:00,   57.65,   60.83,   50.80,   61.18,   64.52,   54.98
12/03/2013 10:25:00,   57.53,   60.73,   52.80,   61.64,   65.60,   57.01
12/03/2013 10:30:00,   64.47,   61.32,   51.47,   66.50,   66.37,   57.48
12/03/2013 10:35:00,   55.85,   59.49,   50.63,   60.89,   64.24,   57.45
12/03/2013 10:40:00,   58.19,   60.32,   54.94,   61.50,   64.31,   57.09
12/03/2013 10:45:00,   59.88,   60.97,   53.06,   62.81,   64.46,   56.15
12/03/2013 10:50:00,   56.48,   60.17,   50.96,   61.11,   65.18,   55.68
12/03/2013 10:55:00,   57.41,   60.51,   50.44,   61.50,   64.54,   55.01
12/03/2013 11:00:00,   58.20,   60.73,   53.47,   61.67,   64.57,   56.15
12/03/2013 11:05:00,   57.62,   60.38,   51.75,   61.36,   64.39,   56.42
12/03/2013 11:10:00,   56.86,   59.66,   51.89,   61.08,   63.67,   56.82
12/03/2013 11:15:00,   56.35,   59.59,   51.56,   59.89,   62.37,   55.94
12/03/2013 11:20:00,   57.11,   59.78,   51.82,   60.96,   63.60,   56.78
12/03/2013 11:25:00,   56.55,   58.89,   52.09,   61.22,   64.51,   56.17
12/03/2013 11:30:00,   56.62,   59.62,   52.46,   60.63,   63.52,   56.66
12/03/2013 11:35:00,   57.24,   60.17,   52.63,   62.91,   65.62,   58.14
12/03/2013 11:40:00,   56.40,   59.13,   51.70,   60.92,   63.33,   56.02
12/03/2013 11:45:00,   58.74,   61.42,   53.19,   61.51,   64.52,   56.30
12/03/2013 11:50:00,   58.38,   61.31,   53.77,   62.93,   67.36,   57.08
12/03/2013 11:55:00,   59.44,   61.89,   55.77,   63.82,   67.17,   58.96
12/03/2013 12:00:00,   61.14,   62.84,   57.65,   64.83,   67.28,   61.17
12/03/2013 12:05:00,   60.00,   62.80,   54.97,   63.49,   65.87,   59.33
12/03/2013 12:10:00,   59.65,   61.66,   55.54,   62.15,   64.36,   58.23
12/03/2013 12:15:00,   57.31,   59.93,   53.19,   61.56,   64.29,   57.39
12/03/2013 12:20:00,   58.61,   61.41,   54.12,   62.42,   64.97,   58.09
12/03/2013 12:25:00,   57.61,   60.75,   52.31,   61.17,   64.46,   56.82
12/03/2013 12:30:00,   57.76,   60.48,   52.83,   61.67,   64.90,   56.79
12/03/2013 12:35:00,   57.98,   59.91,   53.88,   62.01,   64.57,   57.77
12/03/2013 12:40:00,   57.67,   59.78,   53.80,   62.07,   64.48,   58.46
12/03/2013 12:45:00,   57.21,   60.27,   52.07,   61.99,   64.15,   57.47
12/03/2013 12:50:00,   57.83,   59.74,   52.67,   62.80,   65.03,   56.36
12/03/2013 12:55:00,   57.74,   60.12,   53.75,   61.98,   64.72,   57.37
12/03/2013 13:00:00,   57.18,   60.47,   52.31,   61.68,   64.52,   56.69
12/03/2013 13:05:00,   58.35,   60.90,   53.82,   61.85,   64.34,   58.15
12/03/2013 13:10:00,   57.54,   59.89,   53.42,   62.96,   65.67,   57.85
12/03/2013 13:15:00,   57.79,   60.37,   53.90,   62.06,   63.55,   57.93
12/03/2013 13:20:00,   58.30,   60.90,   54.43,   61.93,   63.74,   57.86
12/03/2013 13:25:00,   57.48,   60.04,   53.06,   60.87,   63.30,   57.06
12/03/2013 13:30:00,   59.19,   61.71,   55.03,   63.05,   65.90,   59.05
12/03/2013 13:35:00,   62.01,   63.90,   58.62,   63.76,   66.30,   59.92
12/03/2013 13:40:00,   61.07,   63.24,   57.68,   63.45,   65.63,   59.91
12/03/2013 13:45:00,   59.14,   61.68,   54.57,   62.55,   65.10,   58.47
12/03/2013 13:50:00,   57.40,   60.12,   53.09,   61.99,   64.71,   57.62
12/03/2013 13:55:00,   58.58,   62.75,   53.74,   63.05,   67.75,   57.66
12/03/2013 14:00:00,   58.27,   61.23,   53.63,   61.77,   64.38,   57.80
12/03/2013 14:05:00,   61.20,   62.77,   55.25,   63.91,   66.73,   58.12
12/03/2013 14:10:00,   61.17,   62.01,   54.18,   65.03,   66.35,   57.92
12/03/2013 14:15:00,   59.88,   62.43,   53.99,   62.40,   64.65,   58.08
12/03/2013 14:20:00,   59.36,   61.68,   55.46,   63.14,   66.20,   59.21
12/03/2013 14:25:00,   58.92,   61.15,   55.11,   61.49,   63.77,   57.89
12/03/2013 14:30:00,   59.07,   60.85,   56.12,   62.06,   64.15,   58.83
12/03/2013 14:35:00,   59.44,   62.42,   54.01,   63.25,   66.40,   57.50
12/03/2013 14:40:00,   59.77,   61.98,   55.41,   61.88,   64.46,   58.58
12/03/2013 14:45:00,   60.46,   62.86,   55.66,   63.46,   66.08,   58.58
12/03/2013 14:50:00,   58.92,   61.34,   54.96,   62.67,   64.96,   58.83
12/03/2013 14:55:00,   58.56,   61.32,   53.47,   62.31,   64.85,   57.43
12/03/2013 15:00:00,   59.28,   61.24,   55.16,   62.62,   65.36,   58.98
12/03/2013 15:05:00,   57.61,   60.69,   53.04,   61.12,   64.08,   56.98
12/03/2013 15:10:00,   58.29,   61.06,   53.55,   62.33,   65.54,   58.23
12/03/2013 15:15:00,   61.12,   62.95,   58.03,   63.43,   65.54,   59.55
12/03/2013 15:20:00,   61.59,   63.38,   58.85,   63.84,   66.25,   60.00
12/03/2013 15:25:00,   61.02,   62.85,   57.61,   62.95,   64.93,   58.94
12/03/2013 15:30:00,   60.35,   62.37,   56.36,   62.69,   64.71,   59.91
12/03/2013 15:35:00,   59.59,   62.66,   55.02,   63.76,   66.72,   59.31
12/03/2013 15:40:00,   60.44,   62.34,   55.49,   63.99,   66.36,   59.13
12/03/2013 15:45:00,   60.60,   62.56,   56.24,   63.00,   64.73,   59.33
12/03/2013 15:50:00,   58.76,   61.04,   54.07,   62.27,   64.21,   58.92
12/03/2013 15:55:00,   60.85,   63.58,   55.63,   62.26,   64.78,   57.40
12/03/2013 16:00:00,   58.01,   60.48,   52.38,   60.96,   63.76,   56.04
12/03/2013 16:05:00,   59.75,   62.48,   54.77,   62.33,   65.62,   57.15
12/03/2013 16:10:00,   60.44,   62.46,   56.33,   63.66,   65.24,   59.72
12/03/2013 16:15:00,   59.76,   63.63,   53.61,   64.06,   69.64,   57.60
12/03/2013 16:20:00,   58.13,   60.39,   54.14,   62.93,   66.06,   59.04
12/03/2013 16:25:00,   58.67,   60.94,   54.54,   62.52,   64.75,   58.95
12/03/2013 16:30:00,   58.48,   61.04,   53.40,   63.03,   66.57,   57.41
12/03/2013 16:35:00,   57.87,   60.64,   52.65,   61.04,   63.43,   57.28
12/03/2013 16:40:00,   58.27,   61.57,   53.18,   62.80,   66.55,   57.02
12/03/2013 16:45:00,   58.40,   60.78,   53.43,   61.57,   63.72,   57.20
12/03/2013 16:50:00,   58.20,   60.96,   54.09,   62.36,   66.30,   57.64
12/03/2013 16:55:00,   58.46,   60.79,   53.62,   62.24,   64.21,   57.80
12/03/2013 17:00:00,   58.58,   61.50,   53.56,   61.86,   64.24,   58.14
12/03/2013 17:05:00,   59.00,   61.83,   54.29,   61.68,   63.85,   57.72
12/03/2013 17:10:00,   57.94,   60.80,   53.20,   61.89,   65.05,   57.73
12/03/2013 17:15:00,   58.23,   61.20,   53.14,   62.56,   65.82,   57.60
12/03/2013 17:20:00,   58.75,   61.42,   53.80,   62.00,   64.10,   58.16
12/03/2013 17:25:00,   58.92,   63.19,   53.34,   62.17,   65.20,   57.20
12/03/2013 17:30:00,   59.13,   61.53,   54.36,   62.56,   65.16,   57.62
12/03/2013 17:35:00,   58.53,   61.16,   53.52,   61.78,   64.31,   56.52
12/03/2013 17:40:00,   58.20,   61.29,   53.65,   62.01,   65.31,   57.74
12/03/2013 17:45:00,   60.09,   62.93,   54.38,   64.05,   68.28,   59.38
12/03/2013 17:50:00,   57.86,   60.49,   53.19,   61.21,   63.19,   57.45
12/03/2013 17:55:00,   58.28,   61.46,   53.02,   60.96,   63.93,   56.08
12/03/2013 18:00:00,   59.72,   62.36,   54.97,   62.13,   64.56,   57.92
12/03/2013 18:05:00,   58.27,   60.79,   52.30,   61.47,   63.73,   56.72
12/03/2013 18:10:00,   58.96,   61.40,   53.67,   62.10,   64.24,   58.23
12/03/2013 18:15:00,   59.17,   61.81,   53.53,   63.05,   66.59,   57.98
12/03/2013 18:20:00,   58.09,   61.06,   52.89,   62.00,   64.80,   57.31
12/03/2013 18:25:00,   58.37,   61.67,   53.46,   61.61,   64.18,   57.55
12/03/2013 18:30:00,   57.10,   60.02,   52.54,   60.64,   63.15,   56.96
12/03/2013 18:35:00,   57.92,   60.44,   52.09,   60.75,   63.10,   55.82
12/03/2013 18:40:00,   58.47,   60.81,   54.86,   62.36,   64.49,   59.09
12/03/2013 18:45:00,   58.87,   61.66,   54.99,   62.16,   64.82,   58.28
12/03/2013 18:50:00,   57.54,   60.41,   53.66,   60.78,   63.19,   57.61
12/03/2013 18:55:00,   58.62,   61.39,   54.13,   61.50,   63.94,   57.83
12/03/2013 19:00:00,   58.79,   61.63,   54.84,   61.51,   63.71,   57.95
12/03/2013 19:05:00,   58.45,   60.86,   54.78,   61.70,   64.19,   58.17
12/03/2013 19:10:00,   58.82,   61.41,   54.81,   61.88,   64.05,   58.47
12/03/2013 19:15:00,   59.12,   61.55,   55.84,   62.29,   64.44,   59.18
12/03/2013 19:20:00,   58.91,   61.48,   55.25,   61.97,   64.12,   58.92
12/03/2013 19:25:00,   58.33,   60.58,   55.09,   61.15,   63.02,   58.24
12/03/2013 19:30:00,   59.25,   62.06,   55.42,   62.09,   64.36,   59.34
12/03/2013 19:35:00,   58.56,   61.03,   54.76,   62.36,   65.34,   58.37
12/03/2013 19:40:00,   58.40,   60.91,   54.15,   61.39,   63.79,   57.95
12/03/2013 19:45:00,   58.42,   61.25,   53.82,   61.45,   64.06,   57.44
12/03/2013 19:50:00,   58.56,   61.52,   54.35,   62.00,   64.61,   57.67
12/03/2013 19:55:00,   58.06,   61.12,   54.09,   60.92,   63.19,   57.93
12/03/2013 20:00:00,   58.48,   61.65,   54.08,   61.74,   64.55,   57.32
12/03/2013 20:05:00,   58.86,   61.52,   53.77,   62.85,   66.72,   57.74
12/03/2013 20:10:00,   58.95,   61.68,   54.94,   61.96,   64.72,   58.74
12/03/2013 20:15:00,   58.27,   61.19,   53.90,   61.59,   64.51,   56.87
12/03/2013 20:20:00,   58.75,   61.86,   54.97,   61.18,   63.73,   57.83
12/03/2013 20:25:00,   57.42,   60.42,   52.53,   60.38,   62.59,   56.46
12/03/2013 20:30:00,   57.32,   60.73,   53.30,   61.32,   64.28,   57.07
12/03/2013 20:35:00,   57.41,   60.88,   52.99,   61.31,   65.05,   57.20
12/03/2013 20:40:00,   57.70,   60.68,   52.86,   60.91,   63.47,   56.61
12/03/2013 20:45:00,   57.95,   60.64,   54.15,   61.04,   63.50,   57.43
12/03/2013 20:50:00,   57.90,   61.11,   53.42,   60.76,   63.11,   56.87
12/03/2013 20:55:00,   57.67,   60.97,   53.28,   60.25,   63.05,   56.48
12/03/2013 21:00:00,   57.61,   61.06,   51.41,   59.58,   62.55,   54.42
12/03/2013 21:05:00,   57.22,   60.65,   52.82,   59.69,   62.72,   55.53
12/03/2013 21:10:00,   57.30,   61.00,   51.88,   59.98,   63.25,   55.49
12/03/2013 21:15:00,   57.62,   61.00,   53.33,   60.97,   64.01,   56.30
12/03/2013 21:20:00,   56.87,   59.79,   52.01,   60.03,   62.63,   54.74
12/03/2013 21:25:00,   56.36,   60.01,   50.97,   58.91,   62.01,   54.33
12/03/2013 21:30:00,   57.30,   60.55,   51.28,   59.89,   62.53,   54.54
12/03/2013 21:35:00,   57.91,   60.90,   53.66,   60.23,   62.81,   56.39
12/03/2013 21:40:00,   58.13,   61.24,   52.60,   60.64,   63.54,   56.76
12/03/2013 21:45:00,   56.80,   59.77,   52.54,   59.55,   62.42,   55.63
12/03/2013 21:50:00,   57.62,   60.59,   52.73,   60.17,   62.77,   55.69
12/03/2013 21:55:00,   56.49,   59.48,   51.95,   59.67,   62.55,   55.19
12/03/2013 22:00:00,   56.05,   59.97,   51.85,   58.59,   61.50,   55.06
12/03/2013 22:05:00,   57.25,   60.58,   52.25,   60.02,   63.21,   55.23
12/03/2013 22:10:00,   57.67,   61.16,   53.10,   60.07,   63.23,   55.87
12/03/2013 22:15:00,   57.85,   60.44,   52.17,   61.26,   63.75,   55.59
12/03/2013 22:20:00,   55.90,   59.28,   50.07,   58.48,   61.29,   53.32
12/03/2013 22:25:00,   56.54,   59.40,   52.07,   59.28,   62.22,   54.68
12/03/2013 22:30:00,   54.49,   58.24,   50.17,   58.29,   60.97,   53.79
12/03/2013 22:35:00,   55.73,   59.04,   51.01,   58.40,   61.40,   54.32
12/03/2013 22:40:00,   54.65,   59.08,   49.65,   57.54,   61.42,   52.71
12/03/2013 22:45:00,   56.02,   59.64,   50.77,   58.28,   61.47,   54.33
12/03/2013 22:50:00,   54.68,   57.98,   50.20,   57.63,   60.14,   53.82
12/03/2013 22:55:00,   54.28,   58.59,   49.46,   58.36,   62.37,   53.24
12/03/2013 23:00:00,   54.98,   58.58,   48.38,   57.47,   61.35,   51.68
12/03/2013 23:05:00,   56.56,   60.17,   50.48,   61.02,   64.91,   53.81
12/03/2013 23:10:00,   60.78,   65.18,   51.78,   63.86,   67.94,   55.19
12/03/2013 23:15:00,   62.61,   70.46,   51.19,   65.15,   72.51,   54.08
12/03/2013 23:20:00,   53.47,   56.88,   49.34,   56.16,   58.96,   52.39
12/03/2013 23:25:00,   54.85,   60.57,   48.23,   57.88,   62.22,   51.95
12/03/2013 23:30:00,   54.91,   58.27,   49.37,   56.96,   59.82,   52.68
12/03/2013 23:35:00,   55.88,   59.79,   49.63,   59.11,   63.36,   52.89
12/03/2013 23:40:00,   54.45,   59.07,   48.90,   57.31,   61.70,   52.28
12/03/2013 23:45:00,   54.38,   58.39,   48.73,   57.12,   60.57,   52.02
12/03/2013 23:50:00,   55.06,   59.77,   48.52,   57.49,   61.80,   51.93
12/03/2013 23:56:00,   53.65,   57.54,   49.18,   56.36,   59.82,   52.44

