# noise_analysis run from DCC-NOISE-001003 at Thu May  9 00:00:00 2013
# Monitoring unit located at 53.342609N 6.340721W
# logfile   = /home/root/noise_analysis.log
# cfg_dir   = /home/root/config
# outputdir = /home/root/noise
# Sensitivity = -26.271103
# Gain = 1.000000
# Time should be in local format (i.e. daylight savings time)
# dd/mm/yyyy hh:mm:ss, A Leq,   A L10,   A L95,   C Leq,   C L10,   C L95
09/05/2013 00:05:00,   54.06,   58.48,   48.14,   58.55,   63.01,   51.52
09/05/2013 00:10:00,   54.77,   59.48,   48.70,   57.85,   61.64,   52.05
09/05/2013 00:15:00,   54.36,   58.54,   48.14,   58.18,   62.53,   51.20
09/05/2013 00:20:00,   54.52,   59.14,   47.61,   58.99,   63.34,   51.14
09/05/2013 00:25:00,   53.73,   57.84,   47.25,   56.02,   59.62,   50.72
09/05/2013 00:30:00,   54.39,   58.37,   48.08,   59.00,   63.23,   52.27
09/05/2013 00:35:00,   53.37,   57.71,   46.49,   56.27,   59.87,   50.31
09/05/2013 00:40:00,   54.10,   59.54,   46.14,   59.02,   63.17,   49.72
09/05/2013 00:45:00,   53.35,   57.17,   47.34,   56.51,   60.20,   50.59
09/05/2013 00:50:00,   53.87,   58.04,   48.15,   58.24,   63.09,   50.98
09/05/2013 00:55:00,   52.64,   58.13,   44.24,   56.86,   62.51,   48.32
09/05/2013 01:00:00,   51.41,   57.46,   44.64,   54.34,   59.24,   48.43
09/05/2013 01:05:00,   51.86,   57.10,   45.13,   56.80,   61.05,   49.96
09/05/2013 01:10:00,   50.88,   57.27,   43.91,   55.19,   61.12,   48.40
09/05/2013 01:15:00,   50.87,   55.57,   45.40,   55.53,   60.21,   49.31
09/05/2013 01:20:00,   53.01,   57.73,   45.95,   56.64,   60.84,   49.63
09/05/2013 01:25:00,   52.09,   57.82,   44.30,   55.30,   60.39,   48.68
09/05/2013 01:30:00,   50.05,   54.56,   43.84,   53.40,   58.39,   47.62
09/05/2013 01:35:00,   50.17,   54.33,   43.58,   54.45,   58.57,   47.78
09/05/2013 01:40:00,   51.71,   56.89,   44.05,   58.42,   63.32,   47.91
09/05/2013 01:45:00,   53.40,   58.78,   45.71,   59.06,   64.45,   49.22
09/05/2013 01:50:00,   50.87,   55.03,   44.66,   56.33,   62.50,   48.43
09/05/2013 01:55:00,   48.59,   53.16,   42.21,   52.96,   58.69,   46.59
09/05/2013 02:00:00,   52.13,   59.11,   42.39,   58.08,   63.53,   46.66
09/05/2013 02:05:00,   50.81,   55.32,   43.56,   58.25,   62.89,   47.61
09/05/2013 02:10:00,   50.94,   56.85,   44.41,   55.18,   60.49,   48.55
09/05/2013 02:15:00,   49.03,   54.05,   42.57,   54.26,   58.73,   47.45
09/05/2013 02:20:00,   51.58,   56.21,   44.61,   58.59,   64.52,   48.97
09/05/2013 02:25:00,   55.32,   60.80,   45.97,   63.64,   70.04,   49.41
09/05/2013 02:30:00,   51.49,   56.25,   43.35,   60.37,   67.32,   48.47
09/05/2013 02:35:00,   50.25,   54.87,   44.99,   59.52,   66.43,   48.87
09/05/2013 02:40:00,   53.73,   59.29,   45.78,   62.61,   69.24,   49.26
09/05/2013 02:45:00,   51.51,   56.70,   44.41,   59.61,   65.32,   48.99
09/05/2013 02:50:00,   51.20,   54.59,   45.67,   58.41,   63.95,   49.49
09/05/2013 02:55:00,   51.19,   57.20,   43.66,   57.33,   63.15,   47.85
09/05/2013 03:00:00,   50.03,   54.17,   44.41,   58.63,   64.82,   48.99
09/05/2013 03:05:00,   50.03,   54.85,   42.40,   56.22,   61.76,   47.04
09/05/2013 03:10:00,   51.76,   57.53,   42.83,   60.94,   69.43,   47.85
09/05/2013 03:15:00,   52.69,   58.02,   45.53,   59.28,   64.77,   49.52
09/05/2013 03:20:00,   53.79,   59.38,   44.24,   60.74,   65.72,   47.97
09/05/2013 03:25:00,   53.58,   59.49,   43.39,   62.71,   70.72,   47.89
09/05/2013 03:30:00,   53.36,   58.06,   44.07,   61.75,   68.58,   47.91
09/05/2013 03:35:00,   52.51,   56.85,   44.75,   60.29,   66.02,   48.65
09/05/2013 03:40:00,   51.78,   55.97,   43.18,   59.52,   65.28,   47.36
09/05/2013 03:45:00,   50.28,   55.09,   43.90,   57.53,   63.39,   48.53
09/05/2013 03:50:00,   50.62,   54.52,   42.65,   58.65,   65.70,   46.73
09/05/2013 03:55:00,   51.49,   54.83,   45.09,   58.28,   64.07,   49.52
09/05/2013 04:00:00,   51.47,   56.91,   42.19,   58.74,   64.83,   46.21
09/05/2013 04:05:00,   53.79,   58.27,   43.50,   61.07,   66.74,   47.68
09/05/2013 04:10:00,   48.28,   52.24,   43.41,   54.05,   59.63,   47.77
09/05/2013 04:15:00,   54.15,   58.49,   45.45,   63.44,   72.10,   49.71
09/05/2013 04:20:00,   52.56,   57.63,   45.51,   58.38,   63.87,   49.81
09/05/2013 04:25:00,   54.24,   58.68,   45.73,   64.03,   71.17,   51.29
09/05/2013 04:30:00,   53.55,   58.88,   45.22,   60.26,   66.05,   48.81
09/05/2013 04:35:00,   54.89,   59.27,   48.27,   61.61,   66.93,   51.21
09/05/2013 04:40:00,   53.59,   58.58,   44.49,   59.21,   64.47,   49.17
09/05/2013 04:45:00,   51.95,   56.26,   45.15,   55.75,   60.25,   49.01
09/05/2013 04:50:00,   54.77,   59.55,   47.11,   57.19,   61.89,   49.94
09/05/2013 04:55:00,   56.94,   61.36,   47.04,   64.44,   69.79,   49.65
09/05/2013 05:00:00,   55.50,   60.70,   46.01,   60.20,   64.87,   49.89
09/05/2013 05:05:00,   55.34,   59.54,   47.58,   61.08,   65.97,   51.40
09/05/2013 05:10:00,   54.08,   58.92,   46.99,   60.66,   67.21,   50.14
09/05/2013 05:15:00,   53.29,   58.07,   46.43,   58.55,   63.73,   50.44
09/05/2013 05:20:00,   55.47,   62.02,   46.85,   63.32,   70.40,   50.52
09/05/2013 05:25:00,   55.93,   60.91,   48.64,   63.78,   69.75,   52.88
09/05/2013 05:30:00,   51.75,   54.90,   47.15,   56.92,   61.20,   50.54
09/05/2013 05:35:00,   55.07,   59.81,   48.62,   62.22,   68.45,   52.07
09/05/2013 05:40:00,   54.88,   59.37,   47.82,   59.60,   65.00,   51.61
09/05/2013 05:45:00,   55.79,   60.46,   48.62,   60.26,   64.59,   52.56
09/05/2013 05:50:00,   57.16,   63.76,   49.40,   59.81,   64.31,   52.76
09/05/2013 05:55:00,   55.34,   60.02,   47.96,   60.57,   64.36,   52.86
09/05/2013 06:00:00,   52.78,   57.45,   47.36,   56.15,   60.70,   51.14
09/05/2013 06:05:00,   53.17,   58.07,   47.17,   59.85,   64.70,   51.52
09/05/2013 06:10:00,   53.06,   56.81,   48.63,   58.85,   63.65,   52.34
09/05/2013 06:15:00,   54.07,   57.34,   49.39,   58.83,   62.83,   53.28
09/05/2013 06:20:00,   56.51,   60.22,   50.65,   61.68,   66.29,   53.87
09/05/2013 06:25:00,   55.59,   58.92,   50.62,   59.44,   63.37,   54.22
09/05/2013 06:30:00,   55.29,   59.00,   49.51,   61.23,   65.16,   54.76
09/05/2013 06:35:00,   55.58,   58.98,   50.06,   60.78,   63.81,   54.02
09/05/2013 06:40:00,   56.44,   60.59,   51.24,   61.72,   66.79,   55.21
09/05/2013 06:45:00,   58.49,   61.30,   54.65,   63.02,   65.77,   57.88
09/05/2013 06:50:00,   56.28,   58.71,   52.46,   61.52,   65.55,   55.60
09/05/2013 06:55:00,   57.87,   61.59,   53.66,   63.29,   67.10,   57.52
09/05/2013 07:00:00,   57.14,   60.81,   53.43,   62.98,   67.53,   56.66
09/05/2013 07:05:00,   58.29,   62.00,   52.29,   63.25,   67.89,   56.95
09/05/2013 07:10:00,   58.64,   61.74,   54.09,   63.50,   66.96,   57.37
09/05/2013 07:15:00,   58.49,   61.65,   52.92,   61.49,   64.90,   56.38
09/05/2013 07:20:00,   59.75,   62.53,   55.93,   65.04,   70.74,   58.67
09/05/2013 07:25:00,   58.64,   60.97,   55.43,   62.50,   64.78,   59.18
09/05/2013 07:30:00,   58.37,   61.21,   53.60,   61.11,   63.57,   57.36
09/05/2013 07:35:00,   57.95,   61.50,   53.40,   61.67,   65.19,   57.19
09/05/2013 07:40:00,   59.21,   61.71,   56.08,   64.27,   67.16,   60.28
09/05/2013 07:45:00,   58.66,   61.82,   54.92,   64.45,   67.60,   59.02
09/05/2013 07:50:00,   59.32,   61.83,   55.80,   63.35,   66.37,   59.01
09/05/2013 07:55:00,   58.98,   61.71,   55.42,   63.85,   67.53,   59.83
09/05/2013 08:00:00,   60.43,   63.19,   56.81,   66.94,   71.36,   60.66
09/05/2013 08:05:00,   60.22,   62.90,   56.67,   66.14,   70.29,   60.62
09/05/2013 08:10:00,   59.39,   62.16,   55.51,   63.63,   67.00,   59.60
09/05/2013 08:15:00,   60.67,   63.39,   56.66,   67.82,   73.17,   60.72
09/05/2013 08:20:00,   59.98,   63.04,   56.39,   64.99,   67.89,   60.30
09/05/2013 08:25:00,   58.88,   61.53,   55.37,   62.97,   65.61,   59.15
09/05/2013 08:30:00,   60.86,   62.77,   56.99,   66.32,   69.66,   61.47
09/05/2013 08:35:00,   59.81,   62.13,   56.78,   63.42,   66.00,   60.15
09/05/2013 08:40:00,   63.73,   65.64,   56.91,   68.26,   73.47,   60.04
09/05/2013 08:45:00,   59.62,   61.89,   56.15,   65.74,   69.07,   60.43
09/05/2013 08:50:00,   59.07,   61.66,   55.84,   63.94,   66.80,   60.52
09/05/2013 08:55:00,   59.51,   61.48,   56.66,   65.37,   68.22,   61.35
09/05/2013 09:00:00,   60.09,   62.76,   56.73,   65.29,   68.73,   61.23
09/05/2013 09:05:00,   62.61,   64.80,   57.47,   69.27,   75.06,   60.90
09/05/2013 09:10:00,   62.45,   65.78,   57.47,   69.01,   74.83,   61.18
09/05/2013 09:15:00,   60.37,   62.93,   56.75,   66.12,   68.60,   61.92
09/05/2013 09:20:00,   60.85,   63.06,   56.47,   67.78,   73.05,   61.39
09/05/2013 09:25:00,   61.25,   65.11,   56.38,   67.75,   72.04,   60.90
09/05/2013 09:30:00,   60.71,   63.69,   57.07,   66.05,   69.56,   61.03
09/05/2013 09:35:00,   60.24,   62.07,   57.31,   64.22,   66.54,   60.53
09/05/2013 09:40:00,   61.65,   64.18,   57.89,   67.87,   72.72,   60.79
09/05/2013 09:45:00,   60.76,   63.30,   56.80,   64.73,   66.95,   60.73
09/05/2013 09:50:00,   60.86,   63.17,   57.48,   64.57,   66.53,   61.16
09/05/2013 09:55:00,   61.87,   63.44,   55.77,   65.76,   68.83,   60.30
09/05/2013 10:00:00,   59.97,   63.30,   55.70,   63.46,   66.56,   59.12
09/05/2013 10:05:00,   61.16,   63.62,   57.38,   65.09,   68.54,   60.61
09/05/2013 10:10:00,   59.72,   62.58,   55.61,   63.25,   65.81,   59.01
09/05/2013 10:15:00,   59.01,   61.99,   54.53,   61.38,   63.88,   58.45
09/05/2013 10:20:00,   60.40,   62.71,   56.69,   63.89,   66.44,   60.09
09/05/2013 10:25:00,   59.71,   62.41,   56.07,   62.50,   64.92,   59.41
09/05/2013 10:30:00,   60.28,   63.34,   54.64,   64.95,   69.28,   58.10
09/05/2013 10:35:00,   59.98,   62.93,   55.47,   63.62,   66.35,   58.76
09/05/2013 10:40:00,   59.96,   62.32,   55.71,   62.97,   65.17,   59.25
09/05/2013 10:45:00,   60.17,   62.70,   56.12,   63.32,   65.57,   60.00
09/05/2013 10:50:00,   60.67,   63.12,   55.86,   63.68,   65.88,   60.12
09/05/2013 10:55:00,   59.42,   62.37,   55.50,   62.58,   64.86,   59.42
09/05/2013 11:00:00,   59.06,   61.66,   54.77,   63.10,   66.21,   58.28
09/05/2013 11:05:00,   58.93,   62.14,   54.40,   63.35,   66.55,   58.76
09/05/2013 11:10:00,   57.88,   60.66,   54.40,   62.06,   64.38,   58.95
09/05/2013 11:15:00,   59.16,   61.15,   55.22,   62.58,   64.71,   59.26
09/05/2013 11:20:00,   59.40,   61.92,   55.55,   63.10,   65.41,   59.67
09/05/2013 11:25:00,   60.58,   62.77,   56.87,   64.82,   67.70,   60.87
09/05/2013 11:30:00,   59.43,   61.66,   56.49,   63.10,   65.52,   59.60
09/05/2013 11:35:00,   58.73,   61.14,   54.94,   63.88,   67.06,   58.70
09/05/2013 11:40:00,   60.88,   62.59,   58.08,   65.61,   68.34,   61.10
09/05/2013 11:45:00,   60.52,   63.47,   56.48,   65.18,   68.65,   60.10
09/05/2013 11:50:00,   59.92,   62.54,   56.30,   64.27,   67.55,   59.66
09/05/2013 11:55:00,   59.98,   61.99,   55.83,   63.93,   66.15,   60.20
09/05/2013 12:00:00,   60.02,   62.99,   55.90,   64.18,   67.07,   59.93
09/05/2013 12:05:00,   59.89,   62.38,   55.83,   64.28,   66.00,   59.65
09/05/2013 12:10:00,   59.26,   61.65,   55.30,   62.61,   64.21,   58.82
09/05/2013 12:15:00,   59.85,   61.82,   56.81,   64.70,   67.78,   60.51
09/05/2013 12:20:00,   59.45,   61.22,   55.83,   63.44,   66.28,   60.08
09/05/2013 12:25:00,   59.18,   61.28,   54.82,   64.34,   65.55,   59.65
09/05/2013 12:30:00,   59.94,   62.42,   56.78,   65.16,   66.83,   60.76
09/05/2013 12:35:00,   59.24,   61.73,   55.16,   63.62,   65.17,   59.75
09/05/2013 12:40:00,   59.69,   61.93,   56.40,   64.79,   68.96,   60.02
09/05/2013 12:45:00,   59.56,   61.65,   56.61,   63.45,   66.25,   59.42
09/05/2013 12:50:00,   59.85,   62.19,   55.87,   63.10,   65.45,   59.90
09/05/2013 12:55:00,   59.35,   61.42,   56.06,   64.48,   67.05,   60.52
09/05/2013 13:00:00,   59.27,   61.48,   56.45,   63.53,   66.17,   60.69
09/05/2013 13:05:00,   57.28,   59.46,   54.06,   62.03,   64.54,   58.45
09/05/2013 13:10:00,   59.24,   61.49,   55.33,   64.05,   66.89,   59.10
09/05/2013 13:15:00,   62.78,   65.55,   58.90,   68.26,   72.04,   61.59
09/05/2013 13:20:00,   60.76,   62.67,   57.31,   65.84,   68.19,   60.66
09/05/2013 13:25:00,   61.39,   65.08,   56.44,   66.63,   70.22,   60.03
09/05/2013 13:30:00,   60.57,   62.64,   57.05,   64.33,   67.28,   60.50
09/05/2013 13:35:00,   60.07,   61.71,   57.28,   64.66,   67.45,   61.04
09/05/2013 13:40:00,   59.40,   61.39,   56.68,   64.51,   66.53,   61.20
09/05/2013 13:45:00,   59.87,   61.75,   56.73,   64.35,   66.25,   61.40
09/05/2013 13:50:00,   60.01,   61.80,   57.19,   64.63,   67.08,   61.60
09/05/2013 13:55:00,   59.60,   61.76,   56.03,   64.39,   67.20,   60.22
09/05/2013 14:00:00,   59.71,   61.79,   56.96,   63.52,   65.15,   60.69
09/05/2013 14:05:00,   59.44,   61.02,   56.83,   64.46,   66.98,   61.33
09/05/2013 14:10:00,   59.22,   61.35,   54.87,   63.53,   65.72,   59.08
09/05/2013 14:15:00,   60.08,   62.15,   56.91,   63.75,   65.33,   61.10
09/05/2013 14:20:00,   60.12,   62.79,   55.52,   64.11,   68.01,   59.56
09/05/2013 14:25:00,   59.44,   61.44,   55.82,   64.22,   66.40,   59.63
09/05/2013 14:30:00,   64.82,   63.43,   56.69,   67.21,   68.05,   60.43
09/05/2013 14:35:00,   64.03,   69.12,   58.63,   69.27,   73.13,   62.04
09/05/2013 14:40:00,   62.11,   64.59,   58.19,   66.41,   68.43,   62.05
09/05/2013 14:45:00,   61.36,   64.14,   57.87,   65.23,   67.67,   61.95
09/05/2013 14:50:00,   63.01,   64.68,   56.86,   65.69,   66.93,   61.63
09/05/2013 14:55:00,   59.94,   62.16,   56.32,   64.68,   67.77,   61.69
09/05/2013 15:00:00,   59.98,   62.32,   55.70,   64.24,   66.47,   60.61
09/05/2013 15:05:00,   60.05,   62.28,   56.34,   63.98,   66.55,   60.31
09/05/2013 15:10:00,   62.08,   64.82,   58.26,   66.83,   70.76,   61.81
09/05/2013 15:15:00,   60.81,   63.16,   57.44,   65.19,   67.57,   60.94
09/05/2013 15:20:00,   62.42,   64.27,   58.86,   66.78,   70.41,   61.92
09/05/2013 15:25:00,   61.13,   62.88,   57.83,   66.08,   69.24,   60.93
09/05/2013 15:30:00,   63.96,   67.20,   59.42,   68.74,   73.94,   62.37
09/05/2013 15:35:00,   63.16,   65.88,   59.50,   69.69,   75.47,   63.23
09/05/2013 15:40:00,   60.35,   62.49,   56.31,   64.71,   67.41,   59.90
09/05/2013 15:45:00,   61.31,   62.55,   58.05,   65.17,   67.30,   61.20
09/05/2013 15:50:00,   64.05,   67.91,   59.32,   69.11,   74.44,   62.87
09/05/2013 15:55:00,   61.66,   63.86,   57.88,   68.35,   73.80,   61.32
09/05/2013 16:00:00,   61.91,   65.07,   57.43,   66.58,   70.81,   60.65
09/05/2013 16:05:00,   62.19,   65.36,   58.06,   69.05,   74.51,   60.90
09/05/2013 16:10:00,   60.63,   62.41,   57.34,   65.45,   67.52,   60.98
09/05/2013 16:15:00,   62.07,   64.65,   56.70,   67.10,   71.59,   60.75
09/05/2013 16:20:00,   61.09,   62.81,   57.97,   66.92,   70.25,   61.35
09/05/2013 16:25:00,   62.43,   65.18,   57.12,   68.20,   71.48,   60.35
09/05/2013 16:30:00,   63.36,   65.53,   59.63,   69.19,   72.51,   62.36
09/05/2013 16:35:00,   61.63,   63.58,   58.31,   66.20,   68.15,   62.37
09/05/2013 16:40:00,   62.30,   63.72,   59.98,   65.50,   67.57,   62.61
09/05/2013 16:45:00,   63.06,   65.55,   59.11,   66.88,   69.76,   61.97
09/05/2013 16:50:00,   63.17,   66.24,   59.04,   66.66,   69.68,   61.91
09/05/2013 16:55:00,   62.36,   63.98,   59.35,   67.15,   70.34,   61.72
09/05/2013 17:00:00,   61.55,   63.14,   58.65,   65.57,   67.96,   61.80
09/05/2013 17:05:00,   62.45,   64.98,   57.87,   65.98,   68.79,   60.91
09/05/2013 17:10:00,   63.38,   65.70,   59.48,   65.19,   67.13,   61.90
09/05/2013 17:15:00,   63.25,   65.27,   60.17,   66.32,   69.05,   62.64
09/05/2013 17:20:00,   62.77,   65.08,   57.15,   66.52,   69.40,   60.32
09/05/2013 17:25:00,   63.38,   65.44,   59.75,   65.82,   67.88,   62.15
09/05/2013 17:30:00,   63.75,   65.51,   60.77,   67.55,   70.16,   63.33
09/05/2013 17:35:00,   62.43,   64.22,   57.45,   68.14,   72.31,   60.06
09/05/2013 17:40:00,   63.09,   64.97,   58.82,   68.89,   74.40,   62.71
09/05/2013 17:45:00,   62.32,   65.08,   57.70,   67.99,   73.56,   60.73
09/05/2013 17:50:00,   62.42,   64.87,   58.48,   68.31,   74.74,   61.34
09/05/2013 17:55:00,   61.01,   63.27,   57.01,   65.80,   69.56,   60.73
09/05/2013 18:00:00,   61.39,   63.69,   57.82,   66.10,   69.59,   61.62
09/05/2013 18:05:00,   60.29,   61.96,   57.34,   64.86,   67.06,   61.10
09/05/2013 18:10:00,   59.96,   61.73,   55.93,   64.13,   66.07,   60.39
09/05/2013 18:15:00,   62.54,   64.68,   58.38,   67.73,   70.70,   62.08
09/05/2013 18:20:00,   60.22,   62.10,   56.93,   64.46,   66.42,   60.59
09/05/2013 18:25:00,   62.64,   64.52,   58.82,   68.05,   72.63,   61.61
09/05/2013 18:30:00,   60.58,   62.57,   58.05,   64.64,   66.78,   61.33
09/05/2013 18:35:00,   60.39,   62.61,   57.32,   64.25,   66.62,   60.13
09/05/2013 18:40:00,   61.98,   64.02,   57.92,   67.88,   72.75,   61.96
09/05/2013 18:45:00,   63.88,   69.79,   57.82,   68.10,   74.46,   61.43
09/05/2013 18:50:00,   62.69,   64.71,   58.00,   67.88,   73.25,   61.30
09/05/2013 18:55:00,   60.94,   62.96,   57.72,   65.37,   69.03,   61.23
09/05/2013 19:00:00,   61.54,   63.43,   58.11,   66.89,   70.96,   61.38
09/05/2013 19:05:00,   61.95,   65.24,   57.83,   67.41,   71.28,   61.66
09/05/2013 19:10:00,   61.96,   63.79,   58.56,   67.91,   72.79,   62.26
09/05/2013 19:15:00,   61.02,   63.23,   57.07,   66.06,   69.20,   60.97
09/05/2013 19:20:00,   61.90,   64.27,   58.60,   66.35,   69.48,   61.92
09/05/2013 19:25:00,   61.92,   64.08,   57.58,   66.82,   70.01,   61.17
09/05/2013 19:30:00,   61.80,   63.82,   58.09,   67.11,   71.69,   60.67
09/05/2013 19:35:00,   61.36,   63.68,   56.93,   65.21,   68.83,   59.98
09/05/2013 19:40:00,   61.39,   63.27,   58.07,   65.63,   68.17,   61.62
09/05/2013 19:45:00,   60.90,   63.16,   57.18,   67.13,   70.46,   60.58
09/05/2013 19:50:00,   60.93,   63.75,   56.90,   65.45,   69.60,   59.40
09/05/2013 19:55:00,   61.19,   63.23,   57.72,   64.73,   66.51,   60.98
09/05/2013 20:00:00,   61.06,   64.00,   57.24,   65.94,   69.00,   60.75
09/05/2013 20:05:00,   60.29,   62.19,   57.01,   64.96,   67.72,   60.37
09/05/2013 20:10:00,   60.20,   62.03,   56.34,   65.32,   68.16,   59.38
09/05/2013 20:15:00,   59.90,   61.95,   57.27,   64.38,   67.77,   60.19
09/05/2013 20:20:00,   61.01,   62.96,   57.43,   65.89,   69.15,   60.51
09/05/2013 20:25:00,   60.22,   62.69,   56.65,   63.91,   66.55,   59.60
09/05/2013 20:30:00,   60.70,   63.12,   57.23,   65.28,   69.36,   59.85
09/05/2013 20:35:00,   60.01,   62.57,   56.57,   63.32,   65.82,   59.35
09/05/2013 20:40:00,   60.62,   62.61,   55.91,   65.08,   67.17,   58.73
09/05/2013 20:45:00,   60.54,   63.00,   56.85,   64.60,   68.19,   59.70
09/05/2013 20:50:00,   59.53,   62.02,   55.86,   64.00,   67.16,   59.56
09/05/2013 20:55:00,   61.15,   63.28,   56.98,   65.63,   68.72,   60.25
09/05/2013 21:00:00,   60.12,   62.69,   55.99,   65.10,   70.02,   58.61
09/05/2013 21:05:00,   59.80,   62.40,   56.00,   63.55,   66.10,   58.63
09/05/2013 21:10:00,   59.52,   61.72,   55.29,   63.47,   66.89,   58.29
09/05/2013 21:15:00,   59.13,   61.48,   55.93,   63.18,   65.18,   59.77
09/05/2013 21:20:00,   58.90,   61.42,   54.44,   63.66,   66.37,   58.26
09/05/2013 21:25:00,   59.34,   61.83,   55.54,   62.99,   65.11,   58.26
09/05/2013 21:30:00,   60.37,   62.85,   54.70,   66.28,   72.35,   58.95
09/05/2013 21:35:00,   58.93,   61.80,   54.94,   63.47,   66.68,   58.54
09/05/2013 21:40:00,   59.42,   62.13,   54.83,   64.50,   68.34,   58.23
09/05/2013 21:45:00,   59.10,   61.53,   55.16,   63.83,   67.25,   58.51
09/05/2013 21:50:00,   59.06,   61.46,   55.28,   64.14,   67.60,   58.73
09/05/2013 21:55:00,   58.22,   60.37,   55.00,   63.05,   66.28,   58.22
09/05/2013 22:00:00,   59.30,   62.31,   55.09,   64.53,   69.67,   57.97
09/05/2013 22:05:00,   59.25,   61.57,   54.57,   64.50,   67.92,   57.37
09/05/2013 22:10:00,   59.11,   62.11,   54.14,   64.20,   70.21,   57.03
09/05/2013 22:15:00,   57.19,   60.11,   53.90,   60.71,   63.24,   56.99
09/05/2013 22:20:00,   59.27,   62.31,   53.39,   65.48,   71.06,   56.90
09/05/2013 22:25:00,   56.94,   60.08,   52.70,   61.79,   66.14,   55.74
09/05/2013 22:30:00,   57.65,   60.38,   53.78,   62.92,   68.20,   56.85
09/05/2013 22:35:00,   57.38,   60.76,   52.76,   63.02,   67.03,   56.26
09/05/2013 22:40:00,   58.37,   61.09,   53.91,   62.55,   65.46,   57.14
09/05/2013 22:45:00,   57.39,   61.27,   51.13,   61.67,   65.42,   54.41
09/05/2013 22:50:00,   58.30,   61.00,   52.29,   64.35,   69.77,   55.74
09/05/2013 22:55:00,   55.20,   58.96,   50.51,   59.64,   63.49,   54.07
09/05/2013 23:00:00,   57.68,   60.79,   51.33,   63.01,   65.83,   55.25
09/05/2013 23:05:00,   56.40,   59.72,   51.78,   59.09,   62.30,   54.87
09/05/2013 23:10:00,   55.96,   59.63,   50.94,   58.49,   61.83,   54.03
09/05/2013 23:15:00,   56.60,   59.70,   51.06,   60.91,   63.89,   53.98
09/05/2013 23:20:00,   56.66,   60.38,   51.91,   61.53,   66.55,   55.03
09/05/2013 23:25:00,   55.61,   58.80,   51.09,   59.11,   61.92,   54.27
09/05/2013 23:30:00,   56.66,   59.72,   52.26,   60.86,   64.83,   55.78
09/05/2013 23:35:00,   55.83,   59.80,   50.78,   61.02,   64.82,   54.07
09/05/2013 23:40:00,   55.69,   58.71,   50.69,   58.83,   62.24,   53.67
09/05/2013 23:45:00,   55.76,   59.95,   48.87,   60.80,   64.69,   51.86
09/05/2013 23:50:00,   55.72,   59.92,   49.89,   60.16,   64.36,   53.59
09/05/2013 23:57:00,   53.58,   57.53,   47.76,   57.17,   60.56,   51.61

