# noise_analysis run from DCC-NOISE-001003 at Tue Jun  4 00:00:00 2013
# Monitoring unit located at 53.342609N 6.340721W
# logfile   = /home/root/noise_analysis.log
# cfg_dir   = /home/root/config
# outputdir = /home/root/noise
# Sensitivity = -26.271103
# Gain = 1.000000
# Time should be in local format (i.e. daylight savings time)
# dd/mm/yyyy hh:mm:ss, A Leq,   A L10,   A L95,   C Leq,   C L10,   C L95
04/06/2013 00:05:00,   51.28,   56.39,   43.44,   53.87,   58.89,   47.00
04/06/2013 00:10:00,   51.88,   58.17,   40.50,   54.01,   59.42,   45.24
04/06/2013 00:15:00,   50.88,   56.22,   40.83,   53.53,   58.34,   43.75
04/06/2013 00:20:00,   51.80,   57.64,   41.75,   54.15,   59.07,   45.47
04/06/2013 00:25:00,   50.43,   57.36,   39.49,   52.35,   59.48,   42.83
04/06/2013 00:30:00,   52.05,   58.84,   41.05,   53.66,   59.88,   44.06
04/06/2013 00:35:00,   50.36,   56.98,   39.35,   52.57,   58.64,   43.48
04/06/2013 00:40:00,   50.63,   57.05,   41.01,   52.74,   58.49,   44.48
04/06/2013 00:45:00,   51.77,   57.14,   40.93,   54.13,   58.73,   44.27
04/06/2013 00:50:00,   50.07,   55.98,   39.52,   52.24,   57.62,   43.06
04/06/2013 00:55:00,   50.51,   55.94,   40.71,   52.69,   57.28,   44.18
04/06/2013 01:00:00,   48.96,   56.42,   38.43,   51.95,   58.49,   41.81
04/06/2013 01:05:00,   47.20,   54.89,   37.13,   49.69,   56.88,   41.09
04/06/2013 01:10:00,   51.22,   56.77,   38.85,   53.34,   58.21,   42.99
04/06/2013 01:15:00,   52.82,   58.47,   42.05,   55.24,   60.11,   45.20
04/06/2013 01:20:00,   50.42,   55.95,   40.66,   52.84,   58.59,   43.95
04/06/2013 01:25:00,   51.73,   58.40,   41.60,   53.56,   59.73,   44.83
04/06/2013 01:30:00,   47.49,   54.09,   38.67,   50.06,   56.03,   42.36
04/06/2013 01:35:00,   48.47,   55.54,   38.63,   50.99,   57.35,   42.64
04/06/2013 01:40:00,   49.41,   57.30,   37.91,   51.27,   58.44,   41.94
04/06/2013 01:45:00,   49.80,   56.12,   39.89,   52.40,   57.54,   43.97
04/06/2013 01:50:00,   47.46,   54.82,   37.17,   49.71,   56.20,   40.49
04/06/2013 01:55:00,   47.12,   55.35,   37.03,   49.30,   56.33,   41.28
04/06/2013 02:00:00,   48.26,   55.51,   37.07,   50.18,   56.78,   40.74
04/06/2013 02:05:00,   47.18,   55.29,   36.40,   49.16,   56.72,   40.80
04/06/2013 02:10:00,   44.89,   52.73,   35.24,   47.16,   54.30,   40.30
04/06/2013 02:15:00,   46.17,   53.74,   35.87,   48.45,   55.16,   40.28
04/06/2013 02:20:00,   46.32,   55.10,   35.59,   48.35,   56.13,   40.55
04/06/2013 02:25:00,   46.32,   54.01,   37.17,   48.61,   55.65,   41.49
04/06/2013 02:30:00,   45.35,   53.07,   36.01,   47.62,   53.79,   40.87
04/06/2013 02:35:00,   43.44,   49.00,   35.05,   46.51,   52.39,   40.64
04/06/2013 02:40:00,   47.28,   56.66,   36.91,   49.00,   56.94,   41.12
04/06/2013 02:45:00,   45.73,   52.19,   36.07,   48.53,   54.48,   40.66
04/06/2013 02:50:00,   42.75,   48.02,   35.75,   45.81,   50.40,   40.20
04/06/2013 02:55:00,   44.91,   53.06,   37.01,   47.47,   54.59,   40.96
04/06/2013 03:00:00,   45.46,   52.80,   35.83,   48.51,   56.16,   40.56
04/06/2013 03:05:00,   45.82,   53.54,   37.43,   48.38,   56.36,   41.04
04/06/2013 03:10:00,   43.50,   50.01,   36.04,   46.66,   52.32,   40.87
04/06/2013 03:15:00,   40.00,   43.93,   35.37,   43.99,   46.84,   39.97
04/06/2013 03:20:00,   41.87,   45.55,   35.13,   44.60,   47.76,   39.52
04/06/2013 03:25:00,   43.32,   48.76,   34.05,   45.60,   50.34,   38.74
04/06/2013 03:30:00,   41.90,   48.85,   35.23,   44.97,   51.16,   39.14
04/06/2013 03:35:00,   44.65,   52.33,   34.95,   48.06,   54.95,   39.17
04/06/2013 03:40:00,   43.29,   51.18,   33.90,   45.43,   52.39,   38.10
04/06/2013 03:45:00,   46.61,   54.88,   35.50,   48.90,   56.65,   39.58
04/06/2013 03:50:00,   46.03,   52.40,   36.56,   48.00,   53.58,   40.44
04/06/2013 03:55:00,   51.14,   56.04,   40.25,   51.66,   56.73,   42.92
04/06/2013 04:00:00,   51.82,   57.99,   40.41,   51.78,   57.97,   42.98
04/06/2013 04:05:00,   52.82,   59.58,   40.29,   52.39,   58.37,   42.36
04/06/2013 04:10:00,   53.58,   59.57,   41.09,   53.49,   59.49,   43.30
04/06/2013 04:15:00,   52.47,   59.45,   39.82,   51.97,   58.13,   43.01
04/06/2013 04:20:00,   49.14,   56.12,   40.21,   49.25,   55.36,   43.50
04/06/2013 04:25:00,   52.35,   58.60,   41.19,   52.01,   57.59,   43.67
04/06/2013 04:30:00,   51.63,   59.21,   40.57,   52.91,   60.20,   43.13
04/06/2013 04:35:00,   49.61,   54.55,   41.12,   51.95,   58.07,   44.51
04/06/2013 04:40:00,   51.33,   58.03,   41.32,   51.76,   57.55,   44.02
04/06/2013 04:45:00,   49.58,   57.79,   40.36,   50.29,   57.22,   43.48
04/06/2013 04:50:00,   47.54,   52.61,   40.66,   48.94,   53.34,   43.54
04/06/2013 04:55:00,   48.77,   55.43,   40.43,   50.99,   57.41,   43.81
04/06/2013 05:00:00,   52.43,   57.20,   43.80,   52.60,   57.48,   46.53
04/06/2013 05:05:00,   50.48,   54.12,   42.49,   52.30,   56.69,   45.15
04/06/2013 05:10:00,   49.35,   54.92,   42.48,   50.43,   55.29,   45.22
04/06/2013 05:15:00,   49.10,   53.99,   43.23,   51.12,   55.70,   46.63
04/06/2013 05:20:00,   49.69,   54.96,   42.40,   51.42,   56.49,   45.85
04/06/2013 05:25:00,   50.52,   55.30,   43.60,   52.99,   58.11,   46.64
04/06/2013 05:30:00,   50.77,   55.15,   44.44,   52.67,   56.34,   47.77
04/06/2013 05:35:00,   51.41,   55.46,   43.71,   54.18,   57.86,   47.89
04/06/2013 05:40:00,   53.75,   60.73,   44.40,   55.40,   61.29,   48.00
04/06/2013 05:45:00,   52.66,   58.31,   44.49,   54.56,   59.41,   48.25
04/06/2013 05:50:00,   52.49,   58.23,   44.67,   54.74,   60.05,   48.41
04/06/2013 05:55:00,   51.53,   57.59,   43.48,   53.65,   58.94,   47.36
04/06/2013 06:00:00,   50.14,   56.28,   42.32,   52.47,   57.09,   46.97
04/06/2013 06:05:00,   49.14,   54.64,   42.46,   52.90,   58.00,   47.13
04/06/2013 06:10:00,   50.45,   57.18,   43.73,   53.41,   58.80,   48.20
04/06/2013 06:15:00,   51.76,   57.64,   43.60,   54.26,   59.83,   47.08
04/06/2013 06:20:00,   51.34,   56.19,   45.23,   54.26,   59.05,   49.04
04/06/2013 06:25:00,   52.72,   58.46,   45.50,   55.67,   60.66,   48.91
04/06/2013 06:30:00,   50.73,   55.47,   44.65,   54.02,   57.83,   48.38
04/06/2013 06:35:00,   52.25,   56.98,   45.53,   57.39,   61.21,   50.99
04/06/2013 06:40:00,   52.38,   57.12,   46.55,   56.85,   62.79,   49.75
04/06/2013 06:45:00,   54.38,   59.30,   46.54,   58.61,   63.16,   50.41
04/06/2013 06:50:00,   53.06,   57.34,   46.46,   55.98,   59.90,   49.83
04/06/2013 06:55:00,   53.69,   58.41,   46.19,   57.98,   62.80,   50.60
04/06/2013 07:00:00,   53.46,   58.58,   46.28,   56.94,   61.33,   49.47
04/06/2013 07:05:00,   53.66,   57.95,   46.57,   57.73,   62.67,   50.42
04/06/2013 07:10:00,   53.77,   57.55,   45.25,   58.02,   61.59,   49.62
04/06/2013 07:15:00,   56.34,   61.74,   50.23,   61.20,   67.39,   54.40
04/06/2013 07:20:00,   56.01,   59.60,   49.30,   61.42,   64.93,   54.67
04/06/2013 07:25:00,   54.72,   58.32,   49.12,   59.18,   61.70,   54.19
04/06/2013 07:30:00,   57.55,   62.39,   49.34,   61.73,   67.32,   54.20
04/06/2013 07:35:00,   56.17,   60.90,   47.51,   60.02,   63.38,   52.83
04/06/2013 07:40:00,   55.83,   60.09,   48.49,   59.21,   62.76,   52.37
04/06/2013 07:45:00,   56.04,   59.62,   47.35,   59.81,   63.52,   52.47
04/06/2013 07:50:00,   56.27,   59.32,   49.72,   59.36,   62.33,   54.01
04/06/2013 07:55:00,   54.66,   58.75,   48.52,   58.94,   62.82,   53.73
04/06/2013 08:00:00,   55.65,   59.57,   49.59,   61.00,   64.71,   54.83
04/06/2013 08:05:00,   55.39,   59.57,   49.07,   60.35,   64.53,   53.43
04/06/2013 08:10:00,   56.89,   60.38,   50.62,   60.49,   64.20,   55.48
04/06/2013 08:15:00,   55.97,   59.92,   49.04,   60.18,   64.49,   53.89
04/06/2013 08:20:00,   56.02,   59.64,   50.69,   61.04,   64.40,   55.12
04/06/2013 08:25:00,   56.89,   60.52,   48.13,   61.56,   65.17,   55.13
04/06/2013 08:30:00,   54.90,   58.38,   46.61,   60.01,   64.93,   51.52
04/06/2013 08:35:00,   54.84,   58.49,   47.21,   59.11,   62.52,   53.88
04/06/2013 08:40:00,   54.09,   58.25,   46.69,   58.70,   62.85,   51.64
04/06/2013 08:45:00,   54.93,   58.35,   49.21,   60.58,   64.49,   55.39
04/06/2013 08:50:00,   54.55,   59.14,   48.56,   59.06,   62.32,   54.55
04/06/2013 08:55:00,   55.17,   58.80,   47.36,   59.51,   62.49,   53.49
04/06/2013 09:00:00,   56.10,   58.96,   51.13,   60.85,   64.03,   55.51
04/06/2013 09:05:00,   54.69,   58.74,   47.12,   58.91,   62.16,   52.61
04/06/2013 09:10:00,   55.22,   58.79,   47.44,   60.08,   63.23,   52.92
04/06/2013 09:15:00,   54.94,   59.08,   48.07,   59.77,   63.15,   54.83
04/06/2013 09:20:00,   55.19,   58.20,   49.34,   61.06,   64.63,   55.42
04/06/2013 09:25:00,   54.54,   57.77,   48.78,   59.59,   62.58,   54.47
04/06/2013 09:30:00,   54.89,   59.04,   47.26,   58.85,   62.72,   52.53
04/06/2013 09:35:00,   56.76,   60.31,   48.84,   60.69,   64.86,   55.09
04/06/2013 09:40:00,   54.13,   57.92,   48.07,   59.36,   62.52,   55.09
04/06/2013 09:45:00,   56.60,   60.86,   49.42,   62.24,   66.63,   55.68
04/06/2013 09:50:00,   55.75,   58.71,   49.53,   60.08,   62.63,   55.61
04/06/2013 09:55:00,   54.96,   58.78,   48.69,   59.43,   62.55,   54.36
04/06/2013 10:00:00,   55.64,   58.99,   49.02,   60.10,   62.96,   54.69
04/06/2013 10:05:00,   56.65,   60.58,   49.58,   60.97,   64.20,   55.74
04/06/2013 10:10:00,   54.17,   58.48,   46.68,   58.97,   62.75,   53.34
04/06/2013 10:15:00,   54.88,   58.26,   47.49,   59.58,   62.30,   53.60
04/06/2013 10:20:00,   55.49,   59.20,   47.03,   60.43,   64.53,   53.46
04/06/2013 10:25:00,   54.89,   58.78,   47.85,   60.02,   63.73,   53.72
04/06/2013 10:30:00,   59.49,   63.01,   47.49,   63.22,   67.36,   54.02
04/06/2013 10:35:00,   56.31,   61.92,   48.15,   64.11,   70.91,   53.93
04/06/2013 10:40:00,   53.72,   56.68,   48.01,   59.28,   62.40,   54.59
04/06/2013 10:45:00,   56.79,   61.00,   49.37,   61.76,   64.55,   54.89
04/06/2013 10:50:00,   61.18,   61.84,   49.51,   64.11,   66.94,   55.81
04/06/2013 10:55:00,   55.63,   59.17,   48.89,   61.52,   63.74,   55.91
04/06/2013 11:00:00,   55.00,   58.29,   48.30,   60.08,   63.32,   54.82
04/06/2013 11:05:00,   54.68,   58.16,   48.38,   60.28,   64.86,   54.65
04/06/2013 11:10:00,   53.95,   57.48,   46.93,   60.40,   64.16,   55.10
04/06/2013 11:15:00,   55.41,   58.79,   48.55,   60.38,   63.82,   55.54
04/06/2013 11:20:00,   55.09,   58.06,   48.96,   61.38,   64.64,   56.43
04/06/2013 11:25:00,   56.19,   58.86,   49.36,   61.48,   65.26,   53.75
04/06/2013 11:30:00,   54.46,   57.80,   47.47,   59.28,   62.08,   53.79
04/06/2013 11:35:00,   54.62,   58.08,   49.27,   60.51,   63.36,   55.66
04/06/2013 11:40:00,   55.19,   58.48,   47.86,   59.57,   62.32,   53.26
04/06/2013 11:45:00,   54.34,   57.98,   46.75,   60.41,   64.20,   53.68
04/06/2013 11:50:00,   54.86,   58.08,   47.61,   60.84,   66.48,   53.17
04/06/2013 11:55:00,   55.57,   58.81,   48.43,   60.40,   63.22,   54.28
04/06/2013 12:00:00,   57.98,   60.99,   51.63,   61.82,   64.96,   58.06
04/06/2013 12:05:00,   57.91,   59.85,   54.26,   60.18,   62.21,   56.22
04/06/2013 12:10:00,   57.78,   59.86,   54.39,   60.68,   63.47,   56.51
04/06/2013 12:15:00,   54.64,   58.29,   48.60,   59.85,   62.71,   54.52
04/06/2013 12:20:00,   53.46,   56.25,   47.68,   59.16,   62.02,   54.44
04/06/2013 12:25:00,   53.82,   56.90,   48.04,   60.12,   63.58,   55.85
04/06/2013 12:30:00,   54.80,   58.01,   48.17,   60.70,   63.72,   54.08
04/06/2013 12:35:00,   56.02,   59.84,   49.14,   60.51,   63.38,   54.34
04/06/2013 12:40:00,   53.48,   56.81,   45.67,   58.92,   62.08,   52.14
04/06/2013 12:45:00,   54.39,   57.70,   47.67,   59.97,   63.01,   54.92
04/06/2013 12:50:00,   54.15,   56.93,   48.28,   60.11,   62.95,   55.06
04/06/2013 12:55:00,   55.05,   58.31,   47.97,   60.23,   62.70,   53.21
04/06/2013 13:00:00,   56.52,   58.94,   51.00,   60.75,   62.74,   56.48
04/06/2013 13:05:00,   55.38,   58.26,   49.51,   61.04,   63.32,   55.89
04/06/2013 13:10:00,   54.67,   57.54,   49.54,   59.01,   61.81,   54.67
04/06/2013 13:15:00,   53.53,   56.63,   48.22,   58.74,   61.84,   54.35
04/06/2013 13:20:00,   55.11,   57.80,   50.17,   59.95,   62.71,   55.67
04/06/2013 13:25:00,   55.58,   59.25,   50.26,   62.48,   65.92,   57.15
04/06/2013 13:30:00,   54.42,   57.69,   48.44,   59.63,   62.90,   54.10
04/06/2013 13:35:00,   53.69,   56.99,   46.87,   58.47,   62.03,   52.21
04/06/2013 13:40:00,   54.40,   57.45,   49.56,   59.14,   61.63,   55.08
04/06/2013 13:45:00,   54.32,   57.62,   49.26,   60.38,   63.69,   55.80
04/06/2013 13:50:00,   55.80,   58.36,   49.42,   60.76,   63.24,   54.66
04/06/2013 13:55:00,   53.93,   57.61,   48.20,   60.01,   62.76,   54.82
04/06/2013 14:00:00,   54.05,   57.34,   48.90,   59.79,   62.79,   54.82
04/06/2013 14:05:00,   54.01,   56.95,   49.17,   59.30,   62.24,   54.46
04/06/2013 14:10:00,   53.96,   56.90,   48.76,   58.85,   61.56,   54.24
04/06/2013 14:15:00,   53.45,   57.16,   48.28,   59.50,   62.70,   55.82
04/06/2013 14:20:00,   54.41,   57.39,   50.52,   60.71,   63.47,   56.01
04/06/2013 14:25:00,   54.05,   57.00,   48.53,   59.48,   62.11,   54.69
04/06/2013 14:30:00,   53.52,   57.43,   48.35,   58.55,   61.40,   53.03
04/06/2013 14:35:00,   53.53,   56.83,   48.69,   61.78,   64.98,   55.73
04/06/2013 14:40:00,   54.36,   57.31,   47.77,   61.80,   65.50,   55.05
04/06/2013 14:45:00,   54.80,   57.76,   50.35,   60.69,   63.15,   56.65
04/06/2013 14:50:00,   55.22,   58.39,   49.28,   60.44,   63.43,   55.56
04/06/2013 14:55:00,   53.47,   55.93,   49.05,   59.29,   61.37,   56.42
04/06/2013 15:00:00,   54.89,   57.98,   49.65,   61.53,   65.11,   56.30
04/06/2013 15:05:00,   54.08,   57.19,   49.24,   60.31,   63.11,   55.93
04/06/2013 15:10:00,   54.29,   57.07,   47.65,   59.78,   62.97,   53.73
04/06/2013 15:15:00,   54.07,   57.19,   48.25,   60.14,   62.75,   53.79
04/06/2013 15:20:00,   54.88,   57.11,   50.63,   61.70,   63.97,   57.05
04/06/2013 15:25:00,   53.23,   56.82,   45.80,   59.00,   62.73,   52.76
04/06/2013 15:30:00,   54.54,   57.22,   48.29,   59.38,   62.00,   53.90
04/06/2013 15:35:00,   54.67,   57.64,   48.18,   59.80,   63.25,   52.95
04/06/2013 15:40:00,   54.20,   57.32,   47.41,   59.01,   61.88,   53.67
04/06/2013 15:45:00,   53.31,   56.72,   48.01,   59.58,   62.53,   54.09
04/06/2013 15:50:00,   53.62,   57.27,   47.88,   60.11,   63.85,   54.37
04/06/2013 15:55:00,   55.86,   58.51,   49.26,   61.50,   65.85,   55.78
04/06/2013 16:00:00,   53.94,   57.51,   47.53,   58.44,   62.43,   53.28
04/06/2013 16:05:00,   54.73,   57.52,   48.37,   59.35,   61.79,   53.21
04/06/2013 16:10:00,   54.98,   58.67,   47.88,   60.01,   64.21,   52.68
04/06/2013 16:15:00,   55.92,   59.61,   47.68,   60.74,   64.93,   53.70
04/06/2013 16:20:00,   54.28,   57.75,   45.92,   59.06,   62.58,   50.63
04/06/2013 16:25:00,   54.62,   57.79,   46.60,   59.05,   62.51,   53.37
04/06/2013 16:30:00,   57.38,   62.36,   50.41,   61.96,   66.66,   55.62
04/06/2013 16:35:00,   54.50,   57.79,   48.45,   58.59,   61.64,   52.92
04/06/2013 16:40:00,   53.74,   57.10,   46.05,   58.32,   61.63,   50.48
04/06/2013 16:45:00,   55.47,   58.09,   47.24,   60.70,   63.41,   54.62
04/06/2013 16:50:00,   55.09,   58.37,   47.46,   60.11,   64.32,   53.42
04/06/2013 16:55:00,   54.69,   57.44,   48.39,   59.22,   62.09,   54.02
04/06/2013 17:00:00,   54.98,   57.80,   48.99,   59.43,   62.62,   54.00
04/06/2013 17:05:00,   55.39,   58.37,   48.16,   61.86,   65.25,   55.80
04/06/2013 17:10:00,   54.84,   58.30,   48.55,   60.19,   63.72,   54.15
04/06/2013 17:15:00,   55.48,   58.18,   50.32,   59.65,   61.77,   55.92
04/06/2013 17:20:00,   56.79,   59.44,   49.87,   62.06,   66.50,   55.43
04/06/2013 17:25:00,   56.16,   58.11,   48.33,   61.02,   64.42,   54.10
04/06/2013 17:30:00,   54.92,   57.85,   49.39,   59.19,   61.44,   55.43
04/06/2013 17:35:00,   55.57,   57.94,   48.90,   60.09,   62.86,   54.18
04/06/2013 17:40:00,   54.55,   57.56,   48.01,   59.26,   62.00,   54.99
04/06/2013 17:45:00,   54.01,   57.39,   45.33,   58.94,   62.75,   50.58
04/06/2013 17:50:00,   54.29,   57.65,   48.84,   59.09,   61.85,   54.16
04/06/2013 17:55:00,   56.22,   59.44,   49.31,   60.01,   62.66,   55.97
04/06/2013 18:00:00,   56.52,   59.01,   52.56,   59.10,   61.54,   53.53
04/06/2013 18:05:00,   57.52,   59.89,   53.51,   61.36,   63.74,   54.99
04/06/2013 18:10:00,   54.94,   58.46,   47.38,   59.88,   63.22,   52.66
04/06/2013 18:15:00,   55.01,   58.07,   48.93,   59.76,   62.70,   53.30
04/06/2013 18:20:00,   53.57,   57.05,   46.40,   58.26,   60.96,   53.30
04/06/2013 18:25:00,   54.40,   58.14,   46.79,   58.26,   61.41,   51.69
04/06/2013 18:30:00,   54.70,   58.50,   46.34,   59.05,   61.81,   51.25
04/06/2013 18:35:00,   54.84,   58.07,   48.07,   59.77,   63.12,   54.75
04/06/2013 18:40:00,   54.37,   57.83,   46.23,   58.47,   61.85,   53.00
04/06/2013 18:45:00,   54.08,   57.62,   47.73,   58.41,   61.47,   53.06
04/06/2013 18:50:00,   53.28,   56.73,   46.42,   58.35,   61.39,   52.20
04/06/2013 18:55:00,   53.15,   56.90,   45.26,   57.90,   60.88,   51.18
04/06/2013 19:00:00,   54.49,   58.04,   47.18,   59.50,   63.43,   52.43
04/06/2013 19:05:00,   55.41,   59.76,   47.01,   60.62,   65.45,   54.02
04/06/2013 19:10:00,   54.44,   58.06,   47.19,   59.52,   63.92,   53.05
04/06/2013 19:15:00,   53.69,   57.61,   46.17,   58.07,   61.26,   51.18
04/06/2013 19:20:00,   54.66,   57.86,   48.60,   58.59,   61.24,   53.16
04/06/2013 19:25:00,   54.07,   58.10,   45.64,   58.26,   61.45,   49.77
04/06/2013 19:30:00,   53.20,   57.56,   43.33,   57.99,   61.26,   49.01
04/06/2013 19:35:00,   54.93,   59.14,   45.83,   58.71,   62.77,   49.98
04/06/2013 19:40:00,   54.54,   58.93,   46.07,   57.66,   61.67,   50.00
04/06/2013 19:45:00,   55.03,   58.93,   46.46,   58.46,   61.58,   51.15
04/06/2013 19:50:00,   54.00,   56.96,   48.08,   58.80,   62.94,   51.14
04/06/2013 19:55:00,   55.23,   58.68,   46.61,   58.43,   61.22,   51.84
04/06/2013 20:00:00,   54.58,   59.09,   45.42,   58.72,   62.68,   50.91
04/06/2013 20:05:00,   54.06,   57.11,   48.17,   58.71,   61.54,   53.03
04/06/2013 20:10:00,   55.91,   59.60,   45.84,   60.44,   63.90,   52.70
04/06/2013 20:15:00,   52.30,   56.90,   42.83,   56.50,   60.68,   46.74
04/06/2013 20:20:00,   54.26,   57.64,   47.17,   57.16,   60.41,   50.79
04/06/2013 20:25:00,   54.45,   57.93,   46.60,   58.32,   61.96,   49.49
04/06/2013 20:30:00,   54.54,   57.94,   49.17,   58.01,   60.81,   53.51
04/06/2013 20:35:00,   53.24,   57.41,   44.24,   57.39,   60.91,   48.26
04/06/2013 20:40:00,   54.66,   58.21,   48.14,   57.70,   60.83,   52.41
04/06/2013 20:45:00,   54.33,   58.10,   45.80,   57.76,   60.76,   48.52
04/06/2013 20:50:00,   53.37,   57.44,   45.44,   57.09,   61.07,   49.73
04/06/2013 20:55:00,   52.90,   57.68,   47.30,   57.83,   60.97,   51.59
04/06/2013 21:00:00,   53.78,   57.28,   46.89,   57.85,   60.85,   52.45
04/06/2013 21:05:00,   54.48,   58.66,   46.47,   57.66,   60.82,   51.30
04/06/2013 21:10:00,   55.39,   58.18,   46.95,   59.56,   61.87,   50.44
04/06/2013 21:15:00,   54.94,   59.16,   46.61,   58.41,   62.31,   50.65
04/06/2013 21:20:00,   54.85,   58.71,   47.09,   58.66,   62.74,   51.53
04/06/2013 21:25:00,   53.81,   57.90,   45.01,   57.32,   61.30,   48.67
04/06/2013 21:30:00,   54.07,   58.65,   44.93,   56.42,   60.11,   48.80
04/06/2013 21:35:00,   52.91,   57.16,   45.01,   55.96,   59.86,   50.13
04/06/2013 21:40:00,   53.19,   57.55,   46.63,   57.24,   61.05,   52.11
04/06/2013 21:45:00,   55.04,   58.00,   47.44,   57.46,   60.66,   51.42
04/06/2013 21:50:00,   55.04,   58.80,   48.15,   58.02,   62.13,   51.41
04/06/2013 21:55:00,   54.95,   59.19,   45.49,   57.86,   61.33,   49.11
04/06/2013 22:00:00,   52.32,   57.06,   43.53,   55.21,   59.35,   47.61
04/06/2013 22:05:00,   54.97,   59.16,   46.81,   57.66,   61.09,   50.80
04/06/2013 22:10:00,   54.34,   58.75,   44.93,   56.83,   60.51,   49.42
04/06/2013 22:15:00,   52.96,   57.21,   44.45,   55.91,   58.98,   47.91
04/06/2013 22:20:00,   53.78,   58.66,   43.85,   58.19,   61.72,   47.83
04/06/2013 22:25:00,   53.54,   57.64,   43.78,   56.02,   60.33,   47.06
04/06/2013 22:30:00,   51.53,   57.42,   43.44,   54.86,   60.52,   47.76
04/06/2013 22:35:00,   52.79,   57.23,   43.14,   56.43,   60.54,   47.43
04/06/2013 22:40:00,   52.15,   56.83,   44.80,   54.80,   58.74,   48.33
04/06/2013 22:45:00,   51.29,   55.88,   42.35,   54.38,   58.18,   46.15
04/06/2013 22:50:00,   51.53,   55.91,   42.53,   54.62,   58.73,   46.04
04/06/2013 22:55:00,   52.17,   56.38,   43.16,   56.01,   60.52,   46.39
04/06/2013 23:00:00,   53.22,   57.76,   45.43,   56.37,   61.00,   48.35
04/06/2013 23:05:00,   51.40,   57.93,   41.54,   54.38,   60.20,   45.60
04/06/2013 23:10:00,   52.91,   58.56,   41.52,   55.46,   60.24,   45.07
04/06/2013 23:15:00,   53.09,   58.23,   42.05,   57.00,   61.63,   46.62
04/06/2013 23:20:00,   49.95,   56.29,   39.69,   53.09,   59.02,   43.90
04/06/2013 23:25:00,   50.04,   54.62,   41.53,   53.14,   57.40,   46.32
04/06/2013 23:30:00,   51.31,   55.96,   42.77,   55.34,   59.47,   46.84
04/06/2013 23:35:00,   51.74,   57.38,   42.38,   55.48,   61.19,   47.72
04/06/2013 23:40:00,   50.65,   56.05,   41.69,   53.88,   57.95,   45.62
04/06/2013 23:45:00,   48.94,   55.06,   40.11,   51.92,   57.60,   43.87
04/06/2013 23:50:00,   50.40,   55.66,   39.76,   52.95,   57.55,   43.72
04/06/2013 23:56:00,   49.58,   55.64,   38.29,   52.07,   57.06,   43.24

