# noise_analysis run from DCC-NOISE-001003 at Mon Mar 11 00:00:00 2013
# Monitoring unit located at 53.342609N 6.340721W
# logfile   = /home/root/noise_analysis.log
# cfg_dir   = /home/root/config
# outputdir = /home/root/noise
# Sensitivity = -26.271103
# Gain = 1.000000
# Time should be in local format (i.e. daylight savings time)
# dd/mm/yyyy hh:mm:ss, A Leq,   A L10,   A L95,   C Leq,   C L10,   C L95
11/03/2013 00:05:00,   62.21,   67.41,   52.77,   69.70,   75.46,   58.13
11/03/2013 00:10:00,   58.35,   63.08,   51.91,   64.56,   70.62,   56.27
11/03/2013 00:15:00,   56.86,   61.39,   48.50,   62.35,   66.99,   53.66
11/03/2013 00:20:00,   58.38,   63.09,   49.58,   64.49,   70.07,   55.09
11/03/2013 00:25:00,   58.92,   63.99,   48.00,   65.36,   71.68,   53.24
11/03/2013 00:30:00,   56.36,   61.00,   48.19,   61.83,   66.33,   53.28
11/03/2013 00:35:00,   57.13,   60.85,   48.31,   62.71,   67.90,   54.31
11/03/2013 00:40:00,   60.29,   65.22,   50.74,   66.88,   73.23,   55.99
11/03/2013 00:45:00,   59.55,   64.87,   51.14,   66.62,   73.64,   56.13
11/03/2013 00:50:00,   60.05,   65.96,   49.78,   66.72,   73.74,   54.17
11/03/2013 00:55:00,   62.97,   68.23,   52.44,   70.42,   76.52,   58.49
11/03/2013 01:00:00,   58.85,   64.10,   51.11,   65.01,   71.17,   55.98
11/03/2013 01:05:00,   60.01,   65.50,   48.35,   67.26,   74.03,   54.80
11/03/2013 01:10:00,   54.69,   59.51,   46.17,   58.74,   62.60,   50.32
11/03/2013 01:15:00,   56.91,   62.23,   47.57,   62.50,   67.87,   52.77
11/03/2013 01:20:00,   58.91,   65.30,   45.44,   65.98,   73.16,   50.69
11/03/2013 01:25:00,   58.31,   64.20,   47.17,   65.57,   72.18,   52.57
11/03/2013 01:30:00,   56.61,   61.44,   46.67,   62.81,   68.64,   51.73
11/03/2013 01:35:00,   54.92,   59.97,   46.24,   61.09,   66.28,   51.82
11/03/2013 01:40:00,   56.29,   61.77,   47.00,   62.81,   68.88,   51.62
11/03/2013 01:45:00,   53.97,   59.00,   45.51,   59.78,   64.26,   50.03
11/03/2013 01:50:00,   53.82,   59.28,   44.90,   60.73,   67.01,   50.18
11/03/2013 01:55:00,   57.20,   62.30,   47.69,   64.20,   70.12,   52.82
11/03/2013 02:00:00,   58.65,   65.67,   49.66,   65.88,   73.37,   54.05
11/03/2013 02:05:00,   55.17,   60.88,   42.88,   62.14,   68.73,   48.78
11/03/2013 02:10:00,   56.20,   61.60,   46.30,   63.16,   69.96,   53.28
11/03/2013 02:15:00,   52.39,   59.28,   44.19,   58.13,   64.63,   49.64
11/03/2013 02:20:00,   54.07,   60.04,   43.09,   60.76,   66.73,   48.96
11/03/2013 02:25:00,   58.39,   64.97,   44.27,   65.30,   72.70,   48.90
11/03/2013 02:30:00,   59.86,   66.41,   48.28,   67.35,   73.98,   55.32
11/03/2013 02:35:00,   55.08,   60.12,   45.33,   62.21,   68.35,   49.89
11/03/2013 02:40:00,   53.47,   58.32,   45.49,   60.26,   65.72,   50.74
11/03/2013 02:45:00,   55.75,   61.27,   44.17,   62.83,   68.63,   51.16
11/03/2013 02:50:00,   54.59,   59.94,   46.34,   62.00,   67.98,   51.83
11/03/2013 02:55:00,   57.80,   63.67,   47.02,   65.52,   71.44,   53.89
11/03/2013 03:00:00,   54.51,   60.21,   42.59,   61.54,   66.74,   47.82
11/03/2013 03:05:00,   56.79,   63.67,   44.69,   64.91,   72.42,   51.24
11/03/2013 03:10:00,   51.70,   56.68,   44.03,   59.64,   65.42,   50.07
11/03/2013 03:15:00,   56.68,   62.82,   45.31,   63.79,   71.23,   51.46
11/03/2013 03:20:00,   54.59,   60.32,   44.50,   62.39,   68.10,   49.77
11/03/2013 03:25:00,   57.39,   63.33,   45.70,   64.89,   71.17,   51.86
11/03/2013 03:30:00,   57.65,   63.18,   47.01,   65.40,   72.38,   53.80
11/03/2013 03:35:00,   52.61,   58.87,   43.78,   59.51,   65.37,   50.04
11/03/2013 03:40:00,   51.16,   56.49,   44.50,   57.88,   63.25,   49.32
11/03/2013 03:45:00,   53.99,   60.63,   43.57,   61.41,   68.08,   48.72
11/03/2013 03:50:00,   50.27,   55.67,   43.25,   56.36,   61.36,   48.31
11/03/2013 03:55:00,   54.58,   59.88,   46.32,   61.43,   67.20,   51.55
11/03/2013 04:00:00,   54.06,   59.53,   44.88,   61.18,   67.23,   50.42
11/03/2013 04:05:00,   57.80,   65.49,   45.29,   65.74,   73.45,   50.96
11/03/2013 04:10:00,   60.07,   67.31,   47.15,   67.74,   75.37,   52.96
11/03/2013 04:15:00,   56.51,   62.73,   46.85,   64.23,   71.18,   52.79
11/03/2013 04:20:00,   56.53,   63.05,   47.66,   64.48,   71.60,   52.71
11/03/2013 04:25:00,   57.77,   63.07,   47.21,   65.38,   72.25,   52.28
11/03/2013 04:30:00,   55.74,   61.45,   46.25,   62.93,   69.53,   51.98
11/03/2013 04:35:00,   58.43,   64.48,   48.37,   66.36,   72.71,   54.19
11/03/2013 04:40:00,   51.22,   55.97,   43.52,   57.99,   64.00,   48.54
11/03/2013 04:45:00,   56.26,   62.63,   46.32,   64.12,   70.71,   51.54
11/03/2013 04:50:00,   57.01,   63.68,   46.98,   65.13,   71.97,   52.62
11/03/2013 04:55:00,   55.22,   61.98,   43.82,   62.61,   69.71,   48.77
11/03/2013 05:00:00,   56.51,   61.88,   46.91,   64.03,   70.20,   51.42
11/03/2013 05:05:00,   56.11,   62.06,   46.93,   62.93,   70.03,   51.48
11/03/2013 05:10:00,   52.18,   56.47,   45.21,   59.59,   64.97,   50.25
11/03/2013 05:15:00,   56.73,   62.56,   46.39,   64.30,   70.72,   52.89
11/03/2013 05:20:00,   56.85,   61.92,   46.28,   64.34,   70.64,   51.17
11/03/2013 05:25:00,   56.32,   62.34,   45.84,   64.13,   71.16,   51.04
11/03/2013 05:30:00,   50.74,   54.52,   44.97,   57.41,   61.89,   50.30
11/03/2013 05:35:00,   54.71,   60.27,   46.65,   61.50,   67.19,   52.22
11/03/2013 05:40:00,   57.92,   64.14,   48.17,   65.73,   72.38,   53.23
11/03/2013 05:45:00,   60.47,   66.95,   48.90,   67.96,   74.88,   55.08
11/03/2013 05:50:00,   54.64,   60.24,   44.99,   61.42,   67.20,   51.46
11/03/2013 05:55:00,   57.79,   63.02,   45.58,   63.53,   69.41,   49.19
11/03/2013 06:00:00,   54.88,   59.70,   47.34,   60.55,   65.05,   51.12
11/03/2013 06:05:00,   54.38,   60.03,   46.59,   60.64,   65.81,   52.44
11/03/2013 06:10:00,   58.58,   65.32,   47.47,   65.37,   72.98,   52.69
11/03/2013 06:15:00,   53.73,   59.06,   46.74,   60.58,   67.00,   51.87
11/03/2013 06:20:00,   55.50,   60.38,   46.83,   62.26,   68.77,   52.32
11/03/2013 06:25:00,   56.71,   61.61,   48.46,   63.45,   68.51,   53.52
11/03/2013 06:30:00,   56.85,   61.67,   47.88,   62.86,   69.21,   52.88
11/03/2013 06:35:00,   57.40,   61.90,   50.32,   64.30,   69.93,   55.53
11/03/2013 06:40:00,   58.38,   63.55,   50.47,   64.94,   72.03,   55.46
11/03/2013 06:45:00,   55.54,   59.74,   49.80,   61.57,   65.42,   55.70
11/03/2013 06:50:00,   58.16,   63.12,   50.72,   64.11,   70.11,   55.38
11/03/2013 06:55:00,   56.76,   60.45,   51.73,   62.53,   66.96,   56.19
11/03/2013 07:00:00,   57.59,   62.04,   51.99,   63.83,   69.20,   56.83
11/03/2013 07:05:00,   59.60,   63.31,   52.10,   65.37,   70.80,   57.11
11/03/2013 07:10:00,   58.91,   63.62,   52.22,   65.38,   71.65,   55.96
11/03/2013 07:15:00,   58.22,   62.11,   53.06,   64.70,   70.80,   56.74
11/03/2013 07:20:00,   58.39,   62.20,   52.27,   63.75,   68.49,   56.09
11/03/2013 07:25:00,   59.36,   63.29,   53.35,   63.64,   67.35,   57.01
11/03/2013 07:30:00,   60.21,   64.43,   53.81,   66.03,   71.49,   58.07
11/03/2013 07:35:00,   58.76,   61.73,   53.36,   62.75,   65.69,   57.69
11/03/2013 07:40:00,   57.85,   61.71,   53.02,   61.47,   64.32,   57.13
11/03/2013 07:45:00,   61.92,   65.84,   55.19,   67.44,   74.03,   59.18
11/03/2013 07:50:00,   60.64,   62.74,   55.83,   65.85,   69.44,   60.17
11/03/2013 07:55:00,   58.85,   63.07,   53.67,   63.98,   69.01,   57.85
11/03/2013 08:00:00,   58.15,   61.36,   54.06,   62.38,   65.02,   58.13
11/03/2013 08:05:00,   58.49,   62.10,   54.05,   63.08,   66.41,   59.18
11/03/2013 08:10:00,   58.56,   62.15,   53.74,   62.18,   64.98,   58.49
11/03/2013 08:15:00,   57.49,   61.05,   53.40,   61.28,   63.96,   58.05
11/03/2013 08:20:00,   58.24,   62.16,   53.39,   63.36,   67.06,   58.58
11/03/2013 08:25:00,   58.52,   62.27,   52.74,   63.79,   67.58,   57.71
11/03/2013 08:30:00,   60.15,   64.43,   53.87,   66.29,   71.58,   58.91
11/03/2013 08:35:00,   59.58,   62.63,   54.44,   65.52,   70.31,   59.69
11/03/2013 08:40:00,   58.58,   61.72,   53.45,   63.79,   67.68,   58.18
11/03/2013 08:45:00,   61.56,   65.12,   56.44,   67.36,   72.38,   61.20
11/03/2013 08:50:00,   61.68,   64.86,   56.32,   67.22,   71.84,   60.12
11/03/2013 08:55:00,   62.50,   66.67,   55.48,   68.62,   74.49,   59.92
11/03/2013 09:00:00,   61.93,   65.29,   57.76,   67.60,   72.61,   62.13
11/03/2013 09:05:00,   62.71,   66.49,   57.42,   68.09,   73.93,   61.28
11/03/2013 09:10:00,   60.38,   62.76,   55.97,   64.42,   66.87,   59.74
11/03/2013 09:15:00,   59.84,   62.79,   54.11,   64.32,   67.38,   59.23
11/03/2013 09:20:00,   58.93,   61.80,   54.35,   62.53,   65.02,   59.05
11/03/2013 09:25:00,   59.23,   62.10,   54.72,   62.54,   65.01,   58.79
11/03/2013 09:30:00,   59.33,   62.61,   53.87,   62.35,   64.78,   57.82
11/03/2013 09:35:00,   58.71,   62.24,   53.77,   62.27,   65.30,   58.35
11/03/2013 09:40:00,   61.21,   65.35,   54.05,   66.96,   72.21,   58.86
11/03/2013 09:45:00,   58.32,   61.77,   53.66,   61.43,   63.97,   57.76
11/03/2013 09:50:00,   59.70,   62.36,   55.06,   64.67,   68.19,   59.77
11/03/2013 09:55:00,   59.57,   62.74,   54.27,   64.22,   67.72,   58.96
11/03/2013 10:00:00,   59.57,   62.30,   55.44,   64.27,   67.77,   58.40
11/03/2013 10:05:00,   60.72,   64.51,   55.64,   66.93,   72.10,   60.13
11/03/2013 10:10:00,   58.48,   62.33,   53.72,   63.22,   66.55,   58.61
11/03/2013 10:15:00,   59.16,   62.55,   54.05,   63.63,   67.59,   58.07
11/03/2013 10:20:00,   60.13,   63.07,   54.29,   64.91,   68.96,   58.72
11/03/2013 10:25:00,   58.74,   61.76,   54.36,   62.12,   64.81,   58.00
11/03/2013 10:30:00,   59.53,   62.74,   54.94,   62.44,   65.33,   58.55
11/03/2013 10:35:00,   59.61,   63.14,   55.05,   64.40,   68.67,   59.00
11/03/2013 10:40:00,   60.72,   63.52,   55.27,   66.76,   71.31,   60.07
11/03/2013 10:45:00,   60.37,   63.59,   55.48,   65.60,   70.43,   60.07
11/03/2013 10:50:00,   59.53,   62.50,   55.68,   63.40,   65.77,   59.83
11/03/2013 10:55:00,   60.02,   63.52,   55.77,   64.63,   68.92,   59.89
11/03/2013 11:00:00,   61.05,   64.03,   56.62,   67.01,   70.31,   61.20
11/03/2013 11:05:00,   60.02,   63.25,   55.17,   64.65,   68.65,   58.82
11/03/2013 11:10:00,   60.26,   63.29,   55.33,   64.40,   67.10,   59.51
11/03/2013 11:15:00,   60.27,   63.31,   55.76,   64.73,   67.42,   59.69
11/03/2013 11:20:00,   59.46,   62.98,   54.33,   63.66,   66.67,   58.57
11/03/2013 11:25:00,   59.74,   62.95,   54.77,   63.84,   67.16,   58.64
11/03/2013 11:30:00,   59.71,   62.67,   55.09,   62.81,   65.58,   58.61
11/03/2013 11:35:00,   61.60,   64.14,   55.37,   66.85,   71.00,   59.80
11/03/2013 11:40:00,   60.45,   63.28,   55.43,   63.56,   66.56,   58.72
11/03/2013 11:45:00,   58.32,   62.01,   53.22,   61.42,   63.93,   57.25
11/03/2013 11:50:00,   60.01,   63.99,   53.78,   64.22,   68.78,   57.24
11/03/2013 11:55:00,   59.56,   62.73,   54.63,   64.35,   67.00,   58.38
11/03/2013 12:00:00,   61.20,   63.30,   57.95,   63.77,   66.00,   60.16
11/03/2013 12:05:00,   61.45,   63.78,   56.98,   65.13,   69.13,   60.35
11/03/2013 12:10:00,   60.28,   63.61,   54.60,   65.98,   70.85,   58.65
11/03/2013 12:15:00,   63.03,   64.73,   56.77,   65.35,   68.02,   59.68
11/03/2013 12:20:00,   60.50,   63.13,   56.78,   63.05,   65.58,   59.35
11/03/2013 12:25:00,   60.46,   62.97,   56.10,   63.32,   65.63,   58.43
11/03/2013 12:30:00,   62.11,   64.33,   55.17,   65.90,   70.07,   58.23
11/03/2013 12:35:00,   59.40,   62.69,   54.34,   63.78,   67.41,   58.17
11/03/2013 12:40:00,   60.37,   63.05,   55.61,   64.30,   67.56,   58.39
11/03/2013 12:45:00,   62.19,   64.29,   58.80,   66.09,   70.13,   60.28
11/03/2013 12:50:00,   63.25,   65.60,   58.97,   67.97,   72.06,   61.31
11/03/2013 12:55:00,   60.54,   63.34,   55.44,   64.87,   68.98,   59.46
11/03/2013 13:00:00,   60.78,   63.77,   55.65,   65.27,   69.71,   59.26
11/03/2013 13:05:00,   62.06,   65.27,   57.25,   66.28,   71.28,   59.87
11/03/2013 13:10:00,   59.52,   62.80,   53.89,   64.23,   67.96,   58.41
11/03/2013 13:15:00,   60.12,   64.09,   54.09,   66.41,   71.77,   59.04
11/03/2013 13:20:00,   62.36,   67.46,   55.78,   68.86,   74.79,   61.05
11/03/2013 13:25:00,   59.96,   62.94,   53.61,   65.46,   69.44,   58.51
11/03/2013 13:30:00,   59.29,   62.63,   54.26,   64.81,   68.83,   59.29
11/03/2013 13:35:00,   59.46,   63.12,   53.79,   64.95,   70.51,   58.06
11/03/2013 13:40:00,   59.19,   62.39,   54.57,   64.77,   68.88,   59.79
11/03/2013 13:45:00,   59.09,   61.65,   53.03,   62.96,   66.00,   57.79
11/03/2013 13:50:00,   62.48,   65.75,   57.71,   67.95,   72.81,   61.49
11/03/2013 13:55:00,   61.70,   64.69,   56.77,   65.75,   68.82,   60.32
11/03/2013 14:00:00,   59.99,   62.45,   55.66,   66.15,   69.71,   61.47
11/03/2013 14:05:00,   59.47,   62.40,   54.50,   64.39,   66.97,   60.42
11/03/2013 14:10:00,   61.23,   63.88,   55.79,   66.52,   71.74,   58.66
11/03/2013 14:15:00,   62.17,   66.78,   56.50,   68.06,   74.05,   60.78
11/03/2013 14:20:00,   60.73,   63.78,   56.99,   65.74,   70.30,   60.25
11/03/2013 14:25:00,   61.04,   63.81,   56.82,   65.29,   69.02,   59.66
11/03/2013 14:30:00,   60.66,   63.63,   55.71,   65.77,   70.69,   60.51
11/03/2013 14:35:00,   60.67,   63.31,   56.43,   65.27,   68.69,   60.22
11/03/2013 14:40:00,   61.91,   64.81,   57.13,   66.87,   70.53,   61.52
11/03/2013 14:45:00,   61.46,   64.33,   57.10,   65.28,   68.93,   60.49
11/03/2013 14:50:00,   60.67,   64.29,   54.34,   65.34,   70.52,   57.81
11/03/2013 14:55:00,   62.71,   65.71,   58.92,   67.31,   71.66,   61.36
11/03/2013 15:00:00,   61.30,   63.73,   57.39,   64.35,   66.65,   59.81
11/03/2013 15:05:00,   62.56,   66.48,   57.15,   67.49,   73.24,   59.20
11/03/2013 15:10:00,   61.54,   64.06,   56.34,   65.19,   67.99,   60.59
11/03/2013 15:15:00,   61.88,   64.19,   58.40,   66.27,   69.37,   61.57
11/03/2013 15:20:00,   60.50,   62.98,   55.48,   63.43,   66.29,   59.05
11/03/2013 15:25:00,   61.33,   63.73,   57.21,   64.31,   67.31,   59.79
11/03/2013 15:30:00,   61.41,   64.21,   56.87,   66.28,   71.32,   59.56
11/03/2013 15:35:00,   59.23,   62.10,   53.55,   64.23,   68.24,   57.72
11/03/2013 15:40:00,   59.54,   62.16,   55.26,   63.94,   66.78,   59.71
11/03/2013 15:45:00,   59.61,   62.68,   54.09,   65.14,   70.26,   59.05
11/03/2013 15:50:00,   61.98,   63.94,   58.39,   64.37,   66.56,   60.26
11/03/2013 15:55:00,   61.35,   63.46,   56.52,   63.43,   67.24,   58.66
11/03/2013 16:00:00,   63.34,   64.94,   61.24,   65.13,   67.45,   62.26
11/03/2013 16:05:00,   63.07,   64.93,   59.37,   66.32,   70.64,   60.73
11/03/2013 16:10:00,   64.36,   64.69,   58.94,   65.62,   67.03,   60.08
11/03/2013 16:15:00,   61.89,   63.72,   57.93,   64.04,   66.17,   60.62
11/03/2013 16:20:00,   62.49,   64.18,   60.00,   64.47,   67.59,   60.29
11/03/2013 16:25:00,   61.57,   63.82,   56.80,   65.22,   69.08,   58.84
11/03/2013 16:30:00,   61.60,   65.59,   54.88,   67.19,   72.48,   60.33
11/03/2013 16:35:00,   57.47,   60.43,   53.44,   62.10,   64.94,   57.41
11/03/2013 16:40:00,   57.94,   61.13,   52.86,   62.39,   64.96,   57.39
11/03/2013 16:45:00,   58.33,   60.84,   53.96,   63.28,   65.90,   58.70
11/03/2013 16:50:00,   58.37,   61.56,   53.12,   62.94,   66.32,   57.23
11/03/2013 16:55:00,   58.13,   61.44,   51.95,   61.77,   64.43,   57.10
11/03/2013 17:00:00,   59.13,   62.56,   51.51,   63.82,   68.69,   56.48
11/03/2013 17:05:00,   57.88,   61.74,   51.51,   61.63,   64.57,   56.80
11/03/2013 17:10:00,   58.56,   61.47,   53.60,   63.44,   66.62,   58.26
11/03/2013 17:15:00,   57.93,   61.00,   52.41,   62.44,   65.73,   57.10
11/03/2013 17:20:00,   59.20,   62.92,   52.70,   64.70,   70.52,   57.62
11/03/2013 17:25:00,   60.45,   63.93,   53.74,   65.78,   70.60,   58.58
11/03/2013 17:30:00,   59.63,   62.37,   53.92,   62.94,   65.57,   58.05
11/03/2013 17:35:00,   58.41,   61.22,   53.61,   62.07,   64.59,   57.78
11/03/2013 17:40:00,   59.13,   61.75,   55.85,   63.31,   65.45,   59.98
11/03/2013 17:45:00,   60.20,   63.20,   53.81,   64.60,   68.50,   58.04
11/03/2013 17:50:00,   58.29,   61.44,   53.89,   61.18,   63.91,   57.72
11/03/2013 17:55:00,   58.86,   61.89,   54.08,   61.53,   63.90,   57.73
11/03/2013 18:00:00,   58.44,   61.56,   52.37,   61.30,   63.93,   56.42
11/03/2013 18:05:00,   58.60,   62.12,   53.52,   61.09,   63.68,   57.24
11/03/2013 18:10:00,   59.94,   62.22,   55.33,   64.01,   67.23,   58.52
11/03/2013 18:15:00,   58.01,   60.50,   53.92,   61.92,   64.51,   58.04
11/03/2013 18:20:00,   59.17,   61.90,   53.62,   62.39,   64.75,   57.67
11/03/2013 18:25:00,   58.76,   62.51,   53.44,   61.64,   64.60,   57.19
11/03/2013 18:30:00,   58.99,   62.55,   54.21,   61.91,   64.65,   58.01
11/03/2013 18:35:00,   58.27,   62.02,   51.77,   60.82,   63.73,   55.68
11/03/2013 18:40:00,   58.36,   62.07,   53.92,   62.46,   65.52,   57.82
11/03/2013 18:45:00,   58.83,   62.33,   53.12,   61.96,   64.76,   57.16
11/03/2013 18:50:00,   57.38,   60.81,   51.22,   60.40,   63.34,   55.04
11/03/2013 18:55:00,   57.39,   62.14,   51.50,   60.59,   64.08,   55.35
11/03/2013 19:00:00,   58.55,   62.27,   52.19,   61.36,   64.09,   55.49
11/03/2013 19:05:00,   58.42,   61.94,   52.61,   61.90,   64.57,   56.92
11/03/2013 19:10:00,   59.12,   62.09,   53.50,   62.42,   65.08,   57.53
11/03/2013 19:15:00,   58.40,   62.15,   51.92,   62.74,   66.83,   56.37
11/03/2013 19:20:00,   57.74,   61.54,   50.83,   60.85,   64.22,   55.29
11/03/2013 19:25:00,   57.37,   61.08,   50.90,   60.13,   63.40,   54.25
11/03/2013 19:30:00,   57.24,   61.33,   50.40,   61.51,   65.70,   54.89
11/03/2013 19:35:00,   58.14,   62.04,   50.61,   61.80,   65.52,   54.96
11/03/2013 19:40:00,   57.96,   61.32,   51.95,   61.16,   63.98,   56.17
11/03/2013 19:45:00,   56.91,   60.71,   51.92,   61.61,   65.21,   55.87
11/03/2013 19:50:00,   57.05,   61.07,   50.18,   60.09,   63.72,   54.50
11/03/2013 19:55:00,   58.11,   61.32,   52.30,   62.54,   65.68,   56.39
11/03/2013 20:00:00,   57.21,   60.93,   50.71,   60.13,   62.99,   54.68
11/03/2013 20:05:00,   57.34,   61.08,   50.45,   60.95,   63.95,   54.79
11/03/2013 20:10:00,   57.56,   61.42,   51.07,   60.97,   64.71,   55.31
11/03/2013 20:15:00,   56.41,   60.11,   50.55,   59.58,   62.67,   54.44
11/03/2013 20:20:00,   56.20,   60.63,   49.32,   60.25,   64.08,   53.70
11/03/2013 20:25:00,   56.68,   60.56,   50.54,   59.93,   63.72,   54.19
11/03/2013 20:30:00,   55.88,   59.89,   49.64,   58.62,   62.47,   53.51
11/03/2013 20:35:00,   55.62,   59.85,   48.43,   58.88,   62.19,   53.55
11/03/2013 20:40:00,   56.82,   61.41,   49.90,   59.28,   62.96,   53.20
11/03/2013 20:45:00,   55.14,   59.53,   48.31,   58.15,   61.94,   52.56
11/03/2013 20:50:00,   56.12,   59.62,   49.90,   59.08,   62.62,   53.04
11/03/2013 20:55:00,   55.26,   60.31,   47.00,   58.85,   62.92,   51.73
11/03/2013 21:00:00,   54.83,   59.76,   47.17,   57.65,   61.45,   51.83
11/03/2013 21:05:00,   56.05,   60.75,   49.33,   58.97,   62.89,   53.12
11/03/2013 21:10:00,   55.52,   59.70,   48.15,   58.99,   62.73,   53.05
11/03/2013 21:15:00,   55.34,   59.79,   48.50,   58.73,   62.00,   53.74
11/03/2013 21:20:00,   55.84,   60.16,   49.38,   60.36,   64.90,   54.62
11/03/2013 21:25:00,   55.58,   59.08,   46.75,   58.86,   61.86,   51.73
11/03/2013 21:30:00,   57.33,   61.54,   50.64,   59.58,   63.46,   54.43
11/03/2013 21:35:00,   55.62,   59.65,   48.47,   58.80,   62.15,   52.27
11/03/2013 21:40:00,   54.44,   58.41,   48.64,   58.29,   62.11,   53.47
11/03/2013 21:45:00,   53.99,   59.96,   45.21,   56.64,   61.19,   49.65
11/03/2013 21:50:00,   55.02,   59.97,   47.86,   57.84,   62.32,   51.60
11/03/2013 21:55:00,   55.44,   60.03,   47.81,   58.77,   62.58,   51.39
11/03/2013 22:00:00,   55.96,   60.84,   48.38,   58.09,   62.19,   51.47
11/03/2013 22:05:00,   55.99,   60.79,   46.77,   59.28,   63.53,   51.21
11/03/2013 22:10:00,   54.92,   59.39,   47.40,   58.22,   61.46,   51.25
11/03/2013 22:15:00,   56.20,   59.68,   49.45,   59.75,   63.08,   53.80
11/03/2013 22:20:00,   54.43,   59.25,   45.98,   58.28,   62.73,   50.04
11/03/2013 22:25:00,   55.16,   60.89,   46.30,   58.11,   62.18,   50.22
11/03/2013 22:30:00,   53.18,   59.06,   45.11,   56.05,   60.63,   48.85
11/03/2013 22:35:00,   53.22,   59.28,   43.73,   57.45,   62.45,   48.51
11/03/2013 22:40:00,   53.95,   59.69,   45.95,   58.07,   63.41,   50.02
11/03/2013 22:45:00,   52.91,   57.83,   44.44,   56.09,   60.35,   49.59
11/03/2013 22:50:00,   54.35,   59.57,   45.32,   56.80,   60.85,   49.98
11/03/2013 22:55:00,   52.43,   58.32,   43.30,   55.38,   60.30,   47.15
11/03/2013 23:00:00,   49.63,   55.92,   41.29,   52.75,   57.66,   46.08
11/03/2013 23:05:00,   52.31,   58.38,   42.53,   55.01,   61.04,   46.02
11/03/2013 23:10:00,   52.76,   59.09,   43.98,   55.48,   60.46,   48.02
11/03/2013 23:15:00,   52.30,   57.89,   43.55,   55.91,   60.82,   48.44
11/03/2013 23:20:00,   51.38,   57.43,   40.91,   54.49,   59.12,   45.76
11/03/2013 23:25:00,   51.68,   57.57,   41.22,   53.87,   58.93,   45.67
11/03/2013 23:30:00,   51.92,   58.79,   41.47,   56.50,   62.21,   47.38
11/03/2013 23:35:00,   51.68,   57.87,   41.94,   55.55,   62.09,   46.87
11/03/2013 23:40:00,   51.11,   57.27,   41.21,   54.43,   59.64,   45.55
11/03/2013 23:45:00,   50.17,   55.20,   39.77,   53.20,   57.74,   45.00
11/03/2013 23:50:00,   50.28,   56.38,   41.15,   54.56,   60.81,   45.41
11/03/2013 23:56:00,   52.78,   57.74,   43.84,   56.00,   60.88,   47.13

