# noise_analysis run from DCC-NOISE-001003 at Thu Nov 21 00:00:00 2013
# Monitoring unit located at 53.342609N 6.340721W
# logfile   = /home/root/noise_analysis.log
# cfg_dir   = /home/root/config
# outputdir = /home/root/noise
# Sensitivity = -26.271103
# Gain = 1.000000
# Time should be in local format (i.e. daylight savings time)
# dd/mm/yyyy hh:mm:ss, A Leq,   A L10,   A L95,   C Leq,   C L10,   C L95
21/11/2013 00:05:00,   53.32,   58.36,   47.13,   55.77,   59.62,   51.22
21/11/2013 00:10:00,   53.89,   58.06,   47.99,   56.55,   60.23,   51.84
21/11/2013 00:15:00,   54.31,   58.56,   46.82,   57.28,   61.21,   51.32
21/11/2013 00:20:00,   51.60,   57.45,   44.67,   54.05,   59.00,   48.58
21/11/2013 00:25:00,   52.94,   57.72,   47.13,   55.24,   59.38,   50.86
21/11/2013 00:30:00,   50.32,   56.38,   46.40,   53.88,   58.61,   50.21
21/11/2013 00:35:00,   52.43,   57.68,   46.58,   54.79,   59.06,   50.44
21/11/2013 00:40:00,   53.27,   57.80,   45.54,   56.12,   59.66,   50.04
21/11/2013 00:45:00,   51.18,   56.95,   45.83,   53.81,   58.20,   49.87
21/11/2013 00:50:00,   49.13,   52.90,   44.90,   53.37,   56.46,   49.59
21/11/2013 00:55:00,   50.25,   55.29,   45.04,   53.24,   57.24,   49.34
21/11/2013 01:00:00,   52.74,   58.09,   46.18,   54.83,   59.31,   50.08
21/11/2013 01:06:00,   50.17,   55.44,   44.29,   53.14,   57.66,   48.61
21/11/2013 01:11:00,   56.17,   61.88,   46.17,   59.99,   66.69,   50.26
21/11/2013 01:16:00,   48.97,   53.46,   43.68,   52.38,   56.64,   48.01
21/11/2013 01:21:00,   49.36,   55.32,   44.37,   52.48,   57.00,   48.83
21/11/2013 01:26:00,   54.01,   59.55,   46.22,   55.78,   60.41,   49.93
21/11/2013 01:31:00,   47.77,   53.55,   42.10,   51.11,   55.58,   46.45
21/11/2013 01:36:00,   50.15,   56.55,   43.65,   52.85,   57.56,   48.48
21/11/2013 01:41:00,   46.98,   50.13,   43.36,   51.13,   53.93,   47.81
21/11/2013 01:46:00,   49.36,   56.58,   42.53,   52.23,   57.89,   47.61
21/11/2013 01:51:00,   49.13,   54.51,   44.04,   52.03,   56.06,   48.20
21/11/2013 01:56:00,   49.06,   53.67,   44.71,   53.02,   56.90,   48.42
21/11/2013 02:01:00,   49.12,   51.88,   44.23,   54.55,   58.79,   48.65
21/11/2013 02:06:00,   50.51,   55.39,   45.19,   55.24,   59.40,   49.16
21/11/2013 02:11:00,   48.51,   52.11,   43.66,   52.17,   55.34,   48.30
21/11/2013 02:16:00,   49.66,   56.45,   44.57,   52.53,   57.77,   48.45
21/11/2013 02:21:00,   49.91,   54.88,   43.88,   52.88,   56.91,   48.54
21/11/2013 02:26:00,   47.42,   51.52,   43.64,   51.26,   55.50,   48.25
21/11/2013 02:31:00,   48.34,   54.38,   41.42,   50.99,   56.22,   46.08
21/11/2013 02:36:00,   49.22,   54.71,   42.68,   51.86,   56.43,   46.87
21/11/2013 02:41:00,   50.66,   56.44,   43.69,   53.15,   57.72,   48.28
21/11/2013 02:46:00,   45.87,   48.99,   42.10,   49.65,   51.89,   46.66
21/11/2013 02:51:00,   48.74,   54.69,   43.05,   51.93,   57.17,   47.03
21/11/2013 02:56:00,   47.52,   53.58,   42.05,   50.88,   55.69,   46.07
21/11/2013 03:01:00,   50.44,   56.82,   43.91,   53.46,   59.10,   47.53
21/11/2013 03:06:00,   47.65,   52.32,   41.51,   51.32,   55.35,   46.11
21/11/2013 03:11:00,   48.30,   55.34,   43.05,   51.55,   57.01,   46.93
21/11/2013 03:16:00,   49.70,   56.22,   41.30,   52.55,   57.64,   45.24
21/11/2013 03:21:00,   46.01,   50.34,   41.16,   49.80,   52.60,   45.85
21/11/2013 03:26:00,   47.12,   50.23,   42.87,   51.55,   54.49,   48.19
21/11/2013 03:31:00,   45.42,   48.64,   42.27,   50.54,   53.70,   47.73
21/11/2013 03:36:00,   48.02,   52.16,   42.68,   51.99,   56.15,   47.45
21/11/2013 03:41:00,   45.19,   46.64,   41.96,   51.01,   51.91,   46.68
21/11/2013 03:46:00,   45.33,   47.65,   42.67,   50.69,   53.14,   47.00
21/11/2013 03:51:00,   50.33,   55.77,   43.97,   54.62,   60.02,   48.69
21/11/2013 03:56:00,   50.00,   56.88,   43.97,   53.90,   59.71,   48.85
21/11/2013 04:01:00,   48.95,   54.52,   43.10,   53.57,   58.82,   47.83
21/11/2013 04:06:00,   46.54,   50.39,   42.47,   51.02,   54.86,   46.50
21/11/2013 04:11:00,   49.72,   55.51,   43.94,   54.21,   59.44,   48.01
21/11/2013 04:16:00,   49.41,   55.07,   44.94,   54.01,   58.72,   48.63
21/11/2013 04:21:00,   47.26,   51.08,   43.51,   51.28,   55.40,   47.47
21/11/2013 04:26:00,   49.15,   53.43,   44.63,   52.77,   57.64,   49.16
21/11/2013 04:31:00,   48.36,   52.30,   44.35,   52.24,   55.21,   48.59
21/11/2013 04:36:00,   47.09,   49.06,   44.06,   51.42,   53.48,   48.51
21/11/2013 04:41:00,   46.70,   47.79,   43.71,   50.88,   52.26,   47.86
21/11/2013 04:46:00,   48.41,   50.96,   45.24,   52.52,   55.73,   49.34
21/11/2013 04:51:00,   47.75,   50.19,   45.02,   52.26,   54.28,   49.09
21/11/2013 04:56:00,   50.48,   54.99,   45.85,   53.97,   57.76,   49.71
21/11/2013 05:01:00,   47.70,   51.53,   44.41,   51.34,   54.06,   48.33
21/11/2013 05:06:00,   48.30,   51.53,   44.86,   51.89,   54.86,   48.61
21/11/2013 05:11:00,   50.50,   56.36,   45.49,   55.25,   60.01,   49.54
21/11/2013 05:16:00,   50.95,   56.45,   45.10,   53.67,   57.95,   49.46
21/11/2013 05:21:00,   50.68,   55.24,   46.29,   54.56,   59.67,   50.02
21/11/2013 05:26:00,   51.97,   57.85,   45.28,   55.32,   60.88,   48.96
21/11/2013 05:31:00,   52.43,   57.12,   46.64,   55.24,   59.23,   50.80
21/11/2013 05:36:00,   52.26,   57.29,   47.08,   55.55,   60.12,   50.67
21/11/2013 05:41:00,   52.92,   57.49,   47.36,   55.39,   59.28,   51.06
21/11/2013 05:46:00,   51.91,   55.74,   47.87,   55.80,   58.58,   51.55
21/11/2013 05:51:00,   51.97,   56.87,   46.73,   55.34,   59.14,   51.42
21/11/2013 05:56:00,   54.54,   58.12,   48.63,   57.22,   60.55,   52.45
21/11/2013 06:01:00,   54.20,   58.17,   49.16,   57.36,   60.60,   52.75
21/11/2013 06:06:00,   52.70,   56.32,   48.92,   56.55,   60.08,   52.45
21/11/2013 06:11:00,   54.23,   58.33,   49.24,   57.76,   61.85,   52.65
21/11/2013 06:16:00,   55.33,   60.82,   50.41,   60.07,   65.33,   53.73
21/11/2013 06:21:00,   53.47,   57.10,   49.62,   56.66,   59.31,   53.40
21/11/2013 06:26:00,   53.73,   56.81,   49.47,   57.42,   61.02,   53.51
21/11/2013 06:31:00,   53.14,   56.25,   49.84,   56.50,   59.24,   53.53
21/11/2013 06:36:00,   55.72,   58.80,   51.04,   58.88,   61.70,   54.67
21/11/2013 06:41:00,   55.58,   58.82,   51.17,   59.50,   63.89,   55.31
21/11/2013 06:46:00,   55.51,   58.68,   51.19,   58.93,   62.19,   55.44
21/11/2013 06:51:00,   57.62,   60.79,   52.87,   61.69,   65.29,   56.65
21/11/2013 06:56:00,   56.06,   59.04,   52.28,   59.14,   61.62,   55.87
21/11/2013 07:01:00,   58.09,   61.83,   53.93,   62.40,   66.28,   57.48
21/11/2013 07:06:00,   56.67,   60.49,   52.86,   59.75,   62.73,   56.31
21/11/2013 07:11:00,   57.11,   59.75,   53.43,   60.53,   63.46,   57.23
21/11/2013 07:16:00,   57.85,   61.05,   53.67,   61.17,   63.89,   57.79
21/11/2013 07:21:00,   57.77,   60.48,   54.35,   61.48,   63.83,   58.11
21/11/2013 07:26:00,   57.89,   60.57,   54.17,   61.79,   64.42,   57.96
21/11/2013 07:31:00,   58.49,   61.40,   54.96,   62.55,   65.00,   59.06
21/11/2013 07:36:00,   58.59,   60.93,   54.68,   62.87,   65.96,   58.60
21/11/2013 07:41:00,   58.45,   61.58,   55.12,   62.59,   65.32,   59.34
21/11/2013 07:46:00,   58.51,   61.00,   54.66,   62.34,   64.95,   58.86
21/11/2013 07:51:00,   58.81,   61.69,   54.71,   62.28,   64.80,   58.71
21/11/2013 07:56:00,   58.56,   61.12,   55.20,   62.68,   65.06,   59.61
21/11/2013 08:01:00,   58.41,   60.74,   55.44,   61.93,   64.37,   59.03
21/11/2013 08:06:00,   57.83,   60.57,   54.68,   61.47,   63.87,   58.20
21/11/2013 08:11:00,   58.41,   61.08,   54.78,   62.79,   64.88,   58.93
21/11/2013 08:16:00,   58.19,   61.79,   53.71,   63.68,   66.62,   58.99
21/11/2013 08:21:00,   57.89,   61.05,   53.93,   61.96,   64.70,   58.58
21/11/2013 08:26:00,   58.44,   61.28,   54.71,   63.12,   66.72,   59.10
21/11/2013 08:31:00,   58.28,   61.52,   54.48,   62.29,   64.78,   59.01
21/11/2013 08:36:00,   59.25,   62.03,   54.98,   63.11,   65.66,   59.33
21/11/2013 08:41:00,   58.78,   60.97,   54.79,   62.12,   64.31,   59.25
21/11/2013 08:46:00,   58.99,   61.22,   55.29,   63.11,   65.20,   59.58
21/11/2013 08:51:00,   57.94,   61.09,   53.97,   61.66,   64.23,   58.40
21/11/2013 08:56:00,   58.60,   60.95,   54.66,   62.84,   65.46,   59.64
21/11/2013 09:01:00,   58.05,   60.22,   54.87,   62.43,   64.59,   59.89
21/11/2013 09:06:00,   58.46,   61.28,   54.56,   62.34,   64.93,   59.17
21/11/2013 09:11:00,   58.88,   61.48,   54.34,   62.93,   65.29,   59.26
21/11/2013 09:16:00,   59.45,   61.42,   56.20,   63.51,   65.20,   60.57
21/11/2013 09:21:00,   60.69,   63.32,   56.17,   64.03,   66.65,   60.24
21/11/2013 09:26:00,   60.13,   62.42,   56.52,   63.53,   65.93,   60.12
21/11/2013 09:31:00,   59.58,   62.53,   54.78,   63.59,   67.10,   58.92
21/11/2013 09:36:00,   58.17,   60.92,   54.90,   61.62,   63.70,   58.85
21/11/2013 09:41:00,   58.91,   61.69,   54.97,   62.55,   64.55,   59.48
21/11/2013 09:46:00,   60.05,   63.47,   54.98,   64.67,   68.97,   59.19
21/11/2013 09:51:00,   58.99,   61.30,   54.71,   62.67,   64.90,   58.97
21/11/2013 09:56:00,   58.43,   61.57,   54.30,   61.23,   63.44,   57.94
21/11/2013 10:01:00,   58.36,   61.12,   53.97,   62.02,   64.64,   58.49
21/11/2013 10:06:00,   57.25,   61.12,   52.75,   61.19,   64.47,   57.63
21/11/2013 10:11:00,   58.48,   61.79,   53.89,   63.78,   66.25,   58.87
21/11/2013 10:16:00,   58.00,   61.02,   52.95,   61.96,   64.94,   57.42
21/11/2013 10:21:00,   57.57,   60.63,   52.50,   61.07,   63.53,   56.42
21/11/2013 10:26:00,   57.79,   60.57,   53.54,   61.20,   63.51,   57.96
21/11/2013 10:31:00,   58.60,   61.46,   53.60,   61.81,   64.60,   57.59
21/11/2013 10:36:00,   58.03,   60.79,   54.32,   61.43,   63.39,   58.16
21/11/2013 10:41:00,   58.38,   60.93,   54.16,   62.42,   64.99,   58.00
21/11/2013 10:46:00,   59.21,   61.72,   56.01,   62.02,   64.07,   59.56
21/11/2013 10:51:00,   58.39,   61.27,   52.72,   62.37,   65.68,   58.06
21/11/2013 10:56:00,   57.23,   60.54,   52.48,   61.10,   63.74,   57.08
21/11/2013 11:01:00,   58.50,   62.19,   53.24,   62.60,   66.02,   57.88
21/11/2013 11:06:00,   58.24,   61.02,   53.97,   61.66,   64.22,   57.84
21/11/2013 11:11:00,   58.34,   60.84,   54.69,   61.51,   63.61,   58.82
21/11/2013 11:16:00,   58.59,   61.43,   54.87,   62.40,   64.86,   59.63
21/11/2013 11:21:00,   58.10,   60.89,   54.30,   61.86,   64.01,   58.16
21/11/2013 11:26:00,   58.13,   60.89,   53.43,   61.85,   64.87,   58.19
21/11/2013 11:31:00,   57.69,   60.42,   53.15,   60.93,   63.37,   57.60
21/11/2013 11:36:00,   57.96,   60.83,   53.62,   61.74,   64.34,   58.38
21/11/2013 11:41:00,   57.93,   60.53,   54.09,   62.14,   64.88,   58.30
21/11/2013 11:46:00,   57.27,   59.84,   52.81,   61.79,   64.71,   58.10
21/11/2013 11:51:00,   57.15,   60.39,   51.89,   60.91,   63.75,   57.11
21/11/2013 11:56:00,   57.71,   60.30,   52.48,   61.77,   64.41,   57.24
21/11/2013 12:01:00,   57.96,   60.14,   54.12,   61.43,   63.52,   58.13
21/11/2013 12:06:00,   57.43,   59.84,   52.63,   60.97,   63.15,   57.56
21/11/2013 12:11:00,   57.71,   60.13,   53.69,   60.98,   62.93,   57.57
21/11/2013 12:16:00,   58.36,   60.59,   53.64,   62.41,   64.20,   59.28
21/11/2013 12:21:00,   57.20,   60.05,   53.19,   60.88,   63.50,   57.68
21/11/2013 12:26:00,   58.66,   61.72,   53.99,   62.21,   65.09,   58.20
21/11/2013 12:31:00,   57.91,   60.59,   53.41,   61.74,   64.28,   57.69
21/11/2013 12:36:00,   58.06,   60.37,   54.68,   61.25,   63.18,   58.50
21/11/2013 12:41:00,   58.87,   61.55,   54.33,   62.16,   64.44,   58.19
21/11/2013 12:46:00,   58.25,   60.97,   54.12,   62.27,   65.11,   58.73
21/11/2013 12:51:00,   58.67,   60.92,   55.31,   61.55,   63.72,   58.39
21/11/2013 12:56:00,   58.81,   61.65,   54.92,   61.80,   64.22,   58.28
21/11/2013 13:01:00,   58.37,   61.29,   53.33,   61.55,   63.90,   57.71
21/11/2013 13:06:00,   57.90,   60.57,   52.86,   61.97,   64.40,   58.21
21/11/2013 13:11:00,   58.82,   62.74,   52.19,   62.68,   65.54,   56.76
21/11/2013 13:16:00,   58.84,   62.13,   53.35,   62.49,   65.46,   58.56
21/11/2013 13:21:00,   56.49,   59.46,   52.29,   61.19,   63.66,   57.27
21/11/2013 13:26:00,   57.57,   60.53,   53.05,   61.43,   64.23,   57.55
21/11/2013 13:31:00,   57.59,   60.64,   53.02,   62.02,   65.04,   58.44
21/11/2013 13:36:00,   57.97,   61.16,   53.32,   62.56,   64.81,   59.41
21/11/2013 13:41:00,   58.77,   61.46,   54.01,   62.94,   65.52,   58.18
21/11/2013 13:46:00,   57.91,   60.67,   53.41,   62.09,   64.67,   57.92
21/11/2013 13:51:00,   58.33,   60.54,   54.88,   61.94,   63.93,   58.38
21/11/2013 13:56:00,   57.89,   60.79,   52.88,   62.08,   64.98,   57.63
21/11/2013 14:01:00,   58.89,   61.41,   53.44,   62.85,   65.80,   58.03
21/11/2013 14:06:00,   57.43,   59.87,   53.83,   61.36,   63.43,   57.78
21/11/2013 14:11:00,   57.07,   59.51,   52.51,   61.63,   63.98,   58.26
21/11/2013 14:16:00,   57.21,   60.09,   52.92,   64.52,   69.51,   57.58
21/11/2013 14:21:00,   58.13,   60.76,   54.40,   62.51,   64.90,   59.26
21/11/2013 14:26:00,   57.34,   60.72,   52.75,   62.43,   65.19,   57.62
21/11/2013 14:31:00,   56.75,   59.06,   52.43,   62.35,   66.07,   57.27
21/11/2013 14:36:00,   57.05,   59.62,   53.12,   61.39,   64.00,   58.23
21/11/2013 14:41:00,   57.92,   60.52,   53.39,   61.85,   64.07,   58.36
21/11/2013 14:46:00,   57.15,   59.76,   52.88,   61.19,   63.36,   57.29
21/11/2013 14:51:00,   59.94,   62.98,   54.97,   63.30,   66.19,   58.80
21/11/2013 14:56:00,   57.71,   60.12,   53.34,   61.33,   64.06,   57.43
21/11/2013 15:01:00,   58.47,   61.29,   53.39,   63.02,   66.14,   58.13
21/11/2013 15:06:00,   57.89,   60.28,   53.71,   62.11,   64.67,   58.01
21/11/2013 15:11:00,   57.03,   59.91,   52.28,   60.92,   63.40,   57.13
21/11/2013 15:16:00,   58.54,   61.64,   53.51,   62.81,   66.09,   58.08
21/11/2013 15:21:00,   57.01,   59.77,   53.03,   61.15,   63.93,   57.47
21/11/2013 15:26:00,   57.23,   59.94,   52.24,   61.15,   63.67,   57.16
21/11/2013 15:31:00,   57.34,   60.06,   52.16,   61.29,   63.38,   57.01
21/11/2013 15:36:00,   57.55,   60.33,   53.32,   61.43,   64.06,   57.50
21/11/2013 15:41:00,   57.46,   61.11,   52.99,   62.34,   65.56,   57.89
21/11/2013 15:46:00,   56.33,   59.17,   52.84,   61.04,   63.13,   57.81
21/11/2013 15:51:00,   56.82,   59.46,   52.91,   62.22,   65.25,   57.91
21/11/2013 15:56:00,   56.59,   59.41,   52.60,   61.73,   64.58,   57.12
21/11/2013 16:01:00,   56.53,   59.26,   52.49,   60.69,   63.29,   57.21
21/11/2013 16:06:00,   56.20,   59.42,   52.43,   60.22,   63.18,   56.54
21/11/2013 16:11:00,   57.72,   60.20,   53.26,   60.90,   63.56,   57.70
21/11/2013 16:16:00,   57.49,   60.44,   53.40,   61.45,   63.72,   57.55
21/11/2013 16:21:00,   56.92,   59.51,   53.38,   60.84,   63.67,   57.57
21/11/2013 16:26:00,   57.92,   60.90,   52.95,   62.53,   65.32,   58.30
21/11/2013 16:31:00,   57.53,   59.92,   53.00,   61.24,   63.11,   57.67
21/11/2013 16:36:00,   58.66,   61.24,   53.57,   62.21,   64.80,   57.67
21/11/2013 16:41:00,   58.40,   60.95,   53.57,   61.71,   64.12,   57.83
21/11/2013 16:46:00,   58.65,   61.32,   53.28,   61.46,   63.71,   57.45
21/11/2013 16:51:00,   57.65,   60.35,   53.48,   61.47,   64.20,   57.38
21/11/2013 16:56:00,   57.85,   60.66,   52.78,   61.81,   63.75,   57.11
21/11/2013 17:01:00,   57.32,   60.29,   52.89,   61.96,   65.24,   57.84
21/11/2013 17:06:00,   57.73,   59.62,   54.41,   61.80,   64.01,   58.35
21/11/2013 17:11:00,   57.03,   59.78,   53.22,   61.65,   64.08,   57.47
21/11/2013 17:16:00,   56.91,   60.08,   52.31,   60.16,   62.44,   56.63
21/11/2013 17:21:00,   57.65,   60.33,   52.25,   61.27,   63.45,   57.44
21/11/2013 17:26:00,   57.67,   60.35,   52.47,   61.96,   64.74,   56.79
21/11/2013 17:31:00,   58.16,   59.75,   52.39,   63.58,   67.20,   57.69
21/11/2013 17:36:00,   57.81,   60.72,   52.93,   62.07,   64.65,   57.18
21/11/2013 17:41:00,   58.44,   61.17,   54.06,   61.68,   64.24,   57.44
21/11/2013 17:46:00,   57.38,   58.88,   53.00,   63.13,   66.01,   58.57
21/11/2013 17:51:00,   56.41,   59.09,   52.51,   61.09,   63.56,   57.83
21/11/2013 17:56:00,   55.78,   58.54,   52.82,   60.63,   63.22,   57.57
21/11/2013 18:01:00,   57.45,   59.90,   53.12,   61.34,   63.37,   58.04
21/11/2013 18:06:00,   57.32,   59.69,   53.38,   61.15,   62.91,   58.42
21/11/2013 18:11:00,   56.12,   58.64,   51.62,   60.69,   62.66,   57.55
21/11/2013 18:16:00,   56.37,   59.12,   52.50,   61.10,   63.19,   57.31
21/11/2013 18:21:00,   57.68,   59.77,   53.05,   61.76,   64.16,   57.33
21/11/2013 18:26:00,   57.44,   60.60,   51.93,   61.38,   64.54,   56.48
21/11/2013 18:31:00,   58.18,   60.54,   54.05,   61.50,   63.23,   57.52
21/11/2013 18:36:00,   57.50,   60.69,   50.73,   60.55,   62.72,   54.67
21/11/2013 18:41:00,   56.98,   60.71,   51.91,   60.64,   63.36,   55.76
21/11/2013 18:46:00,   57.34,   60.42,   52.03,   60.68,   63.35,   55.75
21/11/2013 18:51:00,   58.83,   61.14,   53.61,   62.09,   63.90,   57.07
21/11/2013 18:56:00,   58.66,   61.23,   53.29,   61.82,   63.80,   57.16
21/11/2013 19:01:00,   58.08,   61.38,   53.47,   61.26,   64.03,   56.67
21/11/2013 19:06:00,   56.68,   60.01,   52.08,   60.45,   63.44,   56.10
21/11/2013 19:11:00,   58.45,   60.94,   52.64,   61.66,   64.10,   56.46
21/11/2013 19:16:00,   56.77,   59.63,   52.74,   60.08,   62.47,   55.90
21/11/2013 19:21:00,   57.92,   61.24,   52.61,   61.16,   63.64,   56.17
21/11/2013 19:26:00,   59.25,   62.11,   54.23,   62.05,   64.77,   57.63
21/11/2013 19:31:00,   58.23,   61.74,   52.94,   61.48,   64.78,   56.52
21/11/2013 19:36:00,   58.90,   61.59,   53.89,   62.49,   65.31,   57.74
21/11/2013 19:41:00,   58.75,   61.37,   54.34,   60.99,   63.42,   57.05
21/11/2013 19:46:00,   58.90,   62.21,   53.81,   60.79,   63.39,   56.63
21/11/2013 19:51:00,   58.52,   60.96,   54.39,   61.14,   63.22,   57.63
21/11/2013 19:56:00,   59.27,   62.03,   54.31,   61.56,   63.74,   57.75
21/11/2013 20:01:00,   58.67,   61.63,   53.77,   61.33,   63.69,   56.83
21/11/2013 20:06:00,   58.86,   61.91,   53.86,   61.25,   63.94,   56.95
21/11/2013 20:11:00,   58.83,   61.44,   54.83,   62.24,   64.72,   58.81
21/11/2013 20:16:00,   58.01,   61.23,   53.99,   60.21,   63.04,   56.88
21/11/2013 20:21:00,   58.60,   61.28,   53.12,   61.68,   64.25,   56.04
21/11/2013 20:26:00,   60.05,   62.67,   54.87,   62.91,   65.74,   57.72
21/11/2013 20:31:00,   58.69,   62.02,   53.85,   61.05,   63.61,   56.96
21/11/2013 20:36:00,   59.76,   63.07,   54.08,   62.59,   66.16,   57.04
21/11/2013 20:41:00,   57.97,   61.00,   54.17,   60.55,   62.80,   57.04
21/11/2013 20:46:00,   58.26,   60.93,   53.65,   60.55,   62.66,   56.32
21/11/2013 20:51:00,   58.99,   62.28,   52.63,   62.11,   65.16,   55.49
21/11/2013 20:56:00,   58.34,   61.31,   53.42,   62.40,   66.91,   56.48
21/11/2013 21:01:00,   58.42,   61.12,   53.54,   61.08,   63.45,   56.31
21/11/2013 21:06:00,   57.76,   60.98,   53.13,   61.21,   62.93,   56.23
21/11/2013 21:11:00,   58.11,   61.36,   53.26,   60.09,   62.88,   56.32
21/11/2013 21:16:00,   59.33,   62.99,   54.06,   62.17,   65.74,   57.19
21/11/2013 21:21:00,   57.95,   61.10,   52.53,   61.43,   65.20,   55.61
21/11/2013 21:26:00,   57.75,   60.78,   53.02,   60.38,   62.56,   57.25
21/11/2013 21:31:00,   57.01,   59.88,   52.17,   59.44,   61.98,   55.29
21/11/2013 21:36:00,   57.80,   61.45,   52.32,   60.22,   63.37,   55.71
21/11/2013 21:41:00,   57.66,   61.26,   52.22,   60.55,   63.85,   55.85
21/11/2013 21:46:00,   57.34,   61.41,   52.14,   59.51,   62.90,   54.87
21/11/2013 21:51:00,   56.37,   60.39,   51.65,   58.84,   62.25,   54.24
21/11/2013 21:56:00,   57.88,   61.43,   52.27,   60.83,   64.41,   55.45
21/11/2013 22:01:00,   56.49,   60.01,   50.31,   59.30,   62.25,   53.63
21/11/2013 22:06:00,   56.82,   60.82,   51.77,   59.41,   62.75,   54.91
21/11/2013 22:11:00,   57.51,   61.36,   50.37,   59.84,   63.45,   53.83
21/11/2013 22:16:00,   57.83,   60.94,   52.36,   60.33,   63.02,   55.55
21/11/2013 22:21:00,   57.87,   60.56,   53.46,   61.11,   64.47,   56.52
21/11/2013 22:26:00,   56.81,   60.33,   51.82,   59.03,   62.11,   54.75
21/11/2013 22:31:00,   55.28,   58.90,   48.85,   57.86,   61.38,   52.26
21/11/2013 22:36:00,   55.58,   59.89,   50.14,   58.74,   62.51,   54.12
21/11/2013 22:41:00,   56.32,   59.52,   50.68,   58.59,   61.34,   54.60
21/11/2013 22:46:00,   55.92,   60.31,   49.51,   58.51,   62.31,   52.75
21/11/2013 22:51:00,   54.39,   57.71,   49.12,   56.58,   59.29,   52.17
21/11/2013 22:56:00,   56.36,   60.10,   50.23,   58.52,   62.11,   53.12
21/11/2013 23:01:00,   55.41,   58.97,   49.91,   57.47,   60.52,   53.01
21/11/2013 23:06:00,   55.73,   60.08,   50.11,   57.81,   61.55,   53.53
21/11/2013 23:11:00,   56.68,   60.47,   50.29,   59.40,   62.97,   53.84
21/11/2013 23:16:00,   53.65,   58.60,   47.09,   56.49,   60.94,   50.72
21/11/2013 23:21:00,   54.20,   58.30,   48.98,   56.63,   60.18,   52.44
21/11/2013 23:26:00,   56.01,   60.30,   49.98,   58.70,   62.64,   53.43
21/11/2013 23:31:00,   54.61,   58.42,   48.73,   56.55,   59.77,   52.25
21/11/2013 23:36:00,   54.34,   59.12,   48.98,   57.51,   61.02,   53.29
21/11/2013 23:41:00,   55.52,   59.87,   49.51,   59.34,   63.28,   53.36
21/11/2013 23:46:00,   55.00,   59.47,   49.10,   57.05,   60.66,   52.56
21/11/2013 23:51:00,   54.67,   58.60,   49.05,   57.17,   60.83,   52.25
21/11/2013 23:56:00,   56.10,   60.57,   48.71,   58.80,   62.80,   52.20

