# noise_analysis run from DCC-NOISE-001003 at Fri Nov 22 00:00:00 2013
# Monitoring unit located at 53.342609N 6.340721W
# logfile   = /home/root/noise_analysis.log
# cfg_dir   = /home/root/config
# outputdir = /home/root/noise
# Sensitivity = -26.271103
# Gain = 1.000000
# Time should be in local format (i.e. daylight savings time)
# dd/mm/yyyy hh:mm:ss, A Leq,   A L10,   A L95,   C Leq,   C L10,   C L95
22/11/2013 00:05:00,   53.98,   58.33,   47.89,   56.12,   59.84,   51.88
22/11/2013 00:10:00,   54.91,   59.23,   48.03,   57.05,   61.10,   51.70
22/11/2013 00:15:00,   55.03,   59.57,   48.12,   56.99,   61.46,   51.61
22/11/2013 00:20:00,   53.94,   58.60,   47.71,   56.21,   60.33,   51.37
22/11/2013 00:25:00,   52.32,   57.37,   47.35,   54.61,   58.99,   50.29
22/11/2013 00:30:00,   52.05,   57.30,   47.09,   54.06,   58.28,   50.27
22/11/2013 00:35:00,   55.07,   59.85,   47.95,   56.61,   60.84,   50.70
22/11/2013 00:40:00,   52.92,   58.08,   47.86,   55.13,   59.56,   51.13
22/11/2013 00:45:00,   54.60,   59.79,   47.10,   56.39,   61.05,   50.92
22/11/2013 00:50:00,   54.24,   59.01,   46.75,   55.87,   60.13,   50.22
22/11/2013 00:55:00,   51.99,   56.01,   46.11,   54.25,   57.53,   49.83
22/11/2013 01:00:00,   53.85,   59.81,   44.95,   55.53,   60.68,   49.16
22/11/2013 01:06:00,   54.61,   60.61,   46.09,   56.48,   61.71,   49.95
22/11/2013 01:11:00,   54.20,   58.14,   47.07,   56.05,   59.29,   50.67
22/11/2013 01:16:00,   50.79,   56.07,   44.97,   53.04,   57.26,   48.89
22/11/2013 01:21:00,   50.33,   57.57,   44.55,   52.78,   58.75,   48.46
22/11/2013 01:26:00,   54.16,   59.80,   44.84,   56.14,   60.57,   48.81
22/11/2013 01:31:00,   53.05,   59.67,   45.66,   54.64,   60.12,   48.86
22/11/2013 01:36:00,   54.33,   58.64,   46.43,   55.85,   59.97,   49.71
22/11/2013 01:41:00,   51.05,   57.20,   44.89,   53.12,   58.13,   48.47
22/11/2013 01:46:00,   52.58,   57.83,   45.73,   54.85,   59.45,   49.51
22/11/2013 01:51:00,   46.40,   47.55,   43.23,   49.84,   51.04,   47.45
22/11/2013 01:56:00,   52.34,   57.71,   45.20,   54.58,   59.53,   49.34
22/11/2013 02:01:00,   49.15,   54.52,   42.01,   51.97,   56.48,   46.53
22/11/2013 02:06:00,   48.97,   53.55,   43.60,   51.66,   54.94,   47.83
22/11/2013 02:11:00,   49.82,   55.88,   45.27,   52.96,   57.23,   49.67
22/11/2013 02:16:00,   49.41,   54.68,   42.70,   51.87,   56.76,   47.11
22/11/2013 02:21:00,   50.88,   56.38,   43.25,   53.65,   58.07,   48.01
22/11/2013 02:26:00,   50.05,   56.05,   43.57,   52.57,   57.27,   48.02
22/11/2013 02:31:00,   47.84,   49.18,   43.45,   51.06,   52.28,   47.89
22/11/2013 02:36:00,   51.63,   57.40,   45.28,   53.69,   58.39,   48.91
22/11/2013 02:41:00,   48.90,   54.28,   42.36,   51.46,   55.39,   46.81
22/11/2013 02:46:00,   48.26,   52.89,   43.73,   51.56,   55.11,   47.91
22/11/2013 02:51:00,   49.49,   54.28,   42.93,   52.18,   56.85,   47.29
22/11/2013 02:56:00,   46.74,   48.58,   43.95,   50.72,   52.40,   48.10
22/11/2013 03:01:00,   49.89,   55.38,   43.59,   52.51,   57.05,   47.85
22/11/2013 03:06:00,   50.49,   56.45,   44.24,   52.99,   57.89,   48.36
22/11/2013 03:11:00,   49.52,   55.47,   43.84,   51.86,   57.12,   47.28
22/11/2013 03:16:00,   47.49,   50.47,   42.91,   50.43,   53.52,   46.43
22/11/2013 03:21:00,   48.93,   55.32,   42.87,   51.81,   57.19,   46.40
22/11/2013 03:26:00,   50.48,   57.37,   42.22,   52.81,   59.29,   46.22
22/11/2013 03:31:00,   48.39,   52.83,   42.87,   51.62,   55.34,   47.75
22/11/2013 03:36:00,   47.90,   51.78,   43.04,   51.03,   55.07,   46.69
22/11/2013 03:41:00,   49.37,   54.86,   43.59,   52.46,   56.45,   47.88
22/11/2013 03:46:00,   50.58,   56.76,   44.00,   53.21,   57.81,   48.47
22/11/2013 03:51:00,   50.04,   55.63,   43.30,   52.37,   57.14,   47.23
22/11/2013 03:56:00,   49.08,   54.22,   43.59,   52.58,   56.64,   48.08
22/11/2013 04:01:00,   51.94,   57.96,   43.35,   55.03,   60.11,   47.49
22/11/2013 04:06:00,   48.73,   53.86,   44.20,   51.54,   55.12,   48.15
22/11/2013 04:11:00,   50.03,   56.02,   44.25,   52.66,   57.25,   48.20
22/11/2013 04:16:00,   49.45,   53.74,   44.80,   52.24,   55.66,   48.71
22/11/2013 04:21:00,   48.46,   52.33,   45.37,   51.65,   54.04,   49.25
22/11/2013 04:26:00,   51.33,   56.70,   45.91,   53.84,   57.96,   49.65
22/11/2013 04:31:00,   49.14,   51.73,   45.00,   52.31,   54.83,   48.68
22/11/2013 04:36:00,   47.53,   49.19,   44.51,   51.03,   52.77,   48.19
22/11/2013 04:41:00,   50.84,   55.36,   45.60,   53.49,   57.45,   49.54
22/11/2013 04:46:00,   47.25,   48.44,   44.94,   50.95,   52.38,   48.74
22/11/2013 04:51:00,   50.77,   55.96,   44.16,   53.82,   57.84,   48.67
22/11/2013 04:56:00,   45.32,   46.34,   44.11,   49.69,   50.54,   48.57
22/11/2013 05:01:00,   49.26,   54.13,   43.55,   51.60,   55.44,   47.23
22/11/2013 05:06:00,   48.72,   49.79,   45.65,   52.45,   53.48,   49.69
22/11/2013 05:11:00,   50.72,   55.75,   45.67,   53.04,   57.14,   48.99
22/11/2013 05:16:00,   50.42,   53.30,   47.26,   53.58,   55.57,   50.85
22/11/2013 05:21:00,   52.83,   57.73,   48.11,   56.42,   60.99,   52.00
22/11/2013 05:26:00,   53.67,   58.55,   48.45,   56.17,   60.40,   51.94
22/11/2013 05:31:00,   54.60,   59.63,   49.04,   56.70,   60.87,   52.33
22/11/2013 05:36:00,   53.52,   58.74,   47.74,   56.01,   59.93,   51.37
22/11/2013 05:41:00,   53.89,   59.15,   47.74,   55.97,   60.54,   51.49
22/11/2013 05:46:00,   53.98,   57.88,   49.57,   56.47,   59.30,   53.34
22/11/2013 05:51:00,   55.25,   60.17,   48.88,   57.30,   62.06,   52.38
22/11/2013 05:56:00,   55.69,   59.69,   50.34,   57.57,   61.04,   53.37
22/11/2013 06:01:00,   54.62,   58.41,   48.85,   57.51,   61.38,   53.19
22/11/2013 06:06:00,   54.73,   59.62,   49.25,   57.56,   61.54,   52.72
22/11/2013 06:11:00,   54.63,   59.22,   50.03,   56.84,   60.71,   53.11
22/11/2013 06:16:00,   55.34,   58.64,   50.25,   58.14,   61.51,   53.71
22/11/2013 06:21:00,   55.10,   58.96,   50.99,   57.83,   61.28,   54.43
22/11/2013 06:26:00,   56.01,   59.56,   52.48,   59.27,   62.78,   55.61
22/11/2013 06:31:00,   56.89,   60.03,   52.13,   60.18,   63.58,   55.57
22/11/2013 06:36:00,   56.74,   59.75,   53.06,   59.65,   62.32,   56.42
22/11/2013 06:41:00,   56.46,   58.52,   53.70,   59.43,   61.46,   57.18
22/11/2013 06:46:00,   57.63,   60.14,   53.77,   60.85,   62.92,   57.09
22/11/2013 06:51:00,   58.49,   61.54,   53.92,   62.52,   65.84,   57.68
22/11/2013 06:56:00,   57.37,   60.46,   53.68,   60.88,   64.05,   57.15
22/11/2013 07:01:00,   58.42,   61.23,   54.38,   61.60,   64.21,   57.58
22/11/2013 07:06:00,   57.74,   61.09,   54.47,   60.88,   63.83,   57.93
22/11/2013 07:11:00,   57.99,   61.48,   53.92,   60.49,   63.39,   57.16
22/11/2013 07:16:00,   58.30,   61.36,   54.31,   61.67,   64.34,   57.58
22/11/2013 07:21:00,   58.04,   60.71,   55.13,   61.19,   63.71,   58.06
22/11/2013 07:26:00,   59.26,   62.79,   54.88,   62.70,   65.71,   58.91
22/11/2013 07:31:00,   58.88,   61.75,   55.07,   62.23,   64.24,   59.17
22/11/2013 07:36:00,   59.03,   61.58,   55.45,   61.74,   63.87,   58.88
22/11/2013 07:41:00,   59.60,   62.79,   56.05,   62.89,   65.87,   59.59
22/11/2013 07:46:00,   59.37,   62.39,   54.98,   62.53,   64.79,   59.15
22/11/2013 07:51:00,   59.35,   62.04,   55.17,   62.31,   64.92,   57.99
22/11/2013 07:56:00,   59.78,   62.46,   54.60,   63.15,   65.44,   58.64
22/11/2013 08:01:00,   59.14,   62.18,   54.82,   62.76,   65.67,   58.92
22/11/2013 08:06:00,   58.51,   61.96,   55.38,   62.13,   64.80,   59.53
22/11/2013 08:11:00,   59.08,   62.65,   54.98,   63.58,   67.78,   59.73
22/11/2013 08:16:00,   58.54,   60.90,   54.98,   62.31,   64.45,   59.25
22/11/2013 08:21:00,   58.02,   60.64,   55.02,   62.47,   64.39,   59.92
22/11/2013 08:26:00,   58.48,   61.89,   54.97,   62.56,   64.99,   59.41
22/11/2013 08:31:00,   59.44,   62.78,   54.49,   63.28,   66.04,   59.36
22/11/2013 08:36:00,   58.42,   61.67,   54.52,   62.01,   64.84,   58.24
22/11/2013 08:41:00,   58.50,   61.32,   55.38,   62.57,   64.65,   60.13
22/11/2013 08:46:00,   59.60,   62.62,   56.28,   64.22,   66.96,   61.12
22/11/2013 08:51:00,   58.95,   61.54,   56.31,   63.21,   65.70,   60.47
22/11/2013 08:56:00,   59.83,   63.14,   56.19,   64.05,   67.00,   60.30
22/11/2013 09:01:00,   58.80,   61.53,   55.41,   62.78,   65.40,   60.09
22/11/2013 09:06:00,   59.72,   62.73,   55.52,   63.62,   66.13,   60.10
22/11/2013 09:11:00,   58.67,   61.41,   54.67,   62.34,   64.95,   58.42
22/11/2013 09:16:00,   59.27,   61.98,   54.41,   62.79,   64.91,   59.38
22/11/2013 09:21:00,   60.09,   63.00,   55.57,   63.64,   66.60,   59.11
22/11/2013 09:26:00,   59.30,   62.69,   53.43,   62.69,   65.89,   57.71
22/11/2013 09:31:00,   58.96,   61.96,   53.76,   62.74,   66.57,   57.85
22/11/2013 09:36:00,   58.16,   61.08,   54.24,   61.30,   63.69,   57.29
22/11/2013 09:41:00,   58.51,   61.72,   54.38,   61.86,   64.56,   58.05
22/11/2013 09:46:00,   58.08,   61.19,   52.77,   62.61,   65.61,   57.52
22/11/2013 09:51:00,   61.23,   63.30,   54.12,   63.89,   66.07,   57.97
22/11/2013 09:56:00,   58.52,   61.69,   52.68,   61.32,   64.13,   56.47
22/11/2013 10:01:00,   58.87,   61.85,   52.72,   62.20,   64.88,   57.37
22/11/2013 10:06:00,   59.63,   63.51,   53.80,   63.56,   68.80,   57.68
22/11/2013 10:11:00,   57.95,   61.18,   53.52,   60.92,   63.62,   57.46
22/11/2013 10:16:00,   58.51,   61.76,   53.54,   60.84,   63.86,   56.64
22/11/2013 10:21:00,   58.73,   61.51,   54.65,   61.41,   64.10,   57.95
22/11/2013 10:26:00,   57.90,   61.31,   52.90,   61.38,   64.89,   57.13
22/11/2013 10:31:00,   57.57,   60.96,   51.38,   60.75,   63.41,   56.21
22/11/2013 10:36:00,   58.69,   61.35,   53.82,   61.56,   63.70,   57.55
22/11/2013 10:41:00,   58.37,   61.32,   52.45,   61.82,   64.34,   57.80
22/11/2013 10:46:00,   58.63,   61.86,   54.25,   61.30,   64.30,   57.38
22/11/2013 10:51:00,   58.21,   60.82,   53.71,   61.54,   63.96,   57.72
22/11/2013 10:56:00,   58.74,   61.79,   53.88,   61.57,   64.25,   56.59
22/11/2013 11:01:00,   57.97,   61.43,   52.38,   61.34,   64.66,   56.81
22/11/2013 11:06:00,   56.85,   60.20,   51.22,   61.04,   64.10,   55.94
22/11/2013 11:11:00,   58.41,   61.22,   52.61,   62.40,   65.71,   57.62
22/11/2013 11:16:00,   59.18,   63.18,   53.05,   63.43,   67.97,   57.62
22/11/2013 11:21:00,   57.27,   60.62,   50.50,   60.69,   63.56,   55.78
22/11/2013 11:26:00,   57.40,   60.87,   51.51,   61.61,   64.50,   57.06
22/11/2013 11:31:00,   57.86,   61.31,   50.91,   62.21,   65.62,   56.52
22/11/2013 11:36:00,   57.72,   61.39,   50.65,   61.92,   65.10,   56.05
22/11/2013 11:41:00,   57.15,   60.52,   50.47,   62.19,   64.97,   57.34
22/11/2013 11:46:00,   57.54,   60.89,   52.12,   60.95,   63.92,   56.63
22/11/2013 11:51:00,   57.62,   60.73,   51.91,   62.10,   65.56,   57.21
22/11/2013 11:56:00,   57.71,   60.35,   51.81,   61.81,   64.24,   56.15
22/11/2013 12:01:00,   58.78,   61.64,   52.58,   63.08,   67.06,   56.67
22/11/2013 12:06:00,   58.16,   61.75,   50.71,   62.02,   65.18,   55.91
22/11/2013 12:11:00,   57.66,   60.92,   51.31,   62.06,   64.55,   57.70
22/11/2013 12:16:00,   56.92,   59.99,   51.47,   61.03,   64.18,   56.53
22/11/2013 12:21:00,   57.44,   60.31,   51.37,   60.98,   63.82,   56.21
22/11/2013 12:26:00,   58.14,   61.95,   52.43,   62.58,   65.77,   57.88
22/11/2013 12:31:00,   57.26,   60.36,   51.71,   60.64,   63.86,   56.20
22/11/2013 12:36:00,   57.23,   60.72,   51.43,   60.69,   63.45,   56.26
22/11/2013 12:41:00,   58.74,   61.48,   51.54,   65.63,   67.53,   56.23
22/11/2013 12:46:00,   56.85,   60.50,   50.36,   60.41,   63.38,   55.49
22/11/2013 12:51:00,   56.21,   59.82,   50.33,   60.47,   63.13,   55.88
22/11/2013 12:56:00,   57.23,   60.80,   51.88,   61.18,   64.47,   56.38
22/11/2013 13:01:00,   56.92,   59.56,   51.32,   61.08,   63.66,   56.05
22/11/2013 13:06:00,   57.99,   60.57,   53.11,   62.97,   65.25,   58.18
22/11/2013 13:11:00,   57.81,   61.43,   52.33,   61.49,   64.69,   57.02
22/11/2013 13:16:00,   56.92,   60.14,   51.07,   61.83,   64.92,   56.84
22/11/2013 13:21:00,   58.12,   61.81,   51.97,   62.60,   66.47,   57.42
22/11/2013 13:26:00,   56.09,   60.24,   49.07,   60.82,   64.08,   54.45
22/11/2013 13:31:00,   56.73,   59.91,   52.56,   61.34,   64.11,   57.14
22/11/2013 13:36:00,   56.76,   60.93,   51.55,   62.04,   66.40,   56.93
22/11/2013 13:41:00,   56.78,   59.78,   51.61,   60.77,   63.18,   55.95
22/11/2013 13:46:00,   56.91,   60.05,   51.45,   60.70,   63.46,   56.04
22/11/2013 13:51:00,   57.24,   61.77,   48.86,   60.78,   64.80,   53.43
22/11/2013 13:56:00,   57.62,   61.27,   52.08,   60.85,   64.19,   55.55
22/11/2013 14:01:00,   57.74,   60.77,   52.64,   61.13,   64.01,   56.23
22/11/2013 14:06:00,   57.35,   60.49,   52.68,   61.25,   63.79,   57.67
22/11/2013 14:11:00,   56.43,   59.65,   51.33,   60.77,   63.23,   56.90
22/11/2013 14:16:00,   56.22,   59.60,   48.46,   60.56,   63.46,   55.74
22/11/2013 14:21:00,   57.00,   60.06,   51.69,   60.88,   63.71,   55.48
22/11/2013 14:26:00,   56.73,   60.13,   50.77,   61.08,   64.24,   55.58
22/11/2013 14:31:00,   56.88,   59.95,   50.97,   60.53,   63.32,   55.17
22/11/2013 14:36:00,   56.50,   59.58,   50.35,   60.49,   63.55,   55.62
22/11/2013 14:41:00,   57.65,   60.63,   52.85,   62.34,   65.40,   57.08
22/11/2013 14:46:00,   57.67,   61.05,   52.94,   60.68,   63.48,   57.18
22/11/2013 14:51:00,   58.64,   60.83,   54.55,   63.59,   66.34,   60.26
22/11/2013 14:56:00,   58.35,   61.03,   54.25,   62.33,   65.03,   57.92
22/11/2013 15:01:00,   56.58,   59.51,   51.73,   60.96,   63.45,   57.09
22/11/2013 15:06:00,   57.51,   60.17,   51.71,   60.73,   63.45,   55.26
22/11/2013 15:11:00,   58.42,   61.32,   52.83,   61.38,   63.58,   56.80
22/11/2013 15:16:00,   58.23,   61.11,   52.48,   61.18,   63.98,   56.32
22/11/2013 15:21:00,   58.43,   61.08,   53.24,   61.97,   64.72,   57.73
22/11/2013 15:26:00,   57.18,   60.31,   50.37,   60.67,   63.17,   55.50
22/11/2013 15:31:00,   58.24,   60.60,   51.38,   63.41,   66.61,   56.64
22/11/2013 15:36:00,   57.08,   60.29,   52.70,   61.88,   64.50,   57.80
22/11/2013 15:41:00,   56.40,   59.22,   50.23,   60.77,   63.52,   55.42
22/11/2013 15:46:00,   58.48,   61.13,   52.49,   62.35,   64.73,   57.71
22/11/2013 15:51:00,   58.06,   61.67,   51.80,   62.97,   67.79,   56.81
22/11/2013 15:56:00,   56.13,   59.28,   51.00,   60.12,   62.66,   56.63
22/11/2013 16:01:00,   57.64,   60.37,   53.31,   62.08,   64.52,   57.99
22/11/2013 16:06:00,   57.56,   60.35,   52.91,   62.13,   64.81,   57.71
22/11/2013 16:11:00,   58.34,   61.58,   52.47,   61.72,   64.35,   56.71
22/11/2013 16:16:00,   58.95,   61.88,   51.96,   61.21,   64.17,   54.89
22/11/2013 16:21:00,   58.09,   61.00,   52.84,   61.17,   64.04,   56.11
22/11/2013 16:26:00,   57.95,   61.15,   52.67,   60.92,   64.09,   56.01
22/11/2013 16:31:00,   57.71,   60.28,   53.45,   61.07,   63.45,   57.12
22/11/2013 16:36:00,   58.25,   60.61,   53.84,   61.38,   64.03,   57.62
22/11/2013 16:41:00,   57.88,   60.53,   53.65,   62.00,   64.75,   58.02
22/11/2013 16:46:00,   57.59,   60.11,   52.55,   61.16,   63.55,   57.58
22/11/2013 16:51:00,   58.13,   60.72,   54.24,   61.77,   64.50,   58.34
22/11/2013 16:56:00,   58.42,   61.02,   53.98,   61.13,   63.42,   56.81
22/11/2013 17:01:00,   58.00,   60.65,   53.44,   61.80,   63.77,   57.77
22/11/2013 17:06:00,   58.25,   61.73,   53.92,   61.59,   64.87,   57.31
22/11/2013 17:11:00,   57.72,   60.66,   53.50,   61.19,   63.76,   57.47
22/11/2013 17:16:00,   58.65,   61.59,   53.32,   62.06,   64.80,   57.41
22/11/2013 17:21:00,   58.47,   61.52,   54.17,   61.77,   64.46,   57.47
22/11/2013 17:26:00,   58.02,   60.51,   53.47,   62.05,   64.76,   58.42
22/11/2013 17:31:00,   58.00,   60.36,   53.06,   61.11,   63.14,   56.93
22/11/2013 17:36:00,   56.58,   59.10,   52.91,   60.74,   62.70,   57.47
22/11/2013 17:41:00,   56.78,   58.91,   53.67,   62.11,   65.22,   58.33
22/11/2013 17:46:00,   57.30,   59.49,   54.26,   61.09,   63.38,   58.30
22/11/2013 17:51:00,   58.54,   61.31,   54.04,   62.36,   64.64,   58.53
22/11/2013 17:56:00,   58.30,   61.21,   52.78,   61.98,   64.91,   56.80
22/11/2013 18:01:00,   59.27,   61.74,   54.75,   62.27,   64.78,   58.20
22/11/2013 18:06:00,   58.53,   61.12,   54.26,   62.60,   64.99,   58.34
22/11/2013 18:11:00,   58.23,   60.90,   52.78,   61.39,   63.67,   56.00
22/11/2013 18:16:00,   58.64,   61.12,   54.52,   61.80,   64.28,   57.81
22/11/2013 18:21:00,   58.86,   61.41,   55.31,   62.83,   66.14,   58.27
22/11/2013 18:26:00,   58.58,   60.90,   54.50,   61.90,   64.14,   57.82
22/11/2013 18:31:00,   59.87,   62.41,   55.41,   62.31,   64.59,   58.86
22/11/2013 18:36:00,   59.09,   62.02,   55.29,   61.12,   63.55,   57.85
22/11/2013 18:41:00,   59.26,   61.82,   55.23,   62.31,   64.06,   59.89
22/11/2013 18:46:00,   58.72,   61.17,   54.65,   61.50,   63.82,   57.62
22/11/2013 18:51:00,   58.99,   61.68,   54.91,   61.81,   64.28,   58.14
22/11/2013 18:56:00,   59.91,   62.80,   55.02,   63.06,   65.75,   58.39
22/11/2013 19:01:00,   58.58,   61.41,   54.37,   61.95,   64.38,   58.03
22/11/2013 19:06:00,   58.38,   60.53,   54.51,   61.19,   63.06,   57.30
22/11/2013 19:11:00,   58.83,   61.85,   54.21,   61.27,   63.99,   57.09
22/11/2013 19:16:00,   58.91,   62.10,   54.56,   61.95,   64.20,   57.38
22/11/2013 19:21:00,   59.32,   61.81,   55.18,   62.29,   64.62,   58.94
22/11/2013 19:26:00,   59.16,   61.81,   54.89,   62.17,   64.31,   58.38
22/11/2013 19:31:00,   59.22,   61.90,   55.55,   62.00,   64.42,   58.72
22/11/2013 19:36:00,   59.03,   62.18,   54.35,   61.45,   64.38,   57.26
22/11/2013 19:41:00,   58.83,   61.70,   54.79,   61.56,   64.02,   58.20
22/11/2013 19:46:00,   58.48,   61.42,   52.70,   61.11,   63.84,   55.85
22/11/2013 19:51:00,   58.81,   61.66,   53.88,   62.59,   66.40,   57.47
22/11/2013 19:56:00,   58.60,   61.50,   54.72,   61.43,   64.04,   57.87
22/11/2013 20:01:00,   59.15,   61.85,   54.83,   62.45,   66.07,   58.41
22/11/2013 20:06:00,   58.68,   61.68,   53.96,   60.89,   63.74,   57.01
22/11/2013 20:11:00,   58.29,   60.91,   53.50,   60.78,   63.36,   56.29
22/11/2013 20:16:00,   59.33,   62.14,   54.40,   61.51,   64.10,   57.20
22/11/2013 20:21:00,   59.11,   62.47,   53.52,   61.98,   64.90,   56.61
22/11/2013 20:26:00,   58.69,   61.73,   54.47,   61.60,   64.12,   57.28
22/11/2013 20:31:00,   59.73,   62.84,   55.01,   62.89,   65.95,   58.28
22/11/2013 20:36:00,   58.22,   61.25,   53.52,   60.33,   63.31,   56.16
22/11/2013 20:41:00,   58.88,   61.48,   53.60,   61.87,   64.10,   57.48
22/11/2013 20:46:00,   63.31,   65.33,   54.41,   64.56,   66.57,   56.97
22/11/2013 20:51:00,   59.80,   62.49,   54.60,   62.60,   64.83,   57.31
22/11/2013 20:56:00,   59.14,   62.03,   54.11,   61.97,   64.32,   57.58
22/11/2013 21:01:00,   58.05,   61.16,   54.11,   61.05,   63.63,   56.93
22/11/2013 21:06:00,   58.62,   61.41,   54.40,   62.48,   65.42,   57.77
22/11/2013 21:11:00,   57.57,   61.50,   52.77,   61.53,   64.04,   55.95
22/11/2013 21:16:00,   58.08,   62.17,   51.91,   61.14,   64.74,   55.48
22/11/2013 21:21:00,   57.12,   60.70,   51.89,   60.70,   63.70,   54.66
22/11/2013 21:26:00,   58.09,   61.41,   53.16,   61.26,   64.06,   56.33
22/11/2013 21:31:00,   58.24,   61.42,   53.13,   60.29,   63.11,   55.56
22/11/2013 21:36:00,   56.77,   59.83,   52.16,   59.49,   62.84,   54.69
22/11/2013 21:41:00,   57.29,   60.61,   52.16,   59.63,   62.74,   54.99
22/11/2013 21:46:00,   56.96,   60.47,   52.14,   59.46,   62.96,   55.04
22/11/2013 21:51:00,   56.90,   60.30,   52.68,   60.64,   64.12,   55.55
22/11/2013 21:56:00,   58.48,   62.15,   53.64,   62.35,   66.18,   57.12
22/11/2013 22:01:00,   56.94,   60.22,   52.98,   59.36,   62.23,   55.67
22/11/2013 22:06:00,   58.85,   62.57,   53.40,   61.76,   66.46,   56.02
22/11/2013 22:11:00,   61.30,   64.84,   54.30,   64.63,   68.98,   57.17
22/11/2013 22:16:00,   58.51,   62.42,   52.45,   60.77,   63.67,   55.54
22/11/2013 22:21:00,   57.43,   60.33,   52.25,   60.43,   63.26,   55.77
22/11/2013 22:26:00,   57.50,   62.08,   51.69,   60.19,   64.02,   54.78
22/11/2013 22:31:00,   57.29,   60.83,   51.88,   59.33,   62.05,   54.75
22/11/2013 22:36:00,   56.80,   60.16,   51.53,   59.41,   62.40,   54.28
22/11/2013 22:41:00,   57.38,   59.93,   52.96,   59.49,   62.03,   55.53
22/11/2013 22:46:00,   56.70,   60.66,   50.93,   59.06,   62.74,   53.60
22/11/2013 22:51:00,   56.95,   60.37,   51.93,   59.03,   61.55,   54.31
22/11/2013 22:56:00,   57.85,   61.39,   52.72,   59.74,   63.22,   55.37
22/11/2013 23:01:00,   56.66,   61.20,   51.38,   58.59,   62.27,   54.21
22/11/2013 23:06:00,   56.35,   60.09,   51.42,   58.77,   62.10,   54.38
22/11/2013 23:11:00,   55.90,   59.33,   50.14,   58.57,   61.62,   53.20
22/11/2013 23:16:00,   56.46,   60.44,   50.27,   58.57,   61.76,   52.82
22/11/2013 23:21:00,   56.47,   60.64,   50.29,   58.43,   62.49,   52.75
22/11/2013 23:26:00,   56.06,   60.38,   50.62,   58.36,   61.85,   53.24
22/11/2013 23:31:00,   55.88,   59.76,   49.19,   57.91,   61.67,   52.51
22/11/2013 23:36:00,   56.26,   59.55,   51.00,   58.74,   62.18,   53.65
22/11/2013 23:41:00,   55.64,   59.20,   50.82,   58.60,   61.70,   54.37
22/11/2013 23:46:00,   59.47,   61.31,   50.68,   61.57,   64.78,   53.38
22/11/2013 23:51:00,   55.69,   59.53,   48.38,   57.92,   61.20,   51.76
22/11/2013 23:56:00,   56.31,   60.48,   50.65,   58.67,   62.54,   53.44

