# noise_analysis run from DCC-NOISE-001003 at Mon May 20 00:00:00 2013
# Monitoring unit located at 53.342609N 6.340721W
# logfile   = /home/root/noise_analysis.log
# cfg_dir   = /home/root/config
# outputdir = /home/root/noise
# Sensitivity = -26.271103
# Gain = 1.000000
# Time should be in local format (i.e. daylight savings time)
# dd/mm/yyyy hh:mm:ss, A Leq,   A L10,   A L95,   C Leq,   C L10,   C L95
20/05/2013 00:05:00,   52.98,   58.29,   36.72,   55.89,   61.20,   41.36
20/05/2013 00:10:00,   51.27,   57.62,   40.46,   53.60,   59.48,   43.92
20/05/2013 00:15:00,   51.88,   57.24,   40.78,   53.53,   58.95,   44.04
20/05/2013 00:20:00,   54.17,   58.62,   45.39,   57.12,   61.47,   48.10
20/05/2013 00:25:00,   51.36,   57.49,   36.98,   53.81,   59.10,   40.66
20/05/2013 00:30:00,   51.33,   56.73,   40.45,   53.65,   58.84,   44.54
20/05/2013 00:35:00,   49.40,   55.13,   36.47,   51.73,   57.06,   39.72
20/05/2013 00:40:00,   51.35,   56.26,   38.69,   53.20,   57.71,   41.29
20/05/2013 00:45:00,   49.67,   56.50,   38.14,   53.17,   59.71,   41.82
20/05/2013 00:50:00,   51.53,   56.84,   39.96,   53.35,   57.98,   42.48
20/05/2013 00:55:00,   51.74,   57.30,   41.38,   54.31,   59.40,   45.33
20/05/2013 01:00:00,   51.34,   57.90,   37.37,   54.18,   59.94,   41.37
20/05/2013 01:05:00,   51.69,   56.85,   42.23,   53.38,   58.37,   45.29
20/05/2013 01:10:00,   49.71,   56.22,   39.04,   52.46,   58.45,   43.39
20/05/2013 01:15:00,   50.83,   56.71,   41.14,   53.23,   58.72,   43.52
20/05/2013 01:20:00,   50.73,   56.80,   40.00,   52.58,   58.44,   43.16
20/05/2013 01:25:00,   48.11,   53.87,   37.99,   50.39,   55.76,   42.87
20/05/2013 01:30:00,   49.92,   55.26,   40.86,   53.53,   58.43,   44.47
20/05/2013 01:35:00,   43.57,   48.01,   37.69,   47.04,   51.49,   41.97
20/05/2013 01:40:00,   51.33,   58.38,   39.06,   56.62,   64.31,   44.01
20/05/2013 01:45:00,   48.87,   55.47,   40.81,   52.93,   58.16,   45.57
20/05/2013 01:50:00,   50.34,   56.27,   42.08,   53.05,   57.66,   45.71
20/05/2013 01:55:00,   45.21,   51.22,   38.20,   48.89,   53.89,   42.58
20/05/2013 02:00:00,   48.52,   53.65,   41.20,   50.98,   55.85,   44.66
20/05/2013 02:05:00,   45.61,   53.91,   37.37,   48.17,   55.17,   41.79
20/05/2013 02:10:00,   46.21,   53.15,   38.38,   49.37,   55.14,   43.50
20/05/2013 02:15:00,   46.87,   53.73,   38.43,   49.56,   56.44,   43.08
20/05/2013 02:20:00,   43.95,   51.15,   36.84,   47.14,   53.71,   41.81
20/05/2013 02:25:00,   46.63,   53.34,   37.61,   49.31,   56.26,   42.85
20/05/2013 02:30:00,   43.24,   46.66,   37.44,   47.48,   49.93,   43.58
20/05/2013 02:35:00,   46.50,   52.68,   38.10,   50.87,   56.20,   44.42
20/05/2013 02:40:00,   44.75,   50.31,   37.38,   48.09,   52.32,   42.92
20/05/2013 02:45:00,   45.99,   51.34,   38.80,   51.80,   56.77,   43.65
20/05/2013 02:50:00,   43.10,   44.22,   38.18,   47.64,   49.87,   42.75
20/05/2013 02:55:00,   46.16,   52.59,   39.09,   49.60,   55.07,   44.05
20/05/2013 03:00:00,   47.17,   52.59,   40.54,   50.28,   55.38,   44.79
20/05/2013 03:05:00,   46.79,   52.01,   39.71,   50.10,   54.87,   43.95
20/05/2013 03:10:00,   46.89,   52.78,   40.43,   50.22,   55.42,   44.84
20/05/2013 03:15:00,   46.78,   52.28,   40.27,   50.16,   54.69,   45.06
20/05/2013 03:20:00,   47.72,   55.17,   39.27,   51.28,   57.09,   43.75
20/05/2013 03:25:00,   46.24,   51.36,   40.07,   49.36,   53.70,   44.29
20/05/2013 03:30:00,   44.68,   49.26,   38.40,   50.38,   55.92,   43.69
20/05/2013 03:35:00,   47.74,   55.23,   38.87,   50.41,   56.77,   42.80
20/05/2013 03:40:00,   45.40,   51.60,   37.56,   48.11,   54.04,   41.83
20/05/2013 03:45:00,   44.60,   48.64,   37.81,   47.68,   51.66,   42.66
20/05/2013 03:50:00,   47.16,   53.48,   38.84,   50.03,   55.80,   43.02
20/05/2013 03:55:00,   45.91,   50.87,   38.63,   47.70,   51.74,   42.85
20/05/2013 04:00:00,   48.84,   54.04,   39.88,   50.85,   57.32,   43.82
20/05/2013 04:05:00,   48.46,   54.07,   39.82,   49.80,   55.60,   43.47
20/05/2013 04:10:00,   48.24,   53.55,   40.89,   49.51,   54.61,   44.20
20/05/2013 04:15:00,   47.47,   52.63,   40.32,   48.93,   54.80,   43.36
20/05/2013 04:20:00,   47.42,   51.96,   40.47,   49.36,   54.75,   43.35
20/05/2013 04:25:00,   49.40,   53.53,   42.74,   50.87,   55.60,   45.44
20/05/2013 04:30:00,   50.86,   55.89,   44.25,   54.69,   60.00,   47.22
20/05/2013 04:35:00,   50.71,   55.26,   44.09,   52.20,   56.66,   46.82
20/05/2013 04:40:00,   48.75,   52.91,   43.32,   50.40,   54.28,   46.30
20/05/2013 04:45:00,   49.11,   51.96,   43.85,   51.21,   54.33,   47.14
20/05/2013 04:50:00,   49.20,   52.96,   43.33,   50.98,   55.46,   46.19
20/05/2013 04:55:00,   51.02,   55.58,   44.11,   52.59,   56.94,   46.85
20/05/2013 05:00:00,   52.31,   57.81,   43.90,   53.84,   58.89,   47.66
20/05/2013 05:05:00,   55.29,   58.35,   49.05,   55.21,   57.93,   50.04
20/05/2013 05:10:00,   54.78,   58.41,   46.33,   55.29,   58.49,   48.99
20/05/2013 05:15:00,   52.13,   55.64,   45.06,   53.97,   57.46,   47.55
20/05/2013 05:20:00,   51.61,   55.40,   45.03,   52.86,   56.64,   47.40
20/05/2013 05:25:00,   51.58,   55.85,   45.14,   53.43,   57.59,   48.63
20/05/2013 05:30:00,   53.94,   59.25,   46.15,   55.36,   60.14,   49.42
20/05/2013 05:35:00,   51.16,   54.97,   46.09,   53.32,   56.43,   49.79
20/05/2013 05:40:00,   52.87,   56.50,   46.51,   55.22,   59.16,   49.85
20/05/2013 05:45:00,   54.42,   58.49,   47.83,   55.11,   58.85,   50.14
20/05/2013 05:50:00,   54.08,   57.34,   48.68,   55.22,   58.73,   50.86
20/05/2013 05:55:00,   55.59,   59.38,   48.74,   56.58,   60.37,   50.89
20/05/2013 06:00:00,   54.05,   57.13,   47.42,   55.23,   58.64,   49.62
20/05/2013 06:05:00,   54.84,   58.88,   48.55,   56.14,   60.15,   50.75
20/05/2013 06:10:00,   55.90,   59.58,   49.45,   56.62,   60.05,   51.30
20/05/2013 06:15:00,   57.68,   61.32,   50.31,   58.66,   62.52,   53.30
20/05/2013 06:20:00,   54.94,   58.82,   49.40,   57.13,   60.58,   52.79
20/05/2013 06:25:00,   54.80,   58.40,   48.88,   57.10,   60.38,   52.32
20/05/2013 06:30:00,   57.29,   60.14,   52.17,   59.67,   62.55,   54.63
20/05/2013 06:35:00,   56.17,   59.67,   51.02,   58.19,   62.51,   53.25
20/05/2013 06:40:00,   55.96,   59.62,   51.07,   58.48,   62.10,   53.79
20/05/2013 06:45:00,   56.55,   59.94,   51.24,   59.94,   63.57,   54.47
20/05/2013 06:50:00,   56.31,   58.54,   52.27,   60.08,   63.24,   55.18
20/05/2013 06:55:00,   56.59,   59.28,   52.61,   58.82,   61.82,   55.12
20/05/2013 07:00:00,   56.19,   59.22,   52.62,   59.26,   62.87,   55.55
20/05/2013 07:05:00,   57.18,   60.86,   52.08,   61.43,   66.75,   54.78
20/05/2013 07:10:00,   56.82,   60.60,   52.02,   59.77,   62.86,   55.25
20/05/2013 07:15:00,   56.09,   59.50,   51.41,   58.99,   62.37,   54.34
20/05/2013 07:20:00,   57.96,   61.34,   52.68,   60.68,   64.18,   55.74
20/05/2013 07:25:00,   57.79,   60.76,   54.29,   60.44,   63.30,   56.35
20/05/2013 07:30:00,   56.84,   59.94,   53.12,   60.50,   63.17,   56.81
20/05/2013 07:35:00,   58.08,   61.62,   54.10,   61.76,   66.08,   56.43
20/05/2013 07:40:00,   57.30,   59.86,   53.59,   60.46,   62.72,   56.57
20/05/2013 07:45:00,   57.97,   61.17,   53.39,   61.15,   64.16,   56.42
20/05/2013 07:50:00,   58.73,   61.19,   55.01,   62.14,   64.69,   58.24
20/05/2013 07:55:00,   57.90,   60.69,   53.89,   61.66,   65.20,   57.11
20/05/2013 08:00:00,   58.17,   61.03,   54.31,   61.42,   64.58,   57.14
20/05/2013 08:05:00,   59.25,   62.02,   54.60,   62.64,   66.54,   57.05
20/05/2013 08:10:00,   58.07,   60.58,   54.19,   61.37,   64.23,   57.11
20/05/2013 08:15:00,   58.85,   61.59,   54.79,   61.15,   63.76,   57.19
20/05/2013 08:20:00,   58.43,   61.42,   53.91,   61.54,   63.71,   57.59
20/05/2013 08:25:00,   57.03,   60.53,   52.72,   61.33,   64.99,   57.34
20/05/2013 08:30:00,   57.71,   60.76,   53.64,   63.10,   67.01,   57.85
20/05/2013 08:35:00,   58.84,   61.20,   54.41,   62.22,   64.26,   58.80
20/05/2013 08:40:00,   59.70,   62.86,   53.70,   62.43,   65.44,   57.31
20/05/2013 08:45:00,   59.49,   61.80,   55.04,   62.62,   65.15,   58.41
20/05/2013 08:50:00,   58.83,   61.35,   55.78,   63.73,   66.08,   60.53
20/05/2013 08:55:00,   58.21,   60.85,   53.38,   61.96,   64.46,   58.05
20/05/2013 09:00:00,   58.62,   61.19,   54.57,   62.50,   65.05,   58.80
20/05/2013 09:05:00,   57.46,   60.43,   53.32,   61.22,   64.26,   57.20
20/05/2013 09:10:00,   60.08,   62.70,   54.35,   63.07,   66.18,   58.69
20/05/2013 09:15:00,   59.69,   61.53,   56.19,   62.58,   64.46,   59.02
20/05/2013 09:20:00,   57.86,   60.80,   53.95,   61.78,   65.51,   56.97
20/05/2013 09:25:00,   58.55,   61.33,   54.13,   63.15,   66.42,   57.45
20/05/2013 09:30:00,   59.42,   62.06,   55.05,   62.20,   64.39,   58.36
20/05/2013 09:35:00,   62.02,   66.79,   55.03,   64.42,   67.74,   58.67
20/05/2013 09:40:00,   59.76,   62.12,   53.47,   61.93,   64.78,   56.91
20/05/2013 09:45:00,   59.17,   61.37,   54.03,   62.28,   64.66,   57.25
20/05/2013 09:50:00,   55.69,   57.09,   53.58,   60.62,   62.21,   57.85
20/05/2013 09:55:00,   58.48,   60.63,   54.53,   63.23,   65.92,   58.99
20/05/2013 10:00:00,   59.06,   61.80,   52.35,   62.97,   66.54,   56.51
20/05/2013 10:05:00,   57.91,   60.36,   52.67,   61.09,   63.68,   56.06
20/05/2013 10:10:00,   58.83,   61.15,   54.56,   61.54,   63.76,   57.46
20/05/2013 10:15:00,   58.13,   61.07,   53.60,   61.36,   63.48,   57.10
20/05/2013 10:20:00,   57.10,   60.41,   50.77,   60.89,   64.56,   54.87
20/05/2013 10:25:00,   65.60,   67.80,   60.08,   71.02,   73.39,   65.32
20/05/2013 10:30:00,   64.38,   69.04,   57.04,   69.86,   74.01,   63.28
20/05/2013 10:35:00,   64.29,   68.24,   58.82,   69.83,   73.77,   64.14
20/05/2013 10:40:00,   64.37,   67.77,   58.87,   70.11,   73.69,   64.33
20/05/2013 10:45:00,   63.16,   65.59,   59.19,   67.04,   69.80,   63.70
20/05/2013 10:50:00,   62.71,   64.60,   60.18,   67.12,   69.65,   64.27
20/05/2013 10:55:00,   61.48,   63.24,   59.14,   67.05,   69.75,   64.07
20/05/2013 11:00:00,   62.16,   64.27,   59.19,   67.59,   70.13,   64.51
20/05/2013 11:05:00,   62.20,   64.90,   58.64,   67.96,   70.48,   64.79
20/05/2013 11:10:00,   64.24,   66.82,   60.78,   69.67,   72.12,   65.86
20/05/2013 11:15:00,   65.65,   67.91,   62.38,   71.24,   73.85,   67.55
20/05/2013 11:20:00,   68.18,   71.14,   63.87,   73.59,   77.61,   68.21
20/05/2013 11:25:00,   65.23,   71.59,   55.11,   70.72,   77.67,   59.12
20/05/2013 11:30:00,   57.61,   60.11,   53.08,   62.24,   65.31,   57.65
20/05/2013 11:35:00,   58.92,   61.91,   53.79,   62.42,   65.92,   57.76
20/05/2013 11:40:00,   60.32,   62.35,   57.06,   62.40,   64.90,   57.88
20/05/2013 11:45:00,   60.41,   62.43,   57.27,   63.47,   66.79,   58.95
20/05/2013 11:50:00,   59.32,   61.71,   54.65,   62.25,   65.36,   58.06
20/05/2013 11:55:00,   57.95,   60.53,   53.71,   62.07,   65.21,   57.66
20/05/2013 12:00:00,   57.25,   59.69,   53.56,   61.56,   64.42,   58.36
20/05/2013 12:05:00,   57.11,   59.90,   52.31,   61.31,   63.34,   57.59
20/05/2013 12:10:00,   57.67,   60.26,   53.88,   61.78,   64.69,   58.71
20/05/2013 12:15:00,   57.79,   60.69,   52.82,   62.12,   65.28,   57.98
20/05/2013 12:20:00,   61.51,   65.99,   53.11,   67.73,   72.61,   56.15
20/05/2013 12:25:00,   60.07,   63.55,   54.38,   65.37,   69.42,   59.25
20/05/2013 12:30:00,   57.60,   60.06,   53.62,   61.40,   64.02,   57.91
20/05/2013 12:35:00,   57.28,   59.73,   52.54,   61.22,   63.75,   57.35
20/05/2013 12:40:00,   58.59,   60.97,   54.38,   63.65,   67.80,   58.50
20/05/2013 12:45:00,   57.36,   59.63,   53.69,   61.52,   64.00,   57.99
20/05/2013 12:50:00,   58.02,   60.55,   53.31,   61.26,   63.79,   56.74
20/05/2013 12:55:00,   57.50,   60.45,   52.98,   61.59,   64.76,   57.14
20/05/2013 13:00:00,   56.57,   59.37,   52.25,   61.81,   65.15,   56.23
20/05/2013 13:05:00,   56.91,   59.77,   52.26,   60.98,   63.63,   56.28
20/05/2013 13:10:00,   58.56,   60.86,   53.84,   60.91,   63.31,   56.81
20/05/2013 13:15:00,   58.61,   60.51,   55.16,   61.63,   63.84,   57.88
20/05/2013 13:20:00,   57.27,   60.04,   52.92,   61.01,   63.71,   57.46
20/05/2013 13:25:00,   57.89,   60.35,   53.09,   61.30,   63.86,   56.99
20/05/2013 13:30:00,   57.60,   59.96,   53.41,   62.06,   65.01,   56.98
20/05/2013 13:35:00,   57.85,   60.45,   53.60,   61.16,   63.78,   57.13
20/05/2013 13:40:00,   57.95,   60.39,   53.87,   61.94,   64.39,   58.84
20/05/2013 13:45:00,   57.00,   59.84,   52.85,   61.01,   63.22,   57.23
20/05/2013 13:50:00,   57.13,   59.53,   53.11,   62.38,   64.92,   57.56
20/05/2013 13:55:00,   58.23,   60.34,   53.91,   61.31,   63.50,   56.59
20/05/2013 14:00:00,   56.87,   59.68,   52.86,   60.90,   63.48,   56.83
20/05/2013 14:05:00,   57.89,   60.77,   53.44,   62.55,   66.02,   57.49
20/05/2013 14:10:00,   56.79,   59.44,   52.21,   60.77,   64.33,   56.27
20/05/2013 14:15:00,   57.32,   60.34,   52.44,   61.88,   64.66,   56.87
20/05/2013 14:20:00,   57.41,   59.82,   53.63,   61.03,   63.24,   57.78
20/05/2013 14:25:00,   55.41,   57.65,   51.86,   61.32,   63.77,   57.12
20/05/2013 14:30:00,   56.68,   59.32,   52.26,   60.59,   62.95,   57.04
20/05/2013 14:35:00,   56.02,   59.32,   52.29,   61.65,   64.34,   58.12
20/05/2013 14:40:00,   56.73,   59.73,   53.09,   61.61,   64.08,   58.20
20/05/2013 14:45:00,   56.05,   58.24,   52.73,   61.01,   63.54,   58.00
20/05/2013 14:50:00,   56.92,   59.41,   51.62,   62.07,   65.38,   56.61
20/05/2013 14:55:00,   56.60,   59.23,   51.83,   60.71,   63.13,   57.11
20/05/2013 15:00:00,   57.26,   59.27,   52.92,   62.08,   64.61,   57.65
20/05/2013 15:05:00,   56.68,   59.25,   52.22,   61.21,   63.71,   57.14
20/05/2013 15:10:00,   57.49,   59.52,   52.97,   61.76,   64.03,   57.77
20/05/2013 15:15:00,   56.95,   60.02,   52.29,   62.45,   66.86,   56.98
20/05/2013 15:20:00,   56.89,   60.02,   51.60,   60.46,   62.97,   55.69
20/05/2013 15:25:00,   56.84,   59.04,   52.83,   61.11,   64.27,   56.95
20/05/2013 15:30:00,   57.15,   59.77,   52.71,   60.79,   63.42,   56.43
20/05/2013 15:35:00,   57.95,   60.18,   54.39,   60.86,   63.15,   57.39
20/05/2013 15:40:00,   60.53,   66.22,   53.79,   63.01,   67.04,   57.57
20/05/2013 15:45:00,   57.06,   59.61,   52.26,   61.69,   65.27,   56.26
20/05/2013 15:50:00,   58.22,   60.41,   53.02,   61.64,   63.53,   58.31
20/05/2013 15:55:00,   58.23,   60.60,   53.64,   62.55,   64.85,   57.73
20/05/2013 16:00:00,   57.41,   59.77,   53.96,   62.13,   64.71,   58.44
20/05/2013 16:05:00,   56.99,   58.99,   54.12,   61.24,   63.34,   58.52
20/05/2013 16:10:00,   58.88,   61.21,   54.96,   61.68,   63.92,   57.74
20/05/2013 16:15:00,   59.53,   61.35,   56.29,   62.38,   64.40,   58.86
20/05/2013 16:20:00,   58.86,   60.82,   56.12,   61.43,   63.95,   58.37
20/05/2013 16:25:00,   59.11,   61.51,   54.81,   62.42,   65.42,   58.15
20/05/2013 16:30:00,   57.69,   59.70,   54.31,   61.32,   63.31,   57.63
20/05/2013 16:35:00,   58.72,   60.71,   54.66,   62.03,   64.81,   57.58
20/05/2013 16:40:00,   58.48,   60.65,   54.67,   62.11,   64.86,   58.14
20/05/2013 16:45:00,   57.80,   60.19,   54.17,   61.18,   63.14,   57.89
20/05/2013 16:50:00,   59.79,   62.38,   53.31,   62.34,   65.31,   56.44
20/05/2013 16:55:00,   58.85,   61.43,   54.21,   61.95,   65.23,   57.38
20/05/2013 17:00:00,   58.58,   60.84,   54.59,   61.87,   64.40,   58.32
20/05/2013 17:05:00,   58.59,   60.73,   54.06,   62.93,   66.18,   57.64
20/05/2013 17:10:00,   58.37,   60.38,   53.72,   61.31,   63.51,   57.42
20/05/2013 17:15:00,   58.08,   60.36,   54.22,   62.25,   64.76,   57.86
20/05/2013 17:20:00,   59.37,   60.17,   53.29,   61.92,   63.36,   56.73
20/05/2013 17:25:00,   62.92,   63.21,   53.84,   64.90,   66.74,   57.74
20/05/2013 17:30:00,   57.45,   60.24,   52.85,   61.25,   64.34,   56.71
20/05/2013 17:35:00,   57.89,   60.43,   53.08,   60.97,   63.47,   56.22
20/05/2013 17:40:00,   57.32,   60.61,   52.46,   61.16,   64.01,   55.48
20/05/2013 17:45:00,   58.16,   60.25,   53.77,   62.54,   63.79,   57.04
20/05/2013 17:50:00,   58.08,   60.73,   54.38,   61.81,   63.94,   58.17
20/05/2013 17:55:00,   63.20,   62.39,   53.71,   64.86,   66.46,   57.17
20/05/2013 18:00:00,   59.42,   61.06,   57.04,   61.47,   63.76,   58.28
20/05/2013 18:05:00,   61.03,   62.75,   57.23,   63.62,   67.33,   58.74
20/05/2013 18:10:00,   59.56,   62.02,   56.00,   63.35,   67.97,   58.96
20/05/2013 18:15:00,   58.17,   60.78,   53.21,   61.75,   64.95,   57.81
20/05/2013 18:20:00,   57.61,   60.27,   52.58,   60.95,   63.80,   56.64
20/05/2013 18:25:00,   56.09,   59.07,   51.92,   58.75,   61.20,   55.45
20/05/2013 18:30:00,   56.84,   59.42,   52.82,   60.89,   64.17,   56.29
20/05/2013 18:35:00,   57.31,   59.87,   53.21,   60.63,   63.16,   57.32
20/05/2013 18:40:00,   57.37,   59.76,   53.70,   60.52,   62.88,   56.89
20/05/2013 18:45:00,   56.97,   59.77,   53.09,   60.24,   63.13,   56.67
20/05/2013 18:50:00,   58.20,   60.45,   54.22,   61.35,   64.04,   57.34
20/05/2013 18:55:00,   56.43,   58.85,   52.99,   60.26,   62.87,   56.59
20/05/2013 19:00:00,   57.25,   59.45,   53.70,   60.17,   62.19,   57.05
20/05/2013 19:05:00,   59.35,   61.99,   55.02,   63.33,   65.84,   58.81
20/05/2013 19:10:00,   58.01,   60.81,   53.03,   60.18,   62.63,   56.36
20/05/2013 19:15:00,   57.85,   61.51,   52.61,   60.42,   63.55,   55.93
20/05/2013 19:20:00,   57.48,   60.71,   52.62,   60.28,   63.16,   55.42
20/05/2013 19:25:00,   56.99,   61.15,   51.13,   60.29,   63.73,   54.59
20/05/2013 19:30:00,   56.96,   60.32,   52.63,   60.43,   63.61,   56.03
20/05/2013 19:35:00,   56.66,   59.94,   52.18,   59.74,   62.82,   55.92
20/05/2013 19:40:00,   56.52,   59.31,   51.68,   59.85,   62.45,   55.97
20/05/2013 19:45:00,   56.09,   58.96,   51.64,   59.90,   62.60,   55.26
20/05/2013 19:50:00,   56.12,   59.24,   52.36,   59.57,   61.85,   56.45
20/05/2013 19:55:00,   56.90,   60.43,   52.23,   60.47,   63.60,   56.01
20/05/2013 20:00:00,   58.39,   61.02,   54.11,   61.84,   64.84,   56.65
20/05/2013 20:05:00,   56.66,   59.31,   51.48,   60.40,   62.38,   56.09
20/05/2013 20:10:00,   57.21,   60.13,   52.33,   60.17,   63.08,   55.35
20/05/2013 20:15:00,   56.87,   59.85,   51.86,   60.16,   62.46,   54.90
20/05/2013 20:20:00,   55.78,   58.77,   51.00,   59.46,   61.96,   54.60
20/05/2013 20:25:00,   56.86,   60.47,   50.76,   58.80,   62.13,   53.66
20/05/2013 20:30:00,   58.89,   63.56,   51.07,   60.84,   64.99,   55.24
20/05/2013 20:35:00,   57.54,   60.23,   53.01,   60.98,   63.17,   56.27
20/05/2013 20:40:00,   57.14,   59.96,   52.64,   60.28,   62.77,   56.85
20/05/2013 20:45:00,   60.15,   66.99,   51.53,   61.15,   65.86,   54.68
20/05/2013 20:50:00,   59.59,   65.79,   51.32,   61.71,   66.43,   54.73
20/05/2013 20:55:00,   56.09,   59.51,   50.58,   60.32,   64.83,   53.78
20/05/2013 21:00:00,   56.24,   59.32,   51.20,   58.70,   61.28,   53.67
20/05/2013 21:05:00,   56.56,   58.87,   52.79,   59.49,   62.10,   55.40
20/05/2013 21:10:00,   55.88,   59.08,   50.63,   58.86,   61.91,   53.63
20/05/2013 21:15:00,   56.64,   60.21,   50.85,   58.83,   61.93,   54.12
20/05/2013 21:20:00,   57.04,   59.50,   53.48,   60.46,   63.19,   56.67
20/05/2013 21:25:00,   56.71,   59.62,   52.27,   59.17,   61.88,   55.31
20/05/2013 21:30:00,   55.20,   57.99,   50.64,   58.28,   60.99,   53.28
20/05/2013 21:35:00,   56.26,   59.68,   50.15,   59.37,   62.63,   53.21
20/05/2013 21:40:00,   55.55,   58.82,   50.08,   59.12,   61.91,   53.95
20/05/2013 21:45:00,   54.40,   58.42,   48.27,   57.08,   60.71,   50.96
20/05/2013 21:50:00,   54.03,   57.61,   48.92,   57.06,   60.25,   52.46
20/05/2013 21:55:00,   56.16,   59.66,   50.40,   59.20,   62.29,   53.65
20/05/2013 22:00:00,   54.62,   59.16,   48.15,   59.56,   63.56,   52.59
20/05/2013 22:05:00,   54.79,   57.79,   50.42,   59.17,   62.11,   54.24
20/05/2013 22:10:00,   55.01,   58.66,   49.07,   57.97,   61.16,   52.60
20/05/2013 22:15:00,   54.61,   58.26,   49.77,   57.57,   60.83,   53.53
20/05/2013 22:20:00,   52.60,   57.64,   46.03,   55.57,   59.66,   50.00
20/05/2013 22:25:00,   54.54,   58.42,   48.41,   57.31,   61.07,   51.52
20/05/2013 22:30:00,   53.68,   57.51,   47.02,   57.26,   60.69,   50.69
20/05/2013 22:35:00,   53.37,   58.36,   47.22,   55.82,   60.11,   50.30
20/05/2013 22:40:00,   51.81,   55.94,   44.89,   54.83,   58.38,   48.74
20/05/2013 22:45:00,   54.56,   59.29,   47.92,   57.56,   61.35,   51.22
20/05/2013 22:50:00,   53.26,   56.56,   47.72,   56.26,   59.79,   51.46
20/05/2013 22:55:00,   53.27,   56.89,   48.17,   57.04,   60.54,   52.06
20/05/2013 23:00:00,   54.32,   58.21,   48.18,   57.22,   61.66,   51.15
20/05/2013 23:05:00,   51.73,   55.92,   46.28,   54.78,   58.88,   49.55
20/05/2013 23:10:00,   52.36,   58.59,   45.91,   55.09,   59.87,   49.20
20/05/2013 23:15:00,   51.87,   56.08,   46.66,   54.52,   58.29,   49.47
20/05/2013 23:20:00,   52.65,   57.48,   46.14,   55.21,   59.65,   49.38
20/05/2013 23:25:00,   54.03,   58.73,   48.44,   56.69,   61.07,   51.02
20/05/2013 23:30:00,   52.02,   56.69,   45.36,   55.23,   59.82,   48.15
20/05/2013 23:35:00,   48.27,   52.53,   43.32,   50.88,   54.31,   46.77
20/05/2013 23:40:00,   53.62,   58.12,   45.01,   56.59,   61.00,   48.51
20/05/2013 23:45:00,   53.63,   58.09,   46.81,   56.92,   60.73,   50.38
20/05/2013 23:50:00,   52.57,   57.06,   46.06,   55.57,   60.73,   49.15
20/05/2013 23:55:00,   51.84,   55.86,   44.24,   54.36,   58.28,   47.92

