# noise_analysis run from DCC-NOISE-001003 at Fri Aug 23 00:00:00 2013
# Monitoring unit located at 53.342609N 6.340721W
# logfile   = /home/root/noise_analysis.log
# cfg_dir   = /home/root/config
# outputdir = /home/root/noise
# Sensitivity = -26.271103
# Gain = 1.000000
# Time should be in local format (i.e. daylight savings time)
# dd/mm/yyyy hh:mm:ss, A Leq,   A L10,   A L95,   C Leq,   C L10,   C L95
23/08/2013 00:05:00,   51.34,   56.28,   43.01,   54.19,   58.46,   48.00
23/08/2013 00:10:00,   50.58,   57.10,   39.67,   53.28,   58.76,   45.26
23/08/2013 00:15:00,   52.36,   57.32,   41.78,   54.97,   60.02,   47.25
23/08/2013 00:20:00,   50.66,   55.64,   41.31,   53.38,   58.00,   46.42
23/08/2013 00:25:00,   50.69,   56.38,   42.84,   53.44,   58.07,   47.43
23/08/2013 00:30:00,   49.32,   54.87,   40.84,   52.08,   56.68,   46.23
23/08/2013 00:35:00,   49.58,   55.98,   41.53,   52.54,   58.27,   46.82
23/08/2013 00:40:00,   49.78,   54.99,   42.48,   53.23,   57.36,   47.28
23/08/2013 00:45:00,   49.34,   54.46,   41.43,   52.63,   57.27,   46.69
23/08/2013 00:50:00,   50.31,   55.84,   42.43,   53.24,   58.35,   47.16
23/08/2013 00:55:00,   51.86,   57.22,   42.81,   54.60,   59.13,   47.06
23/08/2013 01:00:00,   49.61,   55.55,   40.31,   52.92,   58.52,   46.12
23/08/2013 01:05:00,   49.64,   54.86,   41.32,   52.75,   57.28,   46.00
23/08/2013 01:10:00,   49.63,   55.51,   40.62,   52.34,   57.20,   45.73
23/08/2013 01:15:00,   49.38,   54.14,   41.70,   52.47,   56.70,   46.58
23/08/2013 01:20:00,   50.08,   56.26,   40.65,   53.37,   58.96,   46.04
23/08/2013 01:25:00,   47.82,   54.68,   40.02,   50.67,   56.82,   45.32
23/08/2013 01:30:00,   50.98,   56.62,   42.13,   53.45,   58.24,   46.71
23/08/2013 01:35:00,   45.72,   52.44,   38.29,   49.74,   54.89,   45.02
23/08/2013 01:40:00,   48.79,   55.11,   40.14,   51.88,   57.33,   45.45
23/08/2013 01:45:00,   49.16,   55.31,   41.08,   51.70,   56.84,   45.51
23/08/2013 01:50:00,   49.31,   55.59,   40.86,   51.40,   56.86,   45.31
23/08/2013 01:55:00,   48.73,   55.41,   41.41,   51.66,   56.87,   46.95
23/08/2013 02:00:00,   48.40,   54.73,   39.97,   51.45,   56.27,   45.24
23/08/2013 02:05:00,   49.14,   56.05,   39.57,   51.58,   57.53,   44.92
23/08/2013 02:10:00,   47.27,   54.17,   40.09,   50.17,   55.34,   45.32
23/08/2013 02:15:00,   43.87,   48.45,   37.74,   47.33,   50.75,   43.81
23/08/2013 02:20:00,   47.35,   55.22,   39.69,   50.18,   56.32,   45.15
23/08/2013 02:25:00,   47.98,   54.10,   39.25,   51.47,   57.20,   45.51
23/08/2013 02:30:00,   44.48,   46.34,   40.47,   48.77,   50.34,   45.83
23/08/2013 02:35:00,   47.56,   52.84,   41.10,   51.46,   55.62,   47.31
23/08/2013 02:40:00,   49.88,   57.71,   41.62,   52.41,   58.58,   46.88
23/08/2013 02:45:00,   44.00,   45.62,   40.33,   48.89,   50.16,   46.15
23/08/2013 02:50:00,   45.16,   47.84,   41.33,   49.44,   51.10,   46.87
23/08/2013 02:55:00,   45.41,   48.15,   40.45,   49.07,   51.71,   45.79
23/08/2013 03:00:00,   42.88,   43.28,   39.30,   47.77,   49.43,   44.89
23/08/2013 03:05:00,   45.44,   50.82,   39.23,   48.94,   53.61,   44.46
23/08/2013 03:10:00,   47.60,   55.47,   38.92,   50.26,   57.21,   43.75
23/08/2013 03:15:00,   46.20,   52.97,   38.33,   49.42,   55.85,   43.30
23/08/2013 03:20:00,   47.41,   52.98,   39.57,   50.99,   56.41,   44.40
23/08/2013 03:25:00,   47.68,   54.23,   41.97,   51.04,   55.52,   46.70
23/08/2013 03:30:00,   46.20,   50.54,   41.76,   50.49,   53.85,   46.80
23/08/2013 03:35:00,   47.15,   52.51,   41.14,   50.53,   55.11,   46.51
23/08/2013 03:40:00,   48.00,   53.94,   41.64,   50.82,   55.34,   46.62
23/08/2013 03:45:00,   48.56,   54.44,   41.91,   51.50,   56.42,   46.81
23/08/2013 03:50:00,   50.58,   56.60,   43.56,   53.73,   58.68,   47.57
23/08/2013 03:55:00,   46.77,   52.73,   40.86,   50.60,   55.36,   45.84
23/08/2013 04:00:00,   48.65,   55.31,   41.02,   51.79,   57.78,   46.27
23/08/2013 04:05:00,   46.99,   54.17,   39.60,   50.02,   55.52,   45.10
23/08/2013 04:10:00,   42.58,   44.40,   40.00,   47.07,   48.27,   45.30
23/08/2013 04:15:00,   47.56,   53.59,   40.30,   51.30,   56.62,   45.74
23/08/2013 04:20:00,   45.39,   50.54,   40.09,   50.85,   56.38,   45.05
23/08/2013 04:25:00,   46.92,   52.71,   40.06,   50.10,   55.54,   44.92
23/08/2013 04:30:00,   44.22,   49.77,   39.01,   47.81,   51.06,   44.69
23/08/2013 04:35:00,   47.59,   56.01,   38.48,   50.05,   57.49,   43.96
23/08/2013 04:40:00,   47.01,   54.64,   36.89,   50.26,   56.99,   43.01
23/08/2013 04:45:00,   44.44,   49.53,   38.41,   47.52,   50.56,   43.46
23/08/2013 04:50:00,   45.91,   52.11,   38.43,   49.03,   54.41,   43.91
23/08/2013 04:55:00,   46.61,   53.16,   38.48,   49.30,   54.91,   43.84
23/08/2013 05:00:00,   46.67,   53.27,   38.80,   50.16,   55.83,   44.54
23/08/2013 05:05:00,   46.80,   53.37,   38.22,   49.58,   54.77,   43.84
23/08/2013 05:10:00,   46.92,   54.05,   39.05,   49.74,   55.74,   43.98
23/08/2013 05:15:00,   46.59,   54.00,   37.10,   49.45,   55.99,   43.07
23/08/2013 05:20:00,   47.48,   54.60,   37.43,   50.81,   56.98,   43.59
23/08/2013 05:25:00,   45.61,   53.26,   36.92,   49.37,   56.30,   43.22
23/08/2013 05:30:00,   41.95,   48.34,   35.48,   46.20,   50.74,   42.13
23/08/2013 05:35:00,   47.16,   54.00,   37.00,   53.31,   59.94,   43.72
23/08/2013 05:40:00,   49.68,   56.51,   39.12,   53.57,   58.97,   43.97
23/08/2013 05:45:00,   50.47,   56.61,   39.46,   53.23,   57.84,   44.46
23/08/2013 05:50:00,   53.29,   59.10,   42.27,   57.64,   61.81,   47.06
23/08/2013 05:55:00,   49.85,   55.61,   42.56,   51.74,   56.96,   45.25
23/08/2013 06:00:00,   50.90,   55.70,   43.01,   54.21,   58.76,   47.09
23/08/2013 06:05:00,   51.00,   56.74,   42.35,   53.96,   59.01,   46.36
23/08/2013 06:10:00,   48.82,   55.25,   40.63,   51.44,   57.24,   44.95
23/08/2013 06:15:00,   50.92,   56.63,   41.99,   53.99,   59.61,   46.93
23/08/2013 06:20:00,   51.60,   56.33,   44.58,   54.79,   58.62,   48.84
23/08/2013 06:25:00,   53.97,   59.53,   44.60,   57.00,   61.37,   49.17
23/08/2013 06:30:00,   53.13,   58.65,   45.26,   56.68,   62.78,   49.56
23/08/2013 06:35:00,   54.03,   58.21,   46.72,   57.94,   63.63,   51.00
23/08/2013 06:40:00,   52.39,   56.72,   46.59,   54.70,   58.35,   50.24
23/08/2013 06:45:00,   52.04,   56.72,   46.04,   56.10,   60.70,   50.81
23/08/2013 06:50:00,   53.71,   58.54,   45.51,   56.32,   60.48,   49.75
23/08/2013 06:55:00,   52.85,   57.47,   45.53,   56.03,   60.29,   49.92
23/08/2013 07:00:00,   54.02,   58.42,   46.70,   57.57,   61.40,   50.98
23/08/2013 07:05:00,   54.34,   59.73,   45.70,   57.92,   62.06,   49.49
23/08/2013 07:10:00,   54.45,   59.51,   46.11,   57.34,   61.38,   50.38
23/08/2013 07:15:00,   52.56,   56.34,   45.46,   56.14,   59.46,   50.61
23/08/2013 07:20:00,   53.14,   59.55,   44.12,   56.98,   62.07,   48.38
23/08/2013 07:25:00,   53.62,   57.69,   44.03,   57.57,   61.51,   49.40
23/08/2013 07:30:00,   54.65,   59.44,   47.71,   58.81,   62.73,   52.98
23/08/2013 07:35:00,   55.77,   59.63,   49.05,   60.10,   63.57,   53.06
23/08/2013 07:40:00,   55.35,   59.43,   45.84,   59.63,   62.92,   50.86
23/08/2013 07:45:00,   54.95,   59.02,   47.58,   59.83,   62.97,   55.70
23/08/2013 07:50:00,   54.83,   58.26,   48.67,   59.75,   61.91,   56.92
23/08/2013 07:55:00,   55.10,   59.56,   48.70,   59.48,   62.50,   55.85
23/08/2013 08:00:00,   57.16,   61.06,   51.24,   60.42,   64.07,   54.59
23/08/2013 08:05:00,   54.74,   59.07,   47.61,   58.81,   62.78,   52.43
23/08/2013 08:10:00,   61.26,   67.40,   53.12,   63.96,   68.42,   58.64
23/08/2013 08:15:00,   57.63,   61.49,   50.28,   60.60,   63.89,   56.31
23/08/2013 08:20:00,   55.63,   59.90,   49.18,   60.48,   63.72,   54.85
23/08/2013 08:25:00,   56.02,   60.24,   47.64,   60.00,   63.63,   53.90
23/08/2013 08:30:00,   55.97,   60.07,   48.65,   61.85,   65.45,   54.51
23/08/2013 08:35:00,   55.90,   59.36,   51.68,   60.67,   62.72,   57.67
23/08/2013 08:40:00,   56.47,   59.91,   51.02,   61.03,   63.37,   57.51
23/08/2013 08:45:00,   60.20,   65.00,   51.32,   62.93,   66.00,   58.04
23/08/2013 08:50:00,   62.69,   65.57,   53.33,   64.32,   66.50,   58.08
23/08/2013 08:55:00,   54.97,   59.21,   50.01,   60.96,   64.27,   57.34
23/08/2013 09:00:00,   55.78,   59.11,   49.68,   60.51,   63.34,   56.34
23/08/2013 09:05:00,   55.68,   58.85,   50.03,   61.26,   64.21,   56.96
23/08/2013 09:10:00,   58.74,   63.49,   51.92,   63.14,   66.35,   59.10
23/08/2013 09:15:00,   58.94,   61.92,   52.05,   63.64,   65.30,   59.43
23/08/2013 09:20:00,   56.29,   59.71,   46.98,   60.01,   63.31,   52.25
23/08/2013 09:25:00,   54.27,   58.63,   45.36,   59.31,   62.49,   53.35
23/08/2013 09:30:00,   54.35,   57.73,   48.79,   59.53,   62.07,   55.86
23/08/2013 09:35:00,   55.15,   59.24,   46.45,   60.48,   63.54,   54.55
23/08/2013 09:40:00,   54.88,   58.62,   47.99,   59.83,   62.42,   56.27
23/08/2013 09:45:00,   54.86,   58.96,   47.97,   60.26,   63.15,   56.13
23/08/2013 09:50:00,   55.29,   59.34,   48.83,   59.30,   62.61,   54.54
23/08/2013 09:55:00,   56.09,   60.11,   48.99,   61.27,   65.22,   54.15
23/08/2013 10:00:00,   61.01,   68.64,   49.71,   62.91,   68.80,   54.70
23/08/2013 10:05:00,   55.90,   59.46,   48.81,   59.82,   63.30,   53.95
23/08/2013 10:10:00,   57.03,   59.75,   51.61,   62.34,   64.22,   57.85
23/08/2013 10:15:00,   55.59,   60.07,   47.94,   60.58,   64.07,   54.13
23/08/2013 10:20:00,   55.01,   59.20,   47.54,   59.44,   63.19,   53.09
23/08/2013 10:25:00,   55.28,   58.41,   49.47,   60.06,   63.30,   54.36
23/08/2013 10:30:00,   58.37,   62.17,   52.61,   64.15,   68.36,   59.62
23/08/2013 10:35:00,   56.07,   60.05,   50.10,   61.43,   65.13,   55.96
23/08/2013 10:40:00,   54.04,   57.83,   46.45,   59.46,   63.64,   51.52
23/08/2013 10:45:00,   57.65,   60.25,   50.88,   62.23,   64.80,   56.65
23/08/2013 10:50:00,   56.52,   59.73,   48.19,   60.01,   62.86,   52.64
23/08/2013 10:55:00,   55.86,   59.03,   51.32,   59.41,   62.53,   54.72
23/08/2013 11:00:00,   60.05,   65.66,   53.43,   63.52,   67.14,   57.08
23/08/2013 11:05:00,   60.80,   64.11,   55.01,   64.03,   66.43,   60.73
23/08/2013 11:10:00,   59.74,   64.03,   53.66,   63.31,   66.03,   59.95
23/08/2013 11:15:00,   58.76,   61.64,   53.84,   63.37,   65.76,   58.10
23/08/2013 11:20:00,   57.92,   61.75,   51.76,   60.88,   64.63,   55.46
23/08/2013 11:25:00,   57.89,   61.00,   52.35,   61.27,   64.12,   55.62
23/08/2013 11:30:00,   57.42,   60.54,   51.91,   60.67,   63.82,   55.80
23/08/2013 11:35:00,   56.75,   59.92,   50.39,   60.01,   62.60,   54.72
23/08/2013 11:40:00,   56.75,   60.44,   49.95,   59.96,   62.62,   54.21
23/08/2013 11:45:00,   56.98,   60.43,   49.62,   61.18,   63.64,   55.14
23/08/2013 11:50:00,   57.10,   60.50,   51.74,   60.67,   63.76,   55.98
23/08/2013 11:55:00,   57.77,   61.07,   51.12,   62.49,   66.30,   55.67
23/08/2013 12:00:00,   57.49,   61.11,   51.06,   61.13,   64.22,   55.70
23/08/2013 12:05:00,   56.08,   59.15,   51.24,   60.11,   62.64,   55.66
23/08/2013 12:10:00,   56.00,   59.85,   50.14,   60.43,   63.82,   54.96
23/08/2013 12:15:00,   56.81,   59.93,   49.71,   60.71,   64.08,   54.94
23/08/2013 12:20:00,   55.86,   59.03,   50.61,   61.17,   64.03,   56.60
23/08/2013 12:25:00,   53.82,   58.80,   48.13,   58.94,   62.50,   54.17
23/08/2013 12:30:00,   57.03,   61.54,   48.39,   61.61,   65.45,   55.26
23/08/2013 12:35:00,   56.97,   60.09,   50.74,   60.56,   62.78,   56.42
23/08/2013 12:40:00,   57.08,   59.95,   50.46,   61.30,   63.61,   56.79
23/08/2013 12:45:00,   57.17,   61.06,   50.38,   60.94,   64.37,   55.00
23/08/2013 12:50:00,   56.17,   59.76,   48.26,   60.63,   63.18,   56.05
23/08/2013 12:55:00,   55.88,   60.05,   48.68,   60.37,   64.02,   54.88
23/08/2013 13:00:00,   55.87,   59.15,   47.95,   60.33,   63.01,   54.77
23/08/2013 13:05:00,   55.46,   59.55,   49.18,   59.42,   62.58,   54.62
23/08/2013 13:10:00,   56.09,   59.83,   49.14,   61.26,   64.79,   55.22
23/08/2013 13:15:00,   56.70,   59.98,   50.95,   60.91,   63.64,   56.57
23/08/2013 13:20:00,   55.34,   59.69,   48.64,   59.29,   62.48,   54.12
23/08/2013 13:25:00,   57.02,   61.10,   48.29,   60.36,   63.30,   54.70
23/08/2013 13:30:00,   57.29,   62.08,   49.55,   61.61,   65.90,   54.81
23/08/2013 13:35:00,   57.93,   61.19,   52.43,   60.74,   63.66,   55.89
23/08/2013 13:40:00,   58.79,   62.01,   51.03,   60.36,   63.29,   54.90
23/08/2013 13:45:00,   58.67,   62.71,   51.50,   62.05,   65.34,   57.30
23/08/2013 13:50:00,   58.84,   62.35,   51.97,   62.39,   65.05,   57.59
23/08/2013 13:55:00,   58.38,   61.70,   50.95,   61.50,   64.53,   54.91
23/08/2013 14:00:00,   57.23,   61.25,   49.83,   59.72,   62.65,   53.80
23/08/2013 14:05:00,   57.86,   60.85,   51.75,   60.20,   62.57,   54.97
23/08/2013 14:10:00,   58.01,   61.94,   49.61,   61.25,   64.59,   53.30
23/08/2013 14:15:00,   58.33,   61.76,   50.76,   60.93,   63.73,   55.65
23/08/2013 14:20:00,   58.18,   62.02,   51.46,   61.83,   65.16,   56.27
23/08/2013 14:25:00,   58.35,   61.94,   51.14,   61.52,   64.95,   55.22
23/08/2013 14:30:00,   58.42,   61.10,   53.22,   61.55,   64.02,   56.39
23/08/2013 14:35:00,   57.67,   60.32,   52.54,   60.69,   63.34,   56.52
23/08/2013 14:40:00,   57.10,   59.96,   52.14,   61.08,   64.23,   56.62
23/08/2013 14:45:00,   56.35,   59.24,   51.25,   60.69,   64.04,   56.19
23/08/2013 14:50:00,   56.34,   59.37,   50.90,   60.73,   64.06,   56.07
23/08/2013 14:55:00,   55.53,   59.13,   49.58,   60.02,   63.05,   54.53
23/08/2013 15:00:00,   55.44,   58.22,   49.68,   59.82,   62.47,   55.52
23/08/2013 15:05:00,   56.76,   60.61,   52.27,   61.07,   64.91,   57.23
23/08/2013 15:10:00,   57.50,   60.22,   52.86,   61.04,   63.57,   57.20
23/08/2013 15:15:00,   56.08,   59.30,   51.41,   60.29,   63.02,   56.09
23/08/2013 15:20:00,   57.47,   60.54,   52.16,   61.61,   64.58,   57.10
23/08/2013 15:25:00,   57.62,   60.35,   52.54,   60.83,   63.41,   56.07
23/08/2013 15:30:00,   57.79,   60.80,   50.57,   61.31,   64.11,   55.05
23/08/2013 15:35:00,   57.44,   59.93,   52.53,   61.49,   64.54,   57.00
23/08/2013 15:40:00,   58.28,   61.28,   52.79,   61.38,   63.86,   56.98
23/08/2013 15:45:00,   58.14,   61.10,   52.25,   61.05,   63.92,   55.70
23/08/2013 15:50:00,   58.61,   62.61,   51.16,   61.89,   66.05,   55.41
23/08/2013 15:55:00,   56.20,   59.49,   51.13,   59.63,   62.22,   55.56
23/08/2013 16:00:00,   56.66,   59.70,   51.77,   60.20,   62.81,   55.68
23/08/2013 16:05:00,   58.06,   60.72,   52.96,   60.90,   63.65,   56.59
23/08/2013 16:10:00,   57.60,   60.45,   52.52,   61.07,   63.78,   56.06
23/08/2013 16:15:00,   57.24,   60.59,   50.27,   60.34,   62.81,   54.95
23/08/2013 16:20:00,   56.76,   59.79,   51.58,   60.98,   63.70,   56.47
23/08/2013 16:25:00,   57.02,   59.88,   51.27,   60.70,   62.78,   56.25
23/08/2013 16:30:00,   56.29,   59.90,   51.21,   60.62,   63.87,   55.83
23/08/2013 16:35:00,   57.46,   60.66,   50.54,   60.64,   63.83,   55.01
23/08/2013 16:40:00,   56.95,   59.84,   51.36,   59.92,   62.50,   55.36
23/08/2013 16:45:00,   57.20,   60.85,   50.21,   61.47,   65.68,   55.56
23/08/2013 16:50:00,   56.61,   59.68,   49.61,   60.26,   62.82,   55.03
23/08/2013 16:55:00,   56.51,   60.51,   50.06,   61.54,   65.19,   55.88
23/08/2013 17:00:00,   57.26,   60.36,   51.06,   61.78,   65.17,   56.31
23/08/2013 17:05:00,   56.23,   59.00,   49.46,   60.49,   63.89,   54.18
23/08/2013 17:10:00,   58.53,   61.18,   51.47,   62.22,   65.15,   55.74
23/08/2013 17:15:00,   57.14,   59.93,   51.56,   60.66,   62.33,   55.86
23/08/2013 17:20:00,   57.51,   61.04,   49.69,   60.86,   63.96,   54.21
23/08/2013 17:25:00,   57.91,   61.01,   51.58,   61.88,   64.74,   56.81
23/08/2013 17:30:00,   57.61,   61.03,   48.84,   62.27,   66.61,   54.26
23/08/2013 17:35:00,   57.74,   60.97,   50.03,   60.91,   63.76,   54.53
23/08/2013 17:40:00,   56.37,   60.29,   48.31,   61.06,   64.83,   54.18
23/08/2013 17:45:00,   57.80,   61.37,   51.21,   60.50,   63.41,   54.66
23/08/2013 17:50:00,   56.92,   60.68,   50.65,   60.38,   63.77,   54.42
23/08/2013 17:55:00,   58.01,   62.41,   51.12,   63.19,   68.04,   56.01
23/08/2013 18:00:00,   58.20,   60.93,   51.59,   62.07,   65.37,   56.32
23/08/2013 18:05:00,   57.89,   61.05,   51.04,   62.23,   64.97,   54.92
23/08/2013 18:10:00,   56.75,   59.60,   51.72,   60.17,   62.68,   55.84
23/08/2013 18:15:00,   56.97,   60.05,   52.33,   61.01,   63.73,   57.11
23/08/2013 18:20:00,   56.52,   59.58,   52.00,   60.08,   62.53,   56.13
23/08/2013 18:25:00,   56.45,   59.14,   51.37,   60.40,   62.93,   55.85
23/08/2013 18:30:00,   57.41,   60.64,   51.71,   62.63,   66.55,   56.75
23/08/2013 18:35:00,   57.51,   60.42,   53.42,   61.59,   64.48,   57.10
23/08/2013 18:40:00,   57.30,   60.24,   52.29,   60.45,   63.10,   56.45
23/08/2013 18:45:00,   57.56,   60.44,   53.45,   60.66,   63.23,   56.77
23/08/2013 18:50:00,   56.69,   59.60,   52.48,   60.15,   62.50,   56.18
23/08/2013 18:55:00,   58.62,   61.81,   53.37,   61.28,   63.75,   57.21
23/08/2013 19:00:00,   58.05,   61.51,   52.53,   60.87,   64.07,   56.31
23/08/2013 19:05:00,   57.93,   60.61,   52.67,   61.19,   64.58,   55.70
23/08/2013 19:10:00,   57.62,   59.92,   54.48,   60.70,   62.72,   57.78
23/08/2013 19:15:00,   58.13,   60.35,   54.88,   61.40,   64.54,   58.11
23/08/2013 19:20:00,   58.24,   60.59,   54.15,   62.94,   65.62,   58.91
23/08/2013 19:25:00,   56.38,   59.11,   51.74,   59.47,   61.85,   55.33
23/08/2013 19:30:00,   57.23,   60.01,   52.75,   60.68,   63.10,   56.42
23/08/2013 19:35:00,   58.10,   60.52,   53.21,   62.11,   65.08,   57.24
23/08/2013 19:40:00,   57.06,   59.91,   51.83,   61.00,   64.22,   55.21
23/08/2013 19:45:00,   57.17,   60.72,   52.82,   61.61,   65.30,   56.82
23/08/2013 19:50:00,   57.46,   59.63,   53.43,   60.59,   62.70,   57.12
23/08/2013 19:55:00,   56.80,   59.54,   51.38,   59.93,   61.88,   55.02
23/08/2013 20:00:00,   57.42,   60.08,   52.78,   62.00,   65.37,   57.44
23/08/2013 20:05:00,   57.14,   59.79,   52.77,   60.93,   63.03,   56.88
23/08/2013 20:10:00,   57.03,   59.70,   53.41,   60.89,   63.58,   57.12
23/08/2013 20:15:00,   56.68,   60.22,   52.01,   59.55,   62.26,   54.98
23/08/2013 20:20:00,   57.97,   60.87,   52.61,   61.83,   65.70,   55.61
23/08/2013 20:25:00,   56.79,   59.65,   52.52,   60.73,   63.60,   56.18
23/08/2013 20:30:00,   57.25,   59.89,   53.66,   60.16,   62.91,   56.69
23/08/2013 20:35:00,   57.52,   60.38,   53.34,   60.21,   62.43,   56.32
23/08/2013 20:40:00,   57.50,   60.11,   53.16,   62.26,   65.00,   56.54
23/08/2013 20:45:00,   57.45,   60.08,   52.99,   60.18,   62.42,   55.63
23/08/2013 20:50:00,   56.42,   59.21,   52.02,   59.22,   61.71,   55.55
23/08/2013 20:55:00,   56.96,   59.87,   53.02,   60.64,   63.40,   56.43
23/08/2013 21:00:00,   56.71,   59.61,   52.02,   60.00,   62.31,   55.72
23/08/2013 21:05:00,   56.44,   59.30,   50.80,   60.31,   63.41,   54.91
23/08/2013 21:10:00,   56.41,   59.36,   51.84,   59.91,   61.98,   56.04
23/08/2013 21:15:00,   55.93,   59.32,   51.46,   58.96,   61.96,   54.85
23/08/2013 21:20:00,   57.68,   61.13,   52.07,   61.62,   66.02,   55.98
23/08/2013 21:25:00,   55.81,   58.30,   52.18,   58.71,   61.08,   55.48
23/08/2013 21:30:00,   56.13,   58.93,   51.51,   59.31,   61.97,   55.05
23/08/2013 21:35:00,   56.74,   60.13,   50.96,   60.24,   64.39,   54.68
23/08/2013 21:40:00,   55.05,   58.58,   48.75,   59.49,   63.05,   52.98
23/08/2013 21:45:00,   56.54,   59.88,   52.11,   59.35,   62.35,   54.95
23/08/2013 21:50:00,   55.89,   58.94,   51.58,   58.96,   62.09,   54.59
23/08/2013 21:55:00,   55.04,   58.89,   49.73,   57.94,   61.28,   53.11
23/08/2013 22:00:00,   55.79,   59.38,   48.96,   58.49,   61.41,   52.38
23/08/2013 22:05:00,   56.49,   59.76,   51.37,   59.09,   62.29,   53.84
23/08/2013 22:10:00,   57.21,   59.43,   53.51,   59.68,   62.02,   56.25
23/08/2013 22:15:00,   56.86,   60.30,   53.05,   60.05,   63.11,   56.09
23/08/2013 22:20:00,   56.39,   59.80,   51.91,   59.80,   62.37,   55.90
23/08/2013 22:25:00,   56.90,   60.04,   52.24,   59.25,   61.74,   54.48
23/08/2013 22:30:00,   56.75,   59.69,   52.67,   58.80,   61.34,   55.46
23/08/2013 22:35:00,   57.04,   60.05,   50.88,   60.23,   62.87,   54.33
23/08/2013 22:40:00,   57.17,   60.53,   52.62,   59.17,   62.07,   54.94
23/08/2013 22:45:00,   55.75,   58.83,   51.50,   57.46,   60.04,   54.17
23/08/2013 22:50:00,   56.91,   60.42,   50.37,   59.10,   62.50,   53.45
23/08/2013 22:55:00,   56.47,   59.57,   51.84,   59.04,   61.82,   55.38
23/08/2013 23:00:00,   55.22,   59.30,   49.85,   57.63,   61.29,   52.78
23/08/2013 23:05:00,   55.84,   60.72,   49.00,   58.33,   62.05,   52.41
23/08/2013 23:10:00,   55.69,   59.44,   50.36,   57.83,   61.26,   52.84
23/08/2013 23:15:00,   56.53,   60.29,   50.35,   58.85,   62.49,   53.43
23/08/2013 23:20:00,   55.44,   59.41,   49.50,   57.53,   60.99,   52.75
23/08/2013 23:25:00,   54.25,   57.52,   48.63,   56.59,   59.80,   51.41
23/08/2013 23:30:00,   54.67,   58.65,   48.08,   57.19,   61.22,   51.09
23/08/2013 23:35:00,   55.09,   59.10,   47.96,   57.73,   60.59,   51.11
23/08/2013 23:40:00,   55.11,   59.03,   49.73,   57.20,   60.44,   52.52
23/08/2013 23:45:00,   53.91,   58.56,   47.74,   56.13,   60.40,   50.97
23/08/2013 23:50:00,   54.17,   57.93,   48.30,   56.25,   59.57,   51.61
23/08/2013 23:56:00,   54.12,   59.12,   46.74,   56.98,   61.07,   50.07

