# noise_analysis run from DCC-NOISE-001003 at Tue Nov 19 00:00:00 2013
# Monitoring unit located at 53.342609N 6.340721W
# logfile   = /home/root/noise_analysis.log
# cfg_dir   = /home/root/config
# outputdir = /home/root/noise
# Sensitivity = -26.271103
# Gain = 1.000000
# Time should be in local format (i.e. daylight savings time)
# dd/mm/yyyy hh:mm:ss, A Leq,   A L10,   A L95,   C Leq,   C L10,   C L95
19/11/2013 00:05:00,   54.65,   59.67,   47.77,   56.78,   60.84,   51.28
19/11/2013 00:10:00,   53.32,   57.28,   47.71,   55.84,   58.92,   51.59
19/11/2013 00:15:00,   54.00,   58.56,   46.69,   56.63,   60.63,   50.56
19/11/2013 00:20:00,   53.38,   58.48,   47.63,   56.53,   60.72,   51.29
19/11/2013 00:25:00,   53.64,   59.41,   47.48,   56.26,   60.99,   50.98
19/11/2013 00:30:00,   50.13,   53.90,   45.48,   52.92,   56.32,   49.58
19/11/2013 00:35:00,   51.77,   57.47,   46.48,   54.12,   58.29,   50.17
19/11/2013 00:40:00,   52.67,   58.77,   46.90,   54.94,   59.77,   50.54
19/11/2013 00:45:00,   51.49,   57.82,   44.68,   53.55,   58.70,   48.90
19/11/2013 00:50:00,   53.13,   57.99,   46.83,   55.17,   59.72,   50.17
19/11/2013 00:55:00,   51.62,   56.70,   45.71,   53.81,   57.50,   49.14
19/11/2013 01:00:00,   52.36,   58.43,   45.79,   54.93,   60.42,   49.29
19/11/2013 01:06:00,   53.06,   58.97,   46.09,   55.79,   60.89,   49.61
19/11/2013 01:11:00,   50.66,   55.05,   45.63,   53.66,   57.42,   49.44
19/11/2013 01:16:00,   53.79,   59.17,   45.86,   55.93,   60.06,   50.27
19/11/2013 01:21:00,   52.28,   57.58,   44.43,   54.40,   58.93,   48.56
19/11/2013 01:26:00,   51.40,   57.63,   44.06,   53.82,   58.93,   48.36
19/11/2013 01:31:00,   53.68,   58.70,   46.20,   55.42,   59.93,   49.47
19/11/2013 01:36:00,   49.74,   55.35,   44.05,   52.33,   56.04,   48.80
19/11/2013 01:41:00,   52.83,   58.56,   44.31,   55.12,   60.24,   48.77
19/11/2013 01:46:00,   49.94,   55.40,   45.32,   53.10,   56.97,   49.63
19/11/2013 01:51:00,   54.15,   60.56,   45.46,   56.24,   61.89,   49.92
19/11/2013 01:56:00,   49.09,   53.08,   44.17,   52.36,   55.55,   48.41
19/11/2013 02:01:00,   50.36,   56.09,   44.82,   53.39,   58.68,   49.05
19/11/2013 02:06:00,   52.72,   58.81,   46.03,   55.06,   59.71,   49.93
19/11/2013 02:11:00,   49.36,   53.76,   44.87,   52.75,   56.29,   49.32
19/11/2013 02:16:00,   50.41,   54.93,   45.20,   53.84,   57.07,   50.19
19/11/2013 02:21:00,   50.33,   55.74,   45.61,   53.55,   57.56,   50.16
19/11/2013 02:26:00,   50.66,   55.87,   45.76,   53.76,   58.04,   49.73
19/11/2013 02:31:00,   48.10,   53.47,   43.17,   51.17,   54.69,   47.73
19/11/2013 02:36:00,   48.10,   51.15,   43.84,   51.17,   54.01,   48.12
19/11/2013 02:41:00,   45.67,   46.73,   44.19,   49.54,   50.49,   48.26
19/11/2013 02:46:00,   47.84,   51.55,   43.48,   51.32,   53.98,   47.89
19/11/2013 02:51:00,   48.73,   51.81,   44.31,   52.45,   54.31,   49.41
19/11/2013 02:56:00,   47.96,   50.94,   44.87,   52.35,   54.41,   49.92
19/11/2013 03:01:00,   49.30,   54.44,   44.03,   53.38,   57.94,   48.88
19/11/2013 03:06:00,   47.47,   52.45,   43.67,   51.36,   55.98,   48.29
19/11/2013 03:11:00,   51.00,   56.62,   45.08,   53.57,   57.94,   49.16
19/11/2013 03:16:00,   48.63,   51.94,   45.13,   52.94,   56.37,   49.32
19/11/2013 03:21:00,   48.85,   53.59,   44.13,   52.94,   56.64,   48.48
19/11/2013 03:26:00,   48.35,   50.27,   44.33,   52.06,   53.49,   48.52
19/11/2013 03:31:00,   47.54,   49.34,   44.09,   51.13,   53.27,   48.16
19/11/2013 03:36:00,   51.04,   55.99,   43.73,   53.56,   57.54,   48.25
19/11/2013 03:41:00,   48.64,   51.25,   45.72,   52.97,   55.57,   50.35
19/11/2013 03:46:00,   50.20,   53.67,   46.47,   53.72,   56.23,   50.86
19/11/2013 03:51:00,   49.51,   53.42,   45.88,   53.46,   56.96,   50.15
19/11/2013 03:56:00,   50.06,   52.51,   46.31,   53.23,   54.83,   50.32
19/11/2013 04:01:00,   50.66,   55.51,   46.46,   54.21,   58.63,   50.56
19/11/2013 04:06:00,   48.65,   52.78,   44.45,   52.18,   54.77,   49.20
19/11/2013 04:11:00,   48.99,   51.89,   45.62,   52.61,   55.13,   50.10
19/11/2013 04:16:00,   49.36,   53.20,   45.61,   53.05,   56.60,   49.93
19/11/2013 04:21:00,   52.05,   58.05,   45.82,   54.35,   59.53,   49.60
19/11/2013 04:26:00,   50.65,   54.76,   45.86,   53.90,   57.55,   50.09
19/11/2013 04:31:00,   48.86,   52.52,   45.62,   52.23,   55.65,   49.70
19/11/2013 04:36:00,   48.70,   50.35,   45.91,   52.51,   54.33,   50.17
19/11/2013 04:41:00,   51.37,   56.33,   46.52,   54.27,   58.24,   50.80
19/11/2013 04:46:00,   51.14,   54.27,   47.83,   54.47,   56.76,   51.92
19/11/2013 04:51:00,   50.24,   54.33,   46.81,   53.28,   56.09,   50.66
19/11/2013 04:56:00,   50.16,   53.70,   47.37,   53.81,   56.44,   51.36
19/11/2013 05:01:00,   52.39,   56.89,   47.49,   55.22,   59.22,   51.66
19/11/2013 05:06:00,   50.94,   55.07,   47.20,   54.12,   56.89,   51.40
19/11/2013 05:11:00,   51.76,   56.22,   48.12,   55.39,   58.85,   52.20
19/11/2013 05:16:00,   49.12,   50.33,   47.29,   53.44,   54.69,   51.47
19/11/2013 05:21:00,   53.58,   57.54,   49.01,   57.00,   60.33,   53.07
19/11/2013 05:26:00,   53.10,   57.48,   48.92,   56.07,   59.26,   52.56
19/11/2013 05:31:00,   53.17,   56.98,   49.66,   56.53,   59.98,   53.37
19/11/2013 05:36:00,   54.26,   58.14,   50.08,   57.41,   60.62,   54.00
19/11/2013 05:41:00,   53.74,   59.15,   49.59,   56.58,   60.69,   53.47
19/11/2013 05:46:00,   53.21,   56.37,   49.27,   56.41,   58.87,   53.43
19/11/2013 05:51:00,   55.50,   59.29,   50.74,   58.03,   60.72,   54.69
19/11/2013 05:56:00,   54.52,   58.13,   50.83,   57.41,   59.70,   54.74
19/11/2013 06:01:00,   54.88,   58.24,   51.35,   58.41,   61.07,   55.35
19/11/2013 06:06:00,   53.87,   56.97,   50.00,   57.54,   59.95,   54.12
19/11/2013 06:11:00,   55.75,   60.29,   50.84,   58.86,   61.79,   54.92
19/11/2013 06:16:00,   57.18,   60.70,   53.09,   61.08,   65.29,   56.82
19/11/2013 06:21:00,   57.33,   60.33,   53.93,   59.76,   62.04,   57.34
19/11/2013 06:26:00,   55.77,   59.37,   52.93,   59.11,   62.45,   56.64
19/11/2013 06:31:00,   56.58,   59.87,   53.38,   59.72,   62.20,   57.24
19/11/2013 06:36:00,   58.24,   61.92,   54.16,   62.36,   67.28,   57.91
19/11/2013 06:41:00,   57.48,   59.46,   55.04,   61.13,   62.80,   58.99
19/11/2013 06:46:00,   59.16,   61.95,   55.35,   62.56,   64.98,   59.05
19/11/2013 06:51:00,   60.14,   63.17,   56.83,   64.24,   68.10,   60.41
19/11/2013 06:56:00,   58.81,   61.46,   56.21,   62.56,   65.11,   60.05
19/11/2013 07:01:00,   59.82,   62.49,   56.22,   63.16,   65.98,   59.89
19/11/2013 07:06:00,   59.86,   62.80,   56.66,   63.68,   66.62,   60.30
19/11/2013 07:11:00,   59.70,   62.02,   57.35,   62.90,   64.67,   60.58
19/11/2013 07:16:00,   60.53,   62.67,   57.98,   63.55,   65.16,   61.08
19/11/2013 07:21:00,   61.07,   63.79,   57.70,   65.06,   68.28,   61.45
19/11/2013 07:26:00,   60.81,   62.99,   57.72,   64.35,   66.85,   60.90
19/11/2013 07:31:00,   60.43,   62.65,   57.22,   63.84,   66.04,   60.91
19/11/2013 07:36:00,   60.68,   63.00,   57.31,   64.34,   66.82,   60.80
19/11/2013 07:41:00,   61.19,   63.48,   58.43,   64.84,   67.15,   61.51
19/11/2013 07:46:00,   60.81,   62.76,   58.58,   64.02,   65.67,   61.72
19/11/2013 07:51:00,   60.83,   62.90,   58.12,   63.81,   65.49,   61.89
19/11/2013 07:56:00,   60.96,   63.16,   57.92,   64.09,   66.18,   61.83
19/11/2013 08:01:00,   60.91,   63.03,   58.02,   64.04,   66.06,   61.87
19/11/2013 08:06:00,   59.89,   61.69,   57.36,   63.25,   64.73,   61.48
19/11/2013 08:11:00,   60.19,   62.46,   57.56,   64.16,   66.07,   61.61
19/11/2013 08:16:00,   60.18,   62.25,   57.66,   64.17,   66.17,   61.81
19/11/2013 08:21:00,   60.07,   62.29,   57.28,   63.96,   65.73,   61.52
19/11/2013 08:26:00,   59.39,   61.64,   56.76,   63.68,   65.50,   61.10
19/11/2013 08:31:00,   60.36,   62.79,   57.13,   64.61,   66.70,   61.76
19/11/2013 08:36:00,   59.66,   61.49,   57.27,   64.10,   65.81,   62.12
19/11/2013 08:41:00,   60.19,   63.26,   57.47,   63.83,   66.16,   61.63
19/11/2013 08:46:00,   59.99,   61.90,   57.29,   64.25,   66.33,   62.11
19/11/2013 08:51:00,   60.10,   62.17,   57.46,   64.34,   66.59,   61.82
19/11/2013 08:56:00,   60.08,   62.23,   58.02,   64.34,   66.39,   62.62
19/11/2013 09:01:00,   60.90,   63.73,   57.33,   64.96,   67.13,   61.89
19/11/2013 09:06:00,   60.18,   62.01,   57.84,   64.42,   66.18,   62.36
19/11/2013 09:11:00,   59.62,   61.89,   57.09,   63.75,   65.88,   61.25
19/11/2013 09:16:00,   60.55,   62.57,   56.94,   65.61,   68.25,   61.82
19/11/2013 09:21:00,   60.25,   62.58,   57.43,   65.29,   67.87,   62.22
19/11/2013 09:26:00,   60.54,   62.67,   56.65,   64.90,   67.51,   60.87
19/11/2013 09:31:00,   61.85,   64.99,   57.55,   65.66,   69.13,   61.65
19/11/2013 09:36:00,   60.13,   62.34,   57.16,   63.84,   66.21,   60.92
19/11/2013 09:41:00,   60.08,   61.91,   57.25,   63.71,   65.33,   61.15
19/11/2013 09:46:00,   60.03,   62.40,   57.12,   63.94,   66.39,   60.81
19/11/2013 09:51:00,   60.54,   62.71,   56.99,   63.99,   66.17,   60.98
19/11/2013 09:56:00,   59.87,   61.92,   56.76,   62.81,   64.52,   60.21
19/11/2013 10:01:00,   59.55,   62.47,   56.27,   62.97,   65.41,   60.13
19/11/2013 10:06:00,   60.04,   62.70,   56.09,   63.89,   66.88,   60.08
19/11/2013 10:11:00,   61.14,   62.56,   56.34,   64.12,   65.83,   59.87
19/11/2013 10:16:00,   58.54,   61.33,   54.15,   62.47,   65.45,   58.74
19/11/2013 10:21:00,   58.38,   61.00,   54.29,   62.36,   64.68,   58.75
19/11/2013 10:26:00,   58.73,   61.21,   55.52,   62.10,   64.14,   59.00
19/11/2013 10:31:00,   58.93,   61.30,   53.99,   62.71,   64.80,   58.69
19/11/2013 10:36:00,   59.52,   62.20,   55.56,   62.96,   65.42,   59.62
19/11/2013 10:41:00,   59.14,   62.06,   55.13,   62.70,   65.01,   59.43
19/11/2013 10:46:00,   59.67,   61.63,   55.87,   63.78,   65.68,   59.69
19/11/2013 10:51:00,   60.29,   63.51,   55.43,   64.06,   66.77,   59.69
19/11/2013 10:56:00,   59.36,   62.47,   55.75,   62.82,   65.71,   59.74
19/11/2013 11:01:00,   59.72,   62.49,   55.10,   63.09,   65.65,   59.37
19/11/2013 11:06:00,   58.72,   61.35,   53.87,   63.04,   65.41,   58.26
19/11/2013 11:11:00,   58.75,   61.34,   54.58,   62.31,   64.44,   59.06
19/11/2013 11:16:00,   58.54,   61.03,   54.89,   61.84,   64.13,   58.93
19/11/2013 11:21:00,   58.93,   61.61,   54.77,   63.30,   66.36,   58.70
19/11/2013 11:26:00,   58.36,   61.35,   53.57,   61.93,   64.55,   57.79
19/11/2013 11:31:00,   57.91,   60.17,   54.46,   61.58,   63.54,   59.21
19/11/2013 11:36:00,   59.07,   62.16,   54.36,   63.04,   65.65,   59.22
19/11/2013 11:41:00,   58.57,   61.04,   54.77,   62.26,   64.83,   58.96
19/11/2013 11:46:00,   59.38,   62.04,   54.88,   62.21,   64.43,   58.62
19/11/2013 11:51:00,   58.42,   61.24,   53.59,   63.20,   66.89,   58.28
19/11/2013 11:56:00,   57.66,   60.32,   53.94,   61.52,   63.53,   58.05
19/11/2013 12:01:00,   67.51,   73.83,   57.80,   72.10,   78.11,   62.67
19/11/2013 12:06:00,   72.80,   81.53,   55.71,   75.14,   83.76,   60.01
19/11/2013 12:11:00,   70.13,   75.62,   57.55,   74.51,   79.29,   62.93
19/11/2013 12:16:00,   71.50,   76.57,   58.63,   75.17,   79.18,   63.95
19/11/2013 12:21:00,   68.37,   75.16,   59.82,   70.63,   76.47,   63.28
19/11/2013 12:26:00,   64.79,   67.87,   55.75,   71.91,   75.83,   59.39
19/11/2013 12:31:00,   62.17,   64.57,   59.13,   67.65,   71.26,   63.31
19/11/2013 12:36:00,   64.74,   68.54,   56.91,   71.09,   73.91,   61.41
19/11/2013 12:41:00,   66.46,   71.31,   55.06,   71.03,   76.79,   58.59
19/11/2013 12:46:00,   66.86,   71.51,   56.47,   72.62,   76.78,   61.37
19/11/2013 12:51:00,   67.57,   72.15,   58.86,   70.42,   75.76,   61.51
19/11/2013 12:56:00,   60.21,   62.93,   54.15,   63.82,   66.46,   58.31
19/11/2013 13:01:00,   58.78,   61.81,   53.49,   62.22,   64.72,   57.65
19/11/2013 13:06:00,   57.53,   60.86,   52.75,   61.22,   64.22,   56.69
19/11/2013 13:11:00,   57.79,   60.65,   53.99,   61.29,   63.87,   57.73
19/11/2013 13:16:00,   57.58,   60.13,   54.52,   61.80,   64.00,   58.81
19/11/2013 13:21:00,   58.70,   61.90,   54.43,   61.81,   64.12,   58.44
19/11/2013 13:26:00,   58.35,   61.92,   53.60,   61.32,   64.46,   57.34
19/11/2013 13:31:00,   58.50,   61.81,   51.60,   62.00,   64.46,   56.94
19/11/2013 13:36:00,   58.06,   61.18,   52.81,   62.09,   65.68,   57.37
19/11/2013 13:41:00,   60.40,   64.57,   52.80,   65.18,   70.20,   56.44
19/11/2013 13:46:00,   63.76,   65.57,   61.17,   69.29,   70.91,   66.85
19/11/2013 13:51:00,   64.94,   67.24,   60.40,   69.99,   71.74,   66.98
19/11/2013 13:56:00,   66.09,   68.76,   62.53,   70.90,   73.08,   67.86
19/11/2013 14:01:00,   66.85,   69.37,   61.68,   71.05,   73.29,   65.47
19/11/2013 14:06:00,   66.79,   69.58,   63.23,   73.56,   75.17,   68.03
19/11/2013 14:11:00,   70.16,   76.31,   59.31,   78.12,   85.30,   63.96
19/11/2013 14:16:00,   64.60,   67.19,   57.57,   67.35,   69.85,   61.96
19/11/2013 14:21:00,   66.44,   70.29,   56.67,   68.89,   72.53,   62.11
19/11/2013 14:26:00,   66.06,   70.49,   55.26,   68.53,   72.67,   59.13
19/11/2013 14:31:00,   58.97,   61.37,   53.88,   63.24,   66.56,   58.39
19/11/2013 14:36:00,   58.20,   60.78,   53.94,   61.85,   65.30,   57.34
19/11/2013 14:41:00,   57.35,   60.75,   53.49,   61.17,   64.36,   57.59
19/11/2013 14:46:00,   57.59,   60.19,   53.46,   61.85,   63.95,   58.25
19/11/2013 14:51:00,   58.94,   61.21,   54.27,   62.40,   64.62,   58.71
19/11/2013 14:56:00,   58.93,   61.80,   54.71,   63.15,   65.76,   59.42
19/11/2013 15:01:00,   58.49,   61.06,   53.30,   62.00,   64.71,   57.91
19/11/2013 15:06:00,   58.94,   61.64,   54.78,   62.39,   64.71,   58.11
19/11/2013 15:11:00,   58.87,   61.92,   54.07,   61.56,   64.03,   57.71
19/11/2013 15:16:00,   58.31,   60.52,   55.63,   61.96,   64.07,   59.17
19/11/2013 15:21:00,   59.41,   62.21,   55.12,   62.69,   65.35,   58.26
19/11/2013 15:26:00,   59.82,   61.62,   57.19,   62.96,   64.77,   59.86
19/11/2013 15:31:00,   58.64,   60.58,   56.13,   62.77,   64.73,   60.12
19/11/2013 15:36:00,   58.91,   61.25,   55.12,   62.89,   64.85,   59.42
19/11/2013 15:41:00,   59.35,   61.57,   55.64,   62.80,   65.18,   59.42
19/11/2013 15:46:00,   59.27,   62.12,   55.24,   63.30,   66.58,   59.02
19/11/2013 15:51:00,   60.23,   62.68,   55.80,   63.94,   66.97,   59.42
19/11/2013 15:56:00,   59.41,   61.78,   54.29,   62.55,   64.98,   58.19
19/11/2013 16:01:00,   58.72,   60.88,   55.78,   61.93,   63.86,   59.02
19/11/2013 16:06:00,   59.58,   62.01,   56.22,   62.91,   65.08,   60.01
19/11/2013 16:11:00,   59.40,   61.55,   56.50,   63.26,   65.25,   59.93
19/11/2013 16:16:00,   59.99,   61.64,   57.60,   63.14,   65.00,   60.94
19/11/2013 16:21:00,   59.77,   61.80,   57.11,   63.33,   65.36,   60.87
19/11/2013 16:26:00,   61.54,   62.62,   56.82,   64.18,   65.95,   60.34
19/11/2013 16:31:00,   60.43,   62.53,   57.80,   64.08,   66.13,   61.50
19/11/2013 16:36:00,   61.06,   63.42,   57.46,   64.83,   67.64,   61.14
19/11/2013 16:41:00,   60.05,   62.23,   56.95,   62.75,   64.52,   60.16
19/11/2013 16:46:00,   59.65,   61.54,   56.98,   63.28,   65.00,   60.29
19/11/2013 16:51:00,   60.05,   62.07,   56.53,   63.81,   66.16,   60.09
19/11/2013 16:56:00,   58.55,   60.71,   56.49,   62.42,   64.17,   60.62
19/11/2013 17:01:00,   59.89,   62.47,   56.54,   63.00,   65.23,   60.03
19/11/2013 17:06:00,   59.85,   61.83,   57.03,   62.86,   64.45,   60.55
19/11/2013 17:11:00,   60.04,   62.22,   56.36,   63.82,   65.74,   60.20
19/11/2013 17:16:00,   59.73,   61.78,   56.97,   63.63,   65.76,   60.91
19/11/2013 17:21:00,   59.62,   61.79,   56.60,   62.76,   64.35,   60.47
19/11/2013 17:26:00,   59.99,   62.09,   57.30,   63.64,   65.88,   60.47
19/11/2013 17:31:00,   60.14,   62.01,   57.26,   63.16,   64.54,   60.35
19/11/2013 17:36:00,   59.49,   61.87,   55.57,   62.98,   65.38,   59.61
19/11/2013 17:41:00,   60.42,   62.03,   56.76,   63.31,   65.10,   59.86
19/11/2013 17:46:00,   59.69,   61.66,   57.12,   63.36,   65.53,   60.66
19/11/2013 17:51:00,   58.95,   61.30,   56.52,   62.83,   64.90,   60.40
19/11/2013 17:56:00,   59.99,   61.92,   56.55,   62.95,   64.50,   60.58
19/11/2013 18:01:00,   59.92,   61.67,   57.39,   62.89,   64.52,   60.87
19/11/2013 18:06:00,   59.56,   61.76,   56.81,   62.91,   64.71,   60.74
19/11/2013 18:11:00,   60.08,   62.62,   56.81,   62.76,   64.89,   60.14
19/11/2013 18:16:00,   59.50,   62.29,   55.99,   62.82,   64.85,   59.75
19/11/2013 18:21:00,   59.68,   62.28,   56.37,   62.71,   64.93,   59.74
19/11/2013 18:26:00,   59.30,   61.73,   56.35,   63.24,   65.73,   60.21
19/11/2013 18:31:00,   59.56,   61.49,   56.39,   62.30,   64.01,   59.67
19/11/2013 18:36:00,   59.27,   61.69,   55.79,   62.02,   63.96,   59.26
19/11/2013 18:41:00,   59.46,   61.68,   56.56,   62.79,   65.05,   59.73
19/11/2013 18:46:00,   59.91,   62.09,   56.89,   62.98,   65.14,   60.11
19/11/2013 18:51:00,   59.68,   61.52,   56.74,   63.11,   65.61,   60.15
19/11/2013 18:56:00,   59.63,   61.70,   56.25,   62.51,   64.64,   59.74
19/11/2013 19:01:00,   60.51,   63.02,   57.15,   63.93,   66.96,   60.42
19/11/2013 19:06:00,   59.52,   61.77,   55.93,   62.31,   63.98,   58.97
19/11/2013 19:11:00,   60.05,   62.22,   55.82,   63.04,   64.99,   59.17
19/11/2013 19:16:00,   59.39,   61.34,   56.04,   63.13,   65.49,   59.43
19/11/2013 19:21:00,   59.52,   62.21,   55.76,   62.18,   64.56,   59.23
19/11/2013 19:26:00,   60.00,   61.94,   55.97,   62.77,   64.83,   59.05
19/11/2013 19:31:00,   60.55,   63.91,   55.34,   65.05,   68.37,   58.53
19/11/2013 19:36:00,   58.64,   61.12,   54.88,   61.74,   64.10,   58.38
19/11/2013 19:41:00,   59.04,   61.27,   55.39,   62.07,   63.91,   58.85
19/11/2013 19:46:00,   59.05,   61.64,   55.97,   61.89,   64.24,   58.87
19/11/2013 19:51:00,   59.30,   62.05,   55.22,   62.46,   65.53,   58.76
19/11/2013 19:56:00,   59.60,   62.02,   55.10,   62.57,   65.09,   58.29
19/11/2013 20:01:00,   58.46,   60.87,   54.97,   60.96,   62.95,   58.15
19/11/2013 20:06:00,   58.45,   61.70,   55.13,   62.38,   65.51,   58.24
19/11/2013 20:11:00,   59.00,   61.31,   55.37,   61.77,   63.79,   58.34
19/11/2013 20:16:00,   59.52,   62.32,   54.87,   62.74,   64.93,   58.90
19/11/2013 20:21:00,   58.49,   61.38,   54.97,   61.94,   65.15,   58.23
19/11/2013 20:26:00,   58.74,   61.03,   54.90,   63.47,   66.41,   57.26
19/11/2013 20:31:00,   59.18,   61.92,   54.36,   63.14,   66.43,   57.87
19/11/2013 20:36:00,   58.24,   60.92,   55.04,   60.85,   63.27,   57.98
19/11/2013 20:41:00,   58.17,   61.25,   54.85,   60.65,   63.82,   57.85
19/11/2013 20:46:00,   58.94,   61.32,   55.77,   62.44,   64.96,   58.40
19/11/2013 20:51:00,   57.61,   60.39,   53.89,   60.51,   63.26,   56.84
19/11/2013 20:56:00,   58.91,   61.62,   54.80,   62.64,   66.03,   57.79
19/11/2013 21:01:00,   58.06,   61.16,   54.04,   60.87,   63.69,   57.24
19/11/2013 21:06:00,   59.54,   62.65,   54.56,   63.94,   68.87,   58.32
19/11/2013 21:11:00,   58.39,   61.48,   55.13,   62.05,   65.16,   58.46
19/11/2013 21:16:00,   57.88,   60.97,   53.76,   60.74,   63.49,   56.88
19/11/2013 21:21:00,   58.26,   60.78,   54.72,   61.52,   64.47,   58.46
19/11/2013 21:26:00,   58.36,   61.09,   54.17,   61.77,   64.04,   57.21
19/11/2013 21:31:00,   55.87,   58.28,   53.24,   59.37,   62.06,   56.45
19/11/2013 21:36:00,   58.53,   60.94,   53.98,   61.31,   64.05,   56.47
19/11/2013 21:41:00,   58.39,   61.72,   53.60,   62.04,   64.93,   56.90
19/11/2013 21:46:00,   58.20,   61.20,   54.22,   61.11,   63.58,   57.51
19/11/2013 21:51:00,   56.78,   60.45,   52.43,   61.92,   67.60,   55.86
19/11/2013 21:56:00,   56.33,   58.93,   53.42,   59.28,   61.53,   56.82
19/11/2013 22:01:00,   57.80,   60.99,   53.64,   61.81,   64.53,   56.99
19/11/2013 22:06:00,   57.19,   59.95,   53.85,   61.28,   64.57,   57.22
19/11/2013 22:11:00,   58.33,   61.09,   54.60,   61.78,   64.82,   57.76
19/11/2013 22:16:00,   57.64,   60.86,   53.50,   61.10,   64.15,   56.87
19/11/2013 22:21:00,   57.22,   60.05,   53.51,   60.34,   63.51,   56.39
19/11/2013 22:26:00,   57.01,   59.39,   53.88,   60.29,   62.46,   57.42
19/11/2013 22:31:00,   56.42,   60.00,   51.44,   59.31,   62.18,   55.14
19/11/2013 22:36:00,   56.73,   60.13,   52.45,   59.86,   62.57,   56.26
19/11/2013 22:41:00,   56.25,   59.33,   52.17,   59.10,   61.51,   55.64
19/11/2013 22:46:00,   55.95,   58.95,   52.35,   60.75,   63.86,   55.81
19/11/2013 22:51:00,   56.37,   59.01,   53.07,   59.86,   62.66,   56.42
19/11/2013 22:56:00,   56.28,   59.88,   51.77,   60.22,   63.60,   55.18
19/11/2013 23:01:00,   57.77,   61.87,   51.52,   60.85,   65.03,   55.30
19/11/2013 23:06:00,   56.25,   60.17,   50.78,   59.43,   62.79,   54.17
19/11/2013 23:11:00,   56.09,   60.21,   51.23,   59.84,   62.94,   54.56
19/11/2013 23:16:00,   56.17,   58.73,   52.31,   59.52,   62.62,   55.37
19/11/2013 23:21:00,   55.07,   58.40,   50.88,   58.69,   61.89,   54.44
19/11/2013 23:26:00,   56.60,   60.61,   51.57,   60.08,   63.01,   55.05
19/11/2013 23:31:00,   55.44,   58.90,   51.20,   59.61,   62.53,   54.78
19/11/2013 23:36:00,   55.49,   58.70,   51.26,   61.68,   65.64,   55.98
19/11/2013 23:41:00,   54.20,   58.62,   49.62,   57.52,   60.81,   53.48
19/11/2013 23:46:00,   55.04,   59.05,   50.23,   58.62,   62.33,   53.69
19/11/2013 23:51:00,   53.59,   58.40,   48.89,   56.80,   60.60,   52.48
19/11/2013 23:56:00,   52.14,   56.36,   48.37,   56.31,   60.13,   52.25

