# noise_analysis run from DCC-NOISE-001003 at Thu Mar  7 00:00:00 2013
# Monitoring unit located at 53.342609N 6.340721W
# logfile   = /home/root/noise_analysis.log
# cfg_dir   = /home/root/config
# outputdir = /home/root/noise
# Sensitivity = -26.271103
# Gain = 1.000000
# Time should be in local format (i.e. daylight savings time)
# dd/mm/yyyy hh:mm:ss, A Leq,   A L10,   A L95,   C Leq,   C L10,   C L95
07/03/2013 00:05:00,   55.62,   61.43,   45.07,   57.20,   62.94,   47.24
07/03/2013 00:10:00,   55.28,   61.97,   45.13,   56.58,   63.10,   46.99
07/03/2013 00:15:00,   53.00,   58.77,   40.88,   54.48,   59.62,   43.88
07/03/2013 00:20:00,   53.71,   60.09,   43.22,   54.81,   60.54,   45.31
07/03/2013 00:25:00,   54.21,   60.52,   43.41,   55.09,   60.69,   45.81
07/03/2013 00:30:00,   52.71,   59.73,   42.07,   56.71,   61.94,   44.91
07/03/2013 00:35:00,   50.09,   55.77,   41.13,   51.61,   56.84,   43.91
07/03/2013 00:40:00,   52.69,   59.58,   42.75,   54.18,   60.19,   45.24
07/03/2013 00:45:00,   51.95,   59.37,   41.73,   52.95,   59.60,   44.42
07/03/2013 00:50:00,   51.91,   58.56,   43.35,   53.11,   59.14,   45.79
07/03/2013 00:55:00,   52.10,   59.34,   40.94,   53.23,   59.89,   43.79
07/03/2013 01:00:00,   52.72,   58.78,   39.91,   53.75,   59.85,   43.39
07/03/2013 01:05:00,   51.56,   59.02,   40.49,   52.86,   59.88,   43.19
07/03/2013 01:10:00,   51.01,   58.27,   37.47,   52.16,   58.64,   41.74
07/03/2013 01:15:00,   48.21,   55.93,   39.02,   49.70,   56.47,   42.83
07/03/2013 01:20:00,   52.09,   60.11,   40.59,   52.91,   60.26,   43.58
07/03/2013 01:25:00,   48.84,   57.45,   37.85,   50.21,   58.26,   41.53
07/03/2013 01:30:00,   48.00,   55.57,   38.02,   49.69,   56.76,   41.26
07/03/2013 01:35:00,   48.56,   55.54,   39.02,   50.19,   56.45,   42.44
07/03/2013 01:40:00,   47.17,   52.23,   38.55,   48.58,   53.92,   41.31
07/03/2013 01:45:00,   49.85,   58.22,   39.09,   51.00,   58.92,   41.92
07/03/2013 01:50:00,   49.87,   57.68,   39.98,   50.72,   58.09,   42.01
07/03/2013 01:55:00,   50.10,   57.65,   39.29,   50.98,   58.22,   41.26
07/03/2013 02:00:00,   51.28,   58.68,   40.39,   52.51,   59.36,   42.77
07/03/2013 02:05:00,   45.13,   53.62,   36.66,   46.67,   54.30,   39.80
07/03/2013 02:10:00,   47.36,   56.97,   36.98,   48.19,   56.96,   39.78
07/03/2013 02:15:00,   44.45,   51.52,   36.02,   45.92,   51.97,   39.16
07/03/2013 02:20:00,   47.67,   54.58,   37.37,   49.61,   56.62,   41.48
07/03/2013 02:25:00,   49.92,   58.15,   37.58,   51.14,   58.69,   41.22
07/03/2013 02:30:00,   45.26,   51.11,   36.39,   47.36,   53.13,   40.99
07/03/2013 02:35:00,   42.32,   43.90,   36.46,   45.19,   45.80,   41.33
07/03/2013 02:40:00,   43.58,   47.25,   37.19,   46.13,   49.13,   42.11
07/03/2013 02:45:00,   42.55,   45.77,   36.39,   46.06,   49.13,   42.08
07/03/2013 02:50:00,   48.04,   56.69,   37.12,   49.99,   57.78,   41.75
07/03/2013 02:55:00,   46.72,   54.88,   37.07,   48.32,   56.20,   41.41
07/03/2013 03:00:00,   46.83,   54.40,   36.94,   48.41,   55.01,   41.14
07/03/2013 03:05:00,   46.05,   54.61,   37.09,   48.86,   56.45,   42.60
07/03/2013 03:10:00,   48.00,   55.64,   37.15,   50.32,   57.38,   42.89
07/03/2013 03:15:00,   46.36,   53.75,   36.73,   48.62,   55.62,   40.77
07/03/2013 03:20:00,   47.36,   55.91,   36.56,   49.16,   57.17,   40.39
07/03/2013 03:25:00,   41.00,   44.96,   35.62,   43.51,   45.35,   39.57
07/03/2013 03:30:00,   45.57,   51.74,   36.84,   48.30,   53.60,   40.73
07/03/2013 03:35:00,   45.34,   52.26,   35.31,   48.12,   54.83,   38.34
07/03/2013 03:40:00,   44.00,   51.62,   35.61,   46.19,   53.50,   38.89
07/03/2013 03:45:00,   47.75,   55.70,   35.32,   49.16,   56.76,   38.54
07/03/2013 03:50:00,   48.23,   58.29,   35.91,   50.12,   59.62,   39.22
07/03/2013 03:55:00,   49.28,   57.55,   38.13,   51.76,   59.50,   41.65
07/03/2013 04:00:00,   46.76,   54.10,   35.18,   48.59,   55.12,   38.95
07/03/2013 04:05:00,   41.16,   42.46,   36.89,   44.01,   45.38,   40.18
07/03/2013 04:10:00,   46.64,   52.15,   36.80,   48.75,   54.21,   40.11
07/03/2013 04:15:00,   39.68,   42.21,   36.85,   42.23,   44.29,   40.02
07/03/2013 04:20:00,   44.32,   46.48,   38.07,   46.00,   48.01,   41.25
07/03/2013 04:25:00,   45.61,   53.07,   37.02,   47.51,   54.18,   40.93
07/03/2013 04:30:00,   49.24,   57.06,   39.07,   50.86,   58.35,   42.10
07/03/2013 04:35:00,   47.73,   55.23,   37.50,   49.41,   57.73,   41.20
07/03/2013 04:40:00,   47.36,   53.99,   39.40,   49.60,   55.88,   43.23
07/03/2013 04:45:00,   47.70,   53.92,   38.89,   49.55,   55.39,   41.87
07/03/2013 04:50:00,   48.48,   55.37,   40.18,   49.84,   55.99,   42.75
07/03/2013 04:55:00,   48.71,   53.39,   39.65,   49.48,   54.30,   42.75
07/03/2013 05:00:00,   52.00,   58.02,   41.34,   53.28,   58.87,   44.20
07/03/2013 05:05:00,   51.75,   58.55,   42.03,   52.81,   60.01,   44.79
07/03/2013 05:10:00,   49.77,   54.50,   42.79,   51.14,   56.39,   45.18
07/03/2013 05:15:00,   48.38,   53.64,   41.31,   49.30,   53.94,   44.34
07/03/2013 05:20:00,   51.58,   57.28,   43.08,   53.01,   58.26,   45.34
07/03/2013 05:25:00,   50.16,   55.68,   42.59,   51.55,   56.57,   45.13
07/03/2013 05:30:00,   50.47,   56.94,   42.08,   52.15,   58.84,   43.97
07/03/2013 05:35:00,   53.47,   58.21,   44.60,   54.65,   59.61,   46.14
07/03/2013 05:40:00,   51.16,   55.42,   43.21,   52.41,   56.73,   45.63
07/03/2013 05:45:00,   52.37,   57.49,   42.65,   54.16,   60.47,   44.98
07/03/2013 05:50:00,   54.16,   60.00,   44.87,   55.38,   61.20,   46.42
07/03/2013 05:55:00,   53.54,   59.90,   44.11,   55.60,   62.10,   46.91
07/03/2013 06:00:00,   52.58,   57.77,   44.51,   54.67,   60.22,   47.22
07/03/2013 06:05:00,   54.66,   59.69,   46.57,   56.02,   60.56,   49.38
07/03/2013 06:10:00,   54.13,   60.31,   45.83,   55.87,   62.43,   48.42
07/03/2013 06:15:00,   54.53,   59.41,   46.76,   55.98,   60.89,   49.79
07/03/2013 06:20:00,   52.47,   58.12,   45.65,   53.98,   58.61,   48.51
07/03/2013 06:25:00,   54.80,   60.41,   47.39,   56.81,   62.73,   49.90
07/03/2013 06:30:00,   55.09,   59.90,   48.04,   56.72,   61.32,   50.88
07/03/2013 06:35:00,   59.37,   64.21,   50.20,   62.92,   69.63,   51.73
07/03/2013 06:40:00,   54.60,   59.99,   49.17,   56.86,   61.57,   51.63
07/03/2013 06:45:00,   56.94,   62.25,   48.73,   58.65,   62.84,   50.87
07/03/2013 06:50:00,   56.37,   60.82,   48.53,   57.39,   61.73,   50.16
07/03/2013 06:55:00,   56.64,   60.34,   49.10,   58.94,   63.00,   51.82
07/03/2013 07:00:00,   59.84,   64.74,   52.25,   63.09,   68.17,   55.57
07/03/2013 07:05:00,   57.01,   61.06,   49.70,   59.17,   63.10,   52.66
07/03/2013 07:10:00,   58.46,   62.82,   51.23,   60.58,   64.66,   53.38
07/03/2013 07:15:00,   57.36,   61.45,   50.80,   59.52,   62.85,   52.92
07/03/2013 07:20:00,   58.08,   61.87,   51.84,   60.13,   64.08,   54.17
07/03/2013 07:25:00,   58.42,   62.38,   51.22,   60.98,   64.88,   53.35
07/03/2013 07:30:00,   57.76,   61.74,   52.16,   60.51,   64.20,   55.19
07/03/2013 07:35:00,   59.28,   63.05,   52.60,   61.99,   65.95,   55.38
07/03/2013 07:40:00,   59.16,   62.66,   52.87,   62.25,   65.51,   56.69
07/03/2013 07:45:00,   59.23,   63.13,   52.18,   61.36,   64.67,   55.63
07/03/2013 07:50:00,   58.95,   62.34,   53.42,   61.80,   65.14,   56.92
07/03/2013 07:55:00,   59.78,   63.77,   53.13,   63.35,   67.04,   57.83
07/03/2013 08:00:00,   58.80,   62.47,   53.64,   62.83,   66.50,   57.14
07/03/2013 08:05:00,   58.56,   62.33,   53.52,   61.70,   65.03,   57.39
07/03/2013 08:10:00,   59.21,   62.33,   54.05,   62.14,   64.76,   57.40
07/03/2013 08:15:00,   59.11,   63.01,   53.69,   61.79,   64.71,   57.07
07/03/2013 08:20:00,   59.42,   63.01,   53.28,   64.27,   67.26,   57.09
07/03/2013 08:25:00,   61.15,   64.53,   54.77,   67.04,   70.49,   60.68
07/03/2013 08:30:00,   59.96,   63.05,   53.90,   62.66,   65.50,   57.85
07/03/2013 08:35:00,   60.13,   63.28,   54.78,   63.57,   66.35,   58.54
07/03/2013 08:40:00,   59.98,   62.45,   56.34,   62.93,   65.38,   59.32
07/03/2013 08:45:00,   58.85,   61.94,   54.51,   63.31,   66.68,   58.34
07/03/2013 08:50:00,   59.39,   62.74,   54.71,   63.84,   67.46,   59.38
07/03/2013 08:55:00,   60.15,   62.95,   56.31,   64.10,   66.83,   61.47
07/03/2013 09:00:00,   59.38,   62.08,   55.00,   63.20,   65.10,   59.76
07/03/2013 09:05:00,   59.45,   62.57,   54.82,   63.58,   66.79,   59.52
07/03/2013 09:10:00,   58.99,   62.22,   54.06,   63.15,   66.53,   58.21
07/03/2013 09:15:00,   59.81,   62.84,   54.13,   62.79,   65.15,   58.58
07/03/2013 09:20:00,   59.45,   62.58,   53.81,   62.66,   65.07,   58.71
07/03/2013 09:25:00,   59.60,   62.55,   55.24,   62.67,   65.03,   58.80
07/03/2013 09:30:00,   60.62,   63.59,   55.80,   63.24,   65.58,   59.66
07/03/2013 09:35:00,   60.12,   63.19,   54.39,   63.51,   66.18,   58.94
07/03/2013 09:40:00,   59.62,   62.70,   54.51,   62.71,   65.34,   58.26
07/03/2013 09:45:00,   60.27,   63.23,   53.81,   62.52,   65.91,   56.72
07/03/2013 09:50:00,   60.24,   63.25,   54.94,   62.78,   65.67,   57.66
07/03/2013 09:55:00,   58.54,   62.01,   53.31,   61.57,   64.70,   56.75
07/03/2013 10:00:00,   58.89,   62.30,   53.81,   61.93,   64.68,   57.59
07/03/2013 10:05:00,   59.27,   62.71,   54.01,   62.32,   64.77,   58.08
07/03/2013 10:10:00,   58.03,   61.65,   52.22,   61.18,   64.27,   56.76
07/03/2013 10:15:00,   59.20,   62.81,   53.61,   62.59,   65.93,   57.56
07/03/2013 10:20:00,   58.61,   61.66,   54.22,   61.41,   64.36,   57.79
07/03/2013 10:25:00,   59.69,   62.91,   54.71,   63.42,   67.25,   58.23
07/03/2013 10:30:00,   59.00,   61.68,   54.35,   62.88,   65.13,   59.22
07/03/2013 10:35:00,   58.95,   62.11,   53.60,   61.49,   64.29,   56.98
07/03/2013 10:40:00,   60.41,   63.45,   54.01,   64.54,   67.97,   59.63
07/03/2013 10:45:00,   60.23,   62.66,   55.34,   62.97,   65.56,   58.59
07/03/2013 10:50:00,   58.60,   62.49,   53.62,   61.53,   64.58,   57.41
07/03/2013 10:55:00,   60.41,   63.08,   55.41,   63.32,   65.33,   58.88
07/03/2013 11:00:00,   59.21,   61.95,   53.81,   61.91,   64.53,   57.26
07/03/2013 11:05:00,   59.56,   62.65,   52.94,   62.62,   65.94,   56.69
07/03/2013 11:10:00,   58.43,   62.12,   52.20,   61.98,   64.92,   56.37
07/03/2013 11:15:00,   58.66,   62.32,   53.04,   61.99,   65.38,   56.76
07/03/2013 11:20:00,   59.54,   62.43,   53.12,   63.45,   67.36,   57.73
07/03/2013 11:25:00,   58.79,   62.86,   52.53,   61.98,   65.16,   57.22
07/03/2013 11:30:00,   60.09,   62.91,   55.13,   63.00,   65.78,   58.90
07/03/2013 11:35:00,   59.89,   62.98,   53.47,   61.98,   64.68,   57.32
07/03/2013 11:40:00,   58.52,   61.81,   53.30,   61.99,   65.29,   58.16
07/03/2013 11:45:00,   60.22,   62.97,   55.34,   65.70,   68.88,   60.16
07/03/2013 11:50:00,   59.10,   61.74,   55.29,   64.77,   68.86,   58.87
07/03/2013 11:55:00,   59.39,   62.02,   55.28,   62.61,   65.07,   59.21
07/03/2013 12:00:00,   60.10,   62.69,   54.91,   63.49,   66.44,   59.05
07/03/2013 12:05:00,   59.22,   62.08,   53.75,   61.93,   64.29,   58.27
07/03/2013 12:10:00,   60.44,   63.29,   55.47,   63.85,   66.43,   58.88
07/03/2013 12:15:00,   59.37,   61.86,   55.31,   61.97,   64.25,   59.02
07/03/2013 12:20:00,   60.57,   63.06,   56.12,   63.67,   65.69,   60.10
07/03/2013 12:25:00,   59.42,   62.68,   53.23,   62.62,   66.08,   57.13
07/03/2013 12:30:00,   60.01,   62.79,   54.36,   62.54,   64.95,   58.09
07/03/2013 12:35:00,   62.11,   64.09,   57.95,   63.48,   65.53,   59.68
07/03/2013 12:40:00,   61.89,   64.34,   57.91,   63.95,   66.94,   59.53
07/03/2013 12:45:00,   61.10,   63.85,   56.64,   64.01,   67.75,   59.88
07/03/2013 12:50:00,   60.51,   64.19,   55.38,   62.90,   65.67,   58.54
07/03/2013 12:55:00,   60.39,   63.34,   55.06,   62.37,   65.02,   57.85
07/03/2013 13:00:00,   60.88,   63.72,   56.12,   62.77,   65.07,   58.79
07/03/2013 13:05:00,   60.36,   63.44,   54.73,   62.13,   64.97,   58.25
07/03/2013 13:10:00,   60.63,   64.14,   54.85,   62.75,   65.81,   58.03
07/03/2013 13:15:00,   61.47,   64.66,   55.74,   64.02,   67.14,   58.75
07/03/2013 13:20:00,   60.65,   63.56,   56.68,   63.77,   66.50,   59.63
07/03/2013 13:25:00,   61.08,   64.06,   56.51,   63.52,   66.71,   58.80
07/03/2013 13:30:00,   59.80,   63.12,   55.17,   61.85,   64.79,   58.03
07/03/2013 13:35:00,   60.75,   63.33,   56.69,   63.51,   65.86,   60.14
07/03/2013 13:40:00,   60.91,   63.75,   56.34,   63.06,   65.55,   58.34
07/03/2013 13:45:00,   62.25,   64.56,   58.38,   64.44,   66.61,   60.27
07/03/2013 13:50:00,   60.86,   63.68,   56.88,   63.44,   66.35,   59.75
07/03/2013 13:55:00,   62.51,   64.71,   58.51,   64.77,   67.49,   60.57
07/03/2013 14:00:00,   62.96,   64.88,   56.48,   64.50,   65.94,   58.10
07/03/2013 14:05:00,   62.59,   64.90,   58.81,   63.59,   65.92,   59.59
07/03/2013 14:10:00,   61.65,   63.69,   57.56,   63.71,   66.13,   59.07
07/03/2013 14:15:00,   62.96,   65.26,   59.51,   64.30,   66.60,   61.09
07/03/2013 14:20:00,   61.35,   63.59,   57.08,   63.46,   65.81,   59.70
07/03/2013 14:25:00,   62.66,   64.62,   59.12,   64.35,   66.94,   60.74
07/03/2013 14:30:00,   63.09,   64.51,   60.43,   64.87,   67.35,   61.64
07/03/2013 14:35:00,   61.76,   63.56,   58.32,   62.86,   64.57,   59.72
07/03/2013 14:40:00,   61.77,   64.12,   57.76,   63.33,   65.80,   59.38
07/03/2013 14:45:00,   61.92,   64.26,   58.07,   64.55,   66.80,   60.49
07/03/2013 14:50:00,   62.50,   64.55,   59.06,   63.81,   65.89,   60.75
07/03/2013 14:55:00,   62.72,   66.11,   57.01,   64.29,   67.68,   58.91
07/03/2013 15:00:00,   62.95,   65.76,   57.78,   64.53,   67.31,   60.00
07/03/2013 15:05:00,   62.82,   65.26,   59.15,   64.12,   66.32,   60.98
07/03/2013 15:10:00,   63.53,   65.59,   60.36,   65.02,   67.22,   61.70
07/03/2013 15:15:00,   63.39,   65.85,   59.39,   64.46,   66.91,   61.22
07/03/2013 15:20:00,   64.00,   66.49,   58.34,   65.31,   67.71,   60.49
07/03/2013 15:25:00,   59.94,   63.42,   53.25,   61.96,   64.93,   56.03
07/03/2013 15:30:00,   61.56,   64.30,   57.35,   63.72,   66.56,   59.94
07/03/2013 15:35:00,   63.60,   65.54,   60.64,   64.54,   66.30,   61.36
07/03/2013 15:40:00,   62.95,   65.71,   57.69,   63.67,   65.98,   59.22
07/03/2013 15:45:00,   62.96,   64.95,   58.85,   64.28,   66.29,   60.73
07/03/2013 15:50:00,   61.54,   64.46,   56.13,   63.58,   66.63,   58.11
07/03/2013 15:55:00,   60.31,   63.57,   55.95,   62.41,   65.42,   57.93
07/03/2013 16:00:00,   62.92,   64.92,   59.21,   64.03,   66.13,   59.84
07/03/2013 16:05:00,   62.60,   65.05,   58.99,   63.59,   65.79,   60.35
07/03/2013 16:10:00,   62.34,   64.70,   57.94,   64.06,   66.35,   60.33
07/03/2013 16:15:00,   64.05,   66.12,   60.37,   65.46,   68.28,   60.61
07/03/2013 16:20:00,   64.02,   66.21,   59.67,   64.57,   66.97,   60.67
07/03/2013 16:25:00,   62.37,   64.22,   59.74,   63.68,   65.47,   60.72
07/03/2013 16:30:00,   61.85,   64.10,   54.37,   64.40,   67.42,   58.75
07/03/2013 16:35:00,   61.06,   64.47,   53.96,   63.09,   66.01,   56.80
07/03/2013 16:40:00,   60.75,   63.79,   54.22,   62.44,   64.83,   57.86
07/03/2013 16:45:00,   61.44,   64.19,   54.78,   63.12,   65.72,   57.87
07/03/2013 16:50:00,   61.38,   64.43,   55.00,   63.31,   66.28,   58.60
07/03/2013 16:55:00,   61.61,   64.80,   54.69,   63.51,   66.28,   58.18
07/03/2013 17:00:00,   61.23,   64.20,   55.03,   63.34,   66.08,   57.99
07/03/2013 17:05:00,   60.51,   63.84,   53.06,   62.63,   65.38,   56.50
07/03/2013 17:10:00,   61.94,   64.03,   55.28,   64.55,   67.27,   59.75
07/03/2013 17:15:00,   60.62,   63.27,   55.00,   62.92,   65.19,   58.73
07/03/2013 17:20:00,   60.46,   63.09,   54.13,   62.62,   64.89,   57.20
07/03/2013 17:25:00,   59.66,   62.34,   54.05,   62.80,   65.07,   58.72
07/03/2013 17:30:00,   59.54,   62.40,   54.31,   62.52,   65.49,   58.55
07/03/2013 17:35:00,   59.82,   63.77,   54.51,   63.53,   66.35,   58.83
07/03/2013 17:40:00,   59.66,   63.32,   53.61,   62.93,   65.79,   58.05
07/03/2013 17:45:00,   58.31,   61.49,   53.71,   63.15,   65.08,   60.22
07/03/2013 17:50:00,   58.96,   62.29,   53.79,   62.22,   64.93,   58.13
07/03/2013 17:55:00,   60.44,   64.14,   53.70,   62.41,   65.47,   57.17
07/03/2013 18:00:00,   61.65,   64.00,   55.87,   63.45,   65.62,   58.45
07/03/2013 18:05:00,   60.04,   63.60,   52.02,   61.97,   64.75,   55.85
07/03/2013 18:10:00,   61.06,   64.53,   54.62,   63.35,   66.32,   57.90
07/03/2013 18:15:00,   58.49,   61.73,   52.79,   60.91,   63.66,   56.50
07/03/2013 18:20:00,   59.53,   62.37,   54.82,   62.41,   64.96,   58.47
07/03/2013 18:25:00,   59.66,   62.77,   54.34,   63.02,   65.30,   58.51
07/03/2013 18:30:00,   57.65,   61.50,   52.27,   61.40,   64.25,   56.61
07/03/2013 18:35:00,   59.45,   63.59,   51.86,   62.04,   65.23,   56.34
07/03/2013 18:40:00,   59.56,   62.94,   53.38,   61.57,   64.43,   56.59
07/03/2013 18:45:00,   59.47,   63.05,   52.70,   62.90,   66.99,   56.65
07/03/2013 18:50:00,   59.96,   63.05,   53.47,   62.28,   64.87,   56.97
07/03/2013 18:55:00,   60.92,   63.78,   52.98,   62.87,   65.26,   56.43
07/03/2013 19:00:00,   60.09,   63.76,   53.33,   62.53,   65.38,   57.13
07/03/2013 19:05:00,   59.79,   62.97,   52.48,   63.09,   66.53,   55.59
07/03/2013 19:10:00,   60.63,   63.83,   54.79,   62.90,   65.69,   58.03
07/03/2013 19:15:00,   60.51,   63.50,   53.67,   63.16,   65.43,   58.65
07/03/2013 19:20:00,   60.22,   63.21,   55.58,   62.24,   64.71,   58.69
07/03/2013 19:25:00,   59.37,   62.60,   53.55,   61.64,   64.12,   57.66
07/03/2013 19:30:00,   59.08,   62.18,   53.28,   61.82,   64.71,   56.99
07/03/2013 19:35:00,   59.68,   62.99,   52.86,   62.28,   65.72,   56.34
07/03/2013 19:40:00,   58.81,   62.27,   52.59,   61.16,   64.25,   55.85
07/03/2013 19:45:00,   59.09,   62.25,   51.78,   62.09,   65.09,   56.14
07/03/2013 19:50:00,   59.49,   62.72,   53.86,   62.37,   64.92,   57.33
07/03/2013 19:55:00,   58.31,   62.41,   51.14,   60.94,   64.11,   54.51
07/03/2013 20:00:00,   59.08,   62.42,   53.81,   61.73,   64.70,   56.45
07/03/2013 20:05:00,   60.00,   63.30,   54.39,   62.01,   64.92,   58.16
07/03/2013 20:10:00,   59.99,   63.85,   53.59,   62.15,   65.02,   56.74
07/03/2013 20:15:00,   59.57,   63.01,   53.24,   61.21,   64.48,   56.01
07/03/2013 20:20:00,   60.08,   63.61,   53.21,   61.89,   64.80,   55.49
07/03/2013 20:25:00,   60.41,   64.31,   53.59,   62.14,   65.07,   57.01
07/03/2013 20:30:00,   59.46,   63.92,   53.18,   61.71,   65.44,   56.94
07/03/2013 20:35:00,   59.88,   63.66,   53.29,   61.89,   65.11,   56.35
07/03/2013 20:40:00,   59.42,   62.67,   53.51,   61.68,   64.63,   57.61
07/03/2013 20:45:00,   57.88,   62.69,   50.24,   59.85,   64.33,   52.99
07/03/2013 20:50:00,   58.70,   63.59,   50.89,   60.87,   64.77,   54.50
07/03/2013 20:55:00,   58.52,   62.60,   51.61,   61.08,   64.47,   55.50
07/03/2013 21:00:00,   57.95,   62.11,   50.57,   59.97,   63.54,   53.87
07/03/2013 21:05:00,   57.47,   61.26,   51.08,   59.73,   63.11,   54.33
07/03/2013 21:10:00,   57.76,   61.68,   51.57,   60.69,   63.39,   55.60
07/03/2013 21:15:00,   57.93,   61.85,   50.61,   60.15,   63.49,   54.53
07/03/2013 21:20:00,   59.37,   62.90,   52.10,   61.31,   64.80,   55.18
07/03/2013 21:25:00,   58.11,   61.85,   50.66,   59.83,   63.41,   53.48
07/03/2013 21:30:00,   58.72,   62.23,   51.96,   60.83,   64.11,   54.56
07/03/2013 21:35:00,   57.79,   61.68,   49.95,   60.00,   63.61,   52.76
07/03/2013 21:40:00,   58.55,   62.94,   51.39,   60.41,   64.19,   54.84
07/03/2013 21:45:00,   57.00,   61.29,   49.24,   58.76,   62.35,   51.65
07/03/2013 21:50:00,   58.44,   62.16,   51.34,   60.77,   64.03,   54.83
07/03/2013 21:55:00,   56.56,   61.53,   48.79,   58.55,   62.97,   51.57
07/03/2013 22:00:00,   56.64,   60.50,   49.22,   58.86,   62.01,   52.73
07/03/2013 22:05:00,   56.58,   60.87,   48.42,   58.48,   62.49,   51.03
07/03/2013 22:10:00,   56.96,   61.19,   48.11,   59.54,   62.78,   52.35
07/03/2013 22:15:00,   58.82,   62.87,   52.22,   61.03,   64.31,   55.05
07/03/2013 22:20:00,   58.47,   62.61,   49.63,   60.59,   64.20,   52.15
07/03/2013 22:25:00,   55.33,   59.62,   49.27,   57.22,   60.49,   52.50
07/03/2013 22:30:00,   56.04,   60.45,   47.37,   58.39,   62.49,   50.82
07/03/2013 22:35:00,   57.27,   62.47,   48.53,   59.43,   64.15,   52.00
07/03/2013 22:40:00,   53.95,   61.32,   44.86,   57.47,   63.87,   48.03
07/03/2013 22:45:00,   54.49,   59.61,   45.91,   56.98,   61.01,   49.26
07/03/2013 22:50:00,   54.47,   59.57,   44.92,   56.40,   61.32,   48.57
07/03/2013 22:55:00,   55.74,   60.83,   46.58,   57.85,   62.48,   49.68
07/03/2013 23:00:00,   55.96,   60.36,   46.83,   58.21,   62.63,   49.27
07/03/2013 23:05:00,   55.80,   61.43,   45.83,   57.48,   63.04,   48.85
07/03/2013 23:10:00,   54.11,   58.97,   45.24,   55.64,   60.22,   48.69
07/03/2013 23:15:00,   55.81,   61.13,   46.58,   58.03,   62.60,   49.39
07/03/2013 23:20:00,   53.44,   58.06,   45.59,   55.79,   59.95,   49.36
07/03/2013 23:25:00,   54.04,   58.83,   45.18,   55.83,   59.86,   48.75
07/03/2013 23:30:00,   54.47,   59.84,   45.19,   56.97,   62.19,   48.71
07/03/2013 23:35:00,   56.49,   61.71,   43.98,   58.35,   63.16,   46.99
07/03/2013 23:40:00,   52.94,   58.39,   43.52,   54.53,   59.84,   46.34
07/03/2013 23:45:00,   54.08,   59.58,   46.21,   55.65,   60.72,   48.12
07/03/2013 23:50:00,   52.66,   58.39,   44.17,   55.09,   60.34,   46.75
07/03/2013 23:56:00,   53.14,   58.61,   44.60,   54.99,   60.15,   47.49

