# noise_analysis run from DCC-NOISE-001003 at Tue Nov  5 00:00:00 2013
# Monitoring unit located at 53.342609N 6.340721W
# logfile   = /home/root/noise_analysis.log
# cfg_dir   = /home/root/config
# outputdir = /home/root/noise
# Sensitivity = -26.271103
# Gain = 1.000000
# Time should be in local format (i.e. daylight savings time)
# dd/mm/yyyy hh:mm:ss, A Leq,   A L10,   A L95,   C Leq,   C L10,   C L95
05/11/2013 00:05:00,   53.72,   57.73,   48.25,   55.81,   59.14,   51.46
05/11/2013 00:10:00,   55.29,   59.54,   48.52,   57.08,   60.52,   51.19
05/11/2013 00:15:00,   53.53,   58.79,   48.33,   55.54,   59.97,   51.40
05/11/2013 00:20:00,   53.69,   58.18,   47.39,   55.73,   59.76,   50.36
05/11/2013 00:25:00,   52.97,   57.94,   46.00,   55.10,   59.22,   49.62
05/11/2013 00:30:00,   53.28,   57.22,   46.58,   55.41,   59.11,   50.41
05/11/2013 00:35:00,   52.56,   56.98,   46.95,   54.77,   58.45,   50.07
05/11/2013 00:40:00,   53.32,   56.91,   47.85,   55.97,   59.59,   50.57
05/11/2013 00:45:00,   54.69,   58.67,   47.96,   56.51,   59.95,   50.55
05/11/2013 00:50:00,   53.21,   57.48,   44.71,   55.44,   59.30,   49.15
05/11/2013 00:55:00,   53.82,   57.96,   48.16,   56.05,   59.94,   50.74
05/11/2013 01:00:00,   53.05,   57.54,   47.46,   55.44,   59.30,   50.68
05/11/2013 01:07:00,   52.27,   56.67,   47.14,   55.33,   59.39,   50.13
05/11/2013 01:12:00,   56.15,   60.31,   50.85,   58.86,   61.82,   53.88
05/11/2013 01:17:00,   53.65,   57.67,   47.64,   56.30,   60.28,   51.30
05/11/2013 01:22:00,   53.25,   57.52,   49.09,   56.54,   60.36,   51.91
05/11/2013 01:27:00,   54.10,   58.85,   47.79,   57.59,   61.40,   51.28
05/11/2013 01:32:00,   55.24,   59.31,   49.62,   58.25,   61.99,   52.75
05/11/2013 01:37:00,   54.29,   57.60,   48.60,   58.76,   62.22,   51.82
05/11/2013 01:42:00,   52.95,   56.95,   47.61,   57.07,   61.10,   51.03
05/11/2013 01:47:00,   58.75,   63.14,   48.30,   64.64,   70.71,   51.16
05/11/2013 01:52:00,   55.23,   60.77,   47.87,   60.54,   65.36,   50.22
05/11/2013 01:57:00,   56.19,   59.56,   50.67,   61.73,   68.79,   53.43
05/11/2013 02:02:00,   54.85,   58.82,   48.78,   60.09,   62.85,   51.38
05/11/2013 02:07:00,   51.73,   55.40,   46.34,   55.03,   58.77,   49.47
05/11/2013 02:12:00,   54.46,   58.09,   49.87,   58.16,   61.66,   52.61
05/11/2013 02:17:00,   54.79,   58.60,   48.60,   59.59,   63.52,   52.05
05/11/2013 02:22:00,   54.94,   58.12,   48.95,   59.97,   65.20,   52.16
05/11/2013 02:27:00,   53.51,   57.55,   48.17,   57.69,   62.62,   51.05
05/11/2013 02:32:00,   53.11,   57.35,   47.97,   58.26,   62.16,   50.94
05/11/2013 02:37:00,   52.92,   56.83,   47.26,   57.44,   61.59,   50.24
05/11/2013 02:42:00,   52.73,   56.87,   47.48,   57.25,   60.16,   50.77
05/11/2013 02:47:00,   50.25,   53.61,   45.76,   54.69,   58.28,   49.15
05/11/2013 02:52:00,   51.97,   55.56,   47.41,   55.90,   60.61,   50.56
05/11/2013 02:57:00,   50.60,   53.64,   44.90,   55.13,   59.74,   48.85
05/11/2013 03:02:00,   48.38,   50.92,   44.93,   52.43,   56.49,   48.61
05/11/2013 03:07:00,   48.06,   51.88,   43.62,   52.16,   56.48,   47.67
05/11/2013 03:12:00,   48.56,   53.58,   42.43,   52.01,   55.98,   47.13
05/11/2013 03:17:00,   48.88,   54.31,   42.19,   52.53,   57.27,   46.63
05/11/2013 03:22:00,   48.80,   54.78,   42.40,   51.95,   57.25,   46.76
05/11/2013 03:27:00,   47.92,   49.82,   44.78,   51.48,   53.92,   47.85
05/11/2013 03:32:00,   48.98,   49.99,   46.37,   51.23,   53.42,   48.26
05/11/2013 03:37:00,   47.71,   49.54,   44.51,   50.65,   53.25,   47.56
05/11/2013 03:42:00,   50.61,   55.26,   45.73,   53.03,   57.24,   48.03
05/11/2013 03:47:00,   48.78,   51.95,   43.30,   51.21,   54.17,   46.95
05/11/2013 03:52:00,   49.53,   51.42,   45.33,   51.00,   53.45,   47.75
05/11/2013 03:57:00,   53.72,   57.21,   50.99,   54.50,   58.30,   51.42
05/11/2013 04:02:00,   54.05,   56.52,   52.07,   55.02,   58.36,   52.15
05/11/2013 04:07:00,   52.41,   53.71,   49.66,   53.29,   54.88,   50.98
05/11/2013 04:12:00,   51.68,   54.69,   49.41,   52.76,   56.18,   50.09
05/11/2013 04:17:00,   52.87,   55.10,   50.12,   53.50,   55.53,   50.61
05/11/2013 04:22:00,   51.89,   55.48,   48.17,   52.85,   56.26,   49.78
05/11/2013 04:27:00,   46.94,   48.57,   43.57,   49.28,   50.88,   46.40
05/11/2013 04:32:00,   49.09,   50.87,   46.12,   50.67,   52.13,   48.15
05/11/2013 04:37:00,   52.13,   56.07,   47.63,   53.20,   57.16,   49.43
05/11/2013 04:42:00,   52.59,   54.51,   49.53,   53.63,   55.23,   51.18
05/11/2013 04:47:00,   55.78,   58.59,   52.60,   56.21,   58.62,   53.41
05/11/2013 04:52:00,   53.74,   57.67,   49.65,   54.80,   58.09,   51.98
05/11/2013 04:57:00,   53.55,   55.97,   48.69,   55.02,   56.79,   51.27
05/11/2013 05:02:00,   54.13,   57.69,   50.77,   55.66,   58.16,   53.04
05/11/2013 05:07:00,   51.61,   53.54,   49.05,   54.37,   55.91,   52.04
05/11/2013 05:12:00,   52.05,   57.07,   46.64,   54.35,   58.65,   50.33
05/11/2013 05:17:00,   50.67,   54.56,   47.07,   53.62,   57.07,   50.50
05/11/2013 05:22:00,   54.77,   59.17,   48.65,   57.19,   61.37,   52.23
05/11/2013 05:27:00,   53.36,   57.26,   49.45,   56.04,   59.36,   52.78
05/11/2013 05:32:00,   53.22,   58.68,   49.50,   56.05,   60.31,   52.49
05/11/2013 05:37:00,   55.54,   59.98,   50.03,   57.93,   61.76,   53.10
05/11/2013 05:42:00,   52.69,   57.04,   49.51,   55.56,   58.98,   52.59
05/11/2013 05:47:00,   54.16,   57.65,   49.75,   56.18,   58.78,   52.82
05/11/2013 05:52:00,   54.39,   58.05,   50.80,   56.97,   59.95,   53.63
05/11/2013 05:57:00,   56.29,   60.12,   51.08,   58.55,   62.47,   54.23
05/11/2013 06:02:00,   55.31,   58.79,   50.25,   58.06,   61.44,   53.56
05/11/2013 06:07:00,   55.21,   58.73,   50.12,   59.05,   63.25,   53.42
05/11/2013 06:12:00,   56.80,   60.80,   51.13,   59.78,   63.67,   54.49
05/11/2013 06:17:00,   56.49,   59.58,   51.88,   61.22,   63.73,   55.14
05/11/2013 06:22:00,   55.41,   58.32,   51.92,   58.29,   61.36,   54.83
05/11/2013 06:27:00,   56.73,   60.42,   52.37,   59.72,   63.41,   55.67
05/11/2013 06:32:00,   56.67,   59.47,   53.24,   60.19,   62.86,   56.74
05/11/2013 06:37:00,   57.66,   61.36,   53.12,   61.12,   65.24,   55.97
05/11/2013 06:42:00,   57.19,   59.89,   54.30,   60.31,   62.98,   57.45
05/11/2013 06:47:00,   57.38,   60.48,   53.85,   60.78,   63.77,   56.45
05/11/2013 06:52:00,   58.96,   62.42,   54.50,   62.36,   66.31,   57.33
05/11/2013 06:57:00,   59.40,   62.42,   54.69,   62.18,   64.66,   57.76
05/11/2013 07:02:00,   59.57,   62.74,   55.27,   63.36,   66.85,   58.33
05/11/2013 07:07:00,   59.46,   62.76,   55.31,   63.04,   67.00,   58.10
05/11/2013 07:12:00,   60.29,   63.74,   56.55,   64.22,   68.38,   59.36
05/11/2013 07:17:00,   60.13,   62.92,   56.22,   63.43,   66.32,   59.34
05/11/2013 07:22:00,   60.86,   63.45,   56.85,   63.97,   66.99,   59.75
05/11/2013 07:27:00,   61.07,   63.72,   57.73,   64.91,   68.01,   61.28
05/11/2013 07:32:00,   59.96,   62.25,   57.00,   63.54,   65.83,   60.12
05/11/2013 07:37:00,   59.57,   62.02,   56.20,   62.89,   65.52,   59.35
05/11/2013 07:42:00,   59.22,   61.80,   55.34,   62.19,   64.53,   58.92
05/11/2013 07:47:00,   59.86,   62.66,   55.59,   62.55,   65.17,   58.18
05/11/2013 07:52:00,   59.71,   62.80,   55.15,   63.25,   66.18,   59.45
05/11/2013 07:57:00,   60.46,   62.22,   55.72,   63.60,   65.57,   60.16
05/11/2013 08:02:00,   59.58,   62.45,   56.16,   62.38,   65.05,   59.42
05/11/2013 08:07:00,   59.41,   61.57,   56.70,   63.09,   66.08,   59.75
05/11/2013 08:12:00,   60.32,   62.60,   56.70,   64.10,   66.55,   61.02
05/11/2013 08:17:00,   59.46,   62.11,   54.73,   63.30,   65.68,   58.99
05/11/2013 08:22:00,   59.45,   62.08,   56.05,   63.62,   66.40,   60.11
05/11/2013 08:27:00,   59.38,   61.63,   56.41,   62.76,   64.38,   60.17
05/11/2013 08:32:00,   58.73,   61.00,   56.13,   63.12,   65.84,   60.67
05/11/2013 08:37:00,   59.25,   61.89,   55.44,   63.45,   66.06,   60.00
05/11/2013 08:42:00,   59.16,   60.85,   57.13,   63.36,   65.13,   60.96
05/11/2013 08:47:00,   58.89,   60.76,   56.52,   63.24,   64.93,   61.06
05/11/2013 08:52:00,   59.58,   61.67,   56.87,   63.20,   65.30,   60.60
05/11/2013 08:57:00,   59.39,   61.22,   56.86,   63.19,   65.12,   60.74
05/11/2013 09:02:00,   60.13,   62.33,   56.98,   64.22,   66.42,   61.09
05/11/2013 09:07:00,   61.92,   64.61,   56.98,   65.31,   68.11,   60.94
05/11/2013 09:12:00,   60.64,   62.45,   57.70,   64.44,   66.27,   61.97
05/11/2013 09:17:00,   60.33,   62.73,   56.81,   64.58,   67.45,   61.13
05/11/2013 09:22:00,   59.02,   60.86,   56.39,   63.53,   65.26,   60.84
05/11/2013 09:27:00,   59.04,   61.89,   55.34,   63.45,   65.69,   59.20
05/11/2013 09:32:00,   60.18,   62.73,   56.86,   63.51,   66.26,   60.44
05/11/2013 09:37:00,   59.56,   62.06,   56.12,   62.98,   65.36,   59.67
05/11/2013 09:42:00,   59.62,   62.03,   56.33,   63.37,   65.76,   60.13
05/11/2013 09:47:00,   59.77,   62.79,   56.06,   63.93,   67.11,   59.88
05/11/2013 09:52:00,   60.34,   62.35,   56.32,   64.06,   66.33,   60.37
05/11/2013 09:57:00,   59.45,   61.27,   57.07,   63.10,   64.80,   60.62
05/11/2013 10:02:00,   60.65,   63.11,   56.66,   64.37,   67.30,   60.92
05/11/2013 10:07:00,   59.26,   61.99,   55.28,   62.54,   64.77,   59.43
05/11/2013 10:12:00,   59.02,   61.54,   55.52,   62.41,   64.76,   59.07
05/11/2013 10:17:00,   60.27,   63.00,   57.22,   63.73,   65.87,   60.78
05/11/2013 10:22:00,   59.91,   62.21,   56.42,   64.11,   66.49,   59.99
05/11/2013 10:27:00,   59.34,   61.62,   56.08,   63.12,   65.24,   59.68
05/11/2013 10:32:00,   59.33,   61.15,   56.35,   62.91,   64.75,   60.21
05/11/2013 10:37:00,   58.70,   61.73,   55.18,   61.92,   64.43,   58.49
05/11/2013 10:42:00,   58.96,   61.04,   56.10,   62.68,   64.96,   60.00
05/11/2013 10:47:00,   58.96,   61.67,   55.31,   62.65,   65.09,   58.91
05/11/2013 10:52:00,   59.48,   62.18,   54.56,   63.06,   64.76,   58.49
05/11/2013 10:57:00,   59.04,   61.67,   55.80,   62.23,   64.86,   59.02
05/11/2013 11:02:00,   59.24,   61.41,   55.30,   62.29,   64.29,   59.07
05/11/2013 11:07:00,   58.64,   61.06,   54.86,   61.64,   64.04,   58.46
05/11/2013 11:12:00,   58.70,   61.00,   55.10,   61.93,   64.13,   58.69
05/11/2013 11:17:00,   58.77,   61.79,   55.16,   62.28,   65.63,   58.35
05/11/2013 11:22:00,   60.62,   62.99,   56.75,   64.09,   67.13,   59.79
05/11/2013 11:27:00,   59.31,   61.59,   55.84,   62.56,   64.81,   59.24
05/11/2013 11:32:00,   59.25,   61.29,   55.24,   62.54,   64.36,   58.69
05/11/2013 11:37:00,   58.47,   61.27,   55.01,   62.08,   64.11,   58.83
05/11/2013 11:42:00,   59.54,   62.12,   55.46,   63.52,   66.57,   59.29
05/11/2013 11:47:00,   58.62,   61.24,   55.36,   63.23,   65.67,   59.36
05/11/2013 11:52:00,   58.66,   60.78,   54.17,   63.43,   65.76,   59.67
05/11/2013 11:57:00,   59.19,   61.68,   55.40,   63.67,   67.31,   59.12
05/11/2013 12:02:00,   59.37,   61.98,   55.58,   62.97,   65.86,   58.70
05/11/2013 12:07:00,   59.49,   61.80,   55.71,   63.92,   66.55,   59.62
05/11/2013 12:12:00,   60.61,   61.38,   54.91,   64.50,   66.64,   59.03
05/11/2013 12:17:00,   59.24,   62.04,   55.50,   63.24,   66.25,   59.06
05/11/2013 12:22:00,   59.02,   61.11,   55.69,   62.62,   64.71,   59.16
05/11/2013 12:27:00,   60.24,   62.27,   55.96,   64.54,   67.35,   59.83
05/11/2013 12:32:00,   59.49,   61.20,   56.34,   63.85,   65.84,   60.56
05/11/2013 12:37:00,   60.14,   62.23,   56.27,   64.41,   66.82,   59.71
05/11/2013 12:42:00,   59.01,   61.24,   54.09,   63.03,   65.50,   58.53
05/11/2013 12:47:00,   59.63,   61.84,   56.11,   63.00,   64.96,   59.84
05/11/2013 12:52:00,   59.14,   61.61,   56.62,   64.17,   67.60,   60.27
05/11/2013 12:57:00,   58.43,   60.51,   55.80,   61.79,   63.59,   59.30
05/11/2013 13:02:00,   59.21,   61.17,   56.70,   62.96,   64.94,   60.07
05/11/2013 13:07:00,   59.46,   61.21,   56.06,   64.35,   66.41,   59.09
05/11/2013 13:12:00,   58.62,   60.53,   55.39,   62.31,   64.26,   58.81
05/11/2013 13:17:00,   59.72,   61.51,   56.60,   63.97,   66.12,   60.03
05/11/2013 13:22:00,   59.31,   61.52,   55.74,   63.10,   65.12,   59.17
05/11/2013 13:27:00,   58.70,   60.94,   55.33,   62.32,   64.27,   59.64
05/11/2013 13:32:00,   57.93,   60.10,   55.57,   61.54,   63.41,   58.97
05/11/2013 13:37:00,   58.50,   60.95,   54.05,   63.45,   66.21,   57.89
05/11/2013 13:42:00,   58.79,   61.00,   55.48,   62.88,   65.21,   59.51
05/11/2013 13:47:00,   59.19,   61.25,   56.31,   63.34,   65.24,   59.89
05/11/2013 13:52:00,   58.14,   60.48,   55.03,   61.75,   64.20,   58.57
05/11/2013 13:57:00,   57.51,   60.15,   53.96,   61.80,   64.46,   57.74
05/11/2013 14:02:00,   59.69,   62.01,   56.47,   62.67,   64.59,   59.60
05/11/2013 14:07:00,   57.52,   59.77,   53.99,   61.10,   63.33,   57.55
05/11/2013 14:12:00,   57.83,   59.95,   54.44,   62.25,   64.86,   58.31
05/11/2013 14:17:00,   58.87,   60.88,   55.34,   63.13,   65.06,   60.49
05/11/2013 14:22:00,   57.07,   59.38,   54.61,   61.84,   63.84,   59.73
05/11/2013 14:27:00,   58.03,   60.55,   55.44,   62.40,   64.60,   59.31
05/11/2013 14:32:00,   58.07,   60.69,   54.69,   61.87,   64.42,   58.35
05/11/2013 14:37:00,   58.99,   61.23,   55.53,   62.56,   64.85,   58.85
05/11/2013 14:42:00,   59.15,   61.46,   55.72,   63.91,   67.17,   59.45
05/11/2013 14:47:00,   58.47,   60.80,   55.04,   62.24,   64.37,   58.65
05/11/2013 14:52:00,   60.11,   62.30,   55.59,   63.93,   66.35,   59.75
05/11/2013 14:57:00,   58.52,   60.90,   54.24,   61.83,   64.28,   57.54
05/11/2013 15:02:00,   57.87,   59.83,   54.26,   61.57,   64.27,   58.38
05/11/2013 15:07:00,   58.41,   60.97,   54.16,   62.54,   66.65,   58.00
05/11/2013 15:12:00,   57.85,   60.50,   54.34,   61.34,   64.05,   58.10
05/11/2013 15:17:00,   58.69,   60.71,   55.30,   62.54,   65.05,   58.73
05/11/2013 15:22:00,   58.62,   60.77,   55.51,   62.70,   64.78,   59.31
05/11/2013 15:27:00,   58.90,   61.38,   55.22,   62.93,   65.11,   59.29
05/11/2013 15:32:00,   58.11,   61.30,   54.66,   62.08,   65.14,   58.48
05/11/2013 15:37:00,   58.74,   60.95,   55.53,   62.53,   64.81,   59.24
05/11/2013 15:42:00,   58.64,   60.77,   55.02,   62.96,   65.53,   59.34
05/11/2013 15:47:00,   58.38,   60.50,   55.57,   62.45,   64.33,   59.59
05/11/2013 15:52:00,   58.40,   61.10,   55.06,   62.15,   64.42,   59.01
05/11/2013 15:57:00,   59.03,   61.87,   55.10,   62.47,   64.83,   58.66
05/11/2013 16:02:00,   59.21,   61.36,   55.33,   63.12,   65.39,   59.21
05/11/2013 16:07:00,   58.35,   60.57,   55.32,   62.28,   64.56,   58.98
05/11/2013 16:12:00,   58.81,   60.81,   55.95,   63.44,   66.40,   59.97
05/11/2013 16:17:00,   58.55,   60.97,   55.58,   62.46,   65.13,   59.73
05/11/2013 16:22:00,   59.19,   61.48,   55.67,   62.15,   63.98,   59.14
05/11/2013 16:27:00,   58.84,   61.39,   55.76,   63.08,   65.43,   59.24
05/11/2013 16:32:00,   58.66,   60.52,   55.74,   62.18,   63.95,   59.64
05/11/2013 16:37:00,   59.46,   61.81,   56.07,   62.79,   65.02,   59.86
05/11/2013 16:42:00,   59.29,   61.50,   56.13,   62.70,   64.89,   59.69
05/11/2013 16:47:00,   59.77,   62.20,   55.93,   62.39,   64.75,   59.15
05/11/2013 16:52:00,   58.44,   60.67,   54.76,   62.51,   64.25,   59.28
05/11/2013 16:57:00,   59.18,   61.44,   55.50,   62.94,   65.90,   58.86
05/11/2013 17:02:00,   58.54,   60.59,   55.54,   62.15,   63.90,   59.00
05/11/2013 17:07:00,   59.10,   60.52,   56.18,   63.13,   64.42,   59.93
05/11/2013 17:12:00,   59.40,   61.62,   55.84,   63.30,   66.37,   59.81
05/11/2013 17:17:00,   58.48,   60.40,   55.59,   62.71,   64.65,   59.82
05/11/2013 17:22:00,   57.83,   60.32,   54.47,   62.11,   64.61,   59.27
05/11/2013 17:27:00,   59.30,   61.53,   55.94,   62.85,   65.47,   59.83
05/11/2013 17:32:00,   58.95,   61.29,   55.33,   62.97,   64.78,   59.10
05/11/2013 17:37:00,   59.78,   62.61,   55.87,   63.80,   67.15,   59.97
05/11/2013 17:42:00,   59.09,   61.33,   55.78,   62.42,   64.51,   59.43
05/11/2013 17:47:00,   58.93,   61.08,   55.41,   63.52,   66.84,   59.43
05/11/2013 17:52:00,   57.59,   59.25,   55.34,   62.27,   64.05,   59.83
05/11/2013 17:57:00,   59.31,   61.68,   55.29,   62.97,   65.63,   59.73
05/11/2013 18:02:00,   58.25,   60.47,   54.25,   62.19,   63.78,   59.22
05/11/2013 18:07:00,   59.17,   61.13,   55.26,   62.71,   64.68,   59.80
05/11/2013 18:12:00,   58.72,   60.74,   55.43,   62.42,   64.37,   59.48
05/11/2013 18:17:00,   56.89,   58.87,   54.60,   61.84,   63.95,   59.28
05/11/2013 18:22:00,   59.03,   61.45,   55.13,   63.09,   65.02,   59.89
05/11/2013 18:27:00,   58.68,   60.67,   55.49,   62.20,   63.98,   59.93
05/11/2013 18:32:00,   58.41,   60.47,   54.97,   62.82,   65.91,   59.30
05/11/2013 18:37:00,   59.59,   62.29,   55.10,   62.71,   65.84,   58.62
05/11/2013 18:42:00,   58.78,   61.10,   55.06,   62.28,   64.39,   58.71
05/11/2013 18:47:00,   59.16,   61.70,   55.76,   62.66,   64.97,   59.06
05/11/2013 18:52:00,   59.34,   62.37,   54.89,   61.91,   64.10,   59.34
05/11/2013 18:57:00,   58.51,   61.06,   55.72,   62.13,   64.37,   59.29
05/11/2013 19:02:00,   59.25,   61.37,   56.25,   63.26,   65.75,   59.20
05/11/2013 19:07:00,   59.02,   61.36,   56.02,   62.88,   65.60,   59.16
05/11/2013 19:12:00,   58.89,   61.07,   56.07,   62.10,   63.86,   59.08
05/11/2013 19:17:00,   58.99,   61.46,   55.59,   61.48,   63.68,   58.45
05/11/2013 19:22:00,   59.69,   62.72,   55.53,   62.71,   65.74,   58.43
05/11/2013 19:27:00,   58.28,   60.88,   55.23,   61.89,   64.40,   58.59
05/11/2013 19:32:00,   58.19,   60.60,   55.08,   61.23,   63.17,   58.68
05/11/2013 19:37:00,   59.01,   61.49,   54.94,   62.41,   64.62,   57.98
05/11/2013 19:42:00,   57.82,   60.20,   54.12,   61.41,   63.93,   57.68
05/11/2013 19:47:00,   57.88,   60.74,   53.33,   61.52,   63.68,   57.26
05/11/2013 19:52:00,   58.15,   60.74,   54.73,   60.93,   62.99,   58.32
05/11/2013 19:57:00,   58.54,   61.65,   53.66,   63.04,   66.99,   58.12
05/11/2013 20:02:00,   57.35,   59.51,   54.48,   60.47,   62.46,   57.64
05/11/2013 20:07:00,   57.69,   60.28,   53.98,   60.65,   63.06,   56.98
05/11/2013 20:12:00,   58.77,   61.10,   54.41,   61.95,   64.30,   57.52
05/11/2013 20:17:00,   57.90,   60.61,   54.58,   60.74,   63.31,   57.61
05/11/2013 20:22:00,   57.95,   60.23,   54.90,   60.88,   62.99,   58.03
05/11/2013 20:27:00,   58.44,   61.53,   54.25,   61.44,   64.03,   57.15
05/11/2013 20:32:00,   57.55,   60.58,   53.25,   60.51,   63.01,   56.54
05/11/2013 20:37:00,   57.03,   60.27,   53.56,   59.78,   62.66,   56.48
05/11/2013 20:42:00,   57.71,   60.51,   53.96,   60.57,   62.97,   56.83
05/11/2013 20:47:00,   57.45,   60.17,   53.14,   59.94,   62.57,   56.12
05/11/2013 20:52:00,   57.66,   60.11,   53.92,   61.00,   63.81,   56.85
05/11/2013 20:57:00,   57.50,   60.15,   54.13,   60.34,   63.39,   56.63
05/11/2013 21:02:00,   56.11,   59.09,   51.57,   58.81,   61.25,   54.62
05/11/2013 21:07:00,   57.42,   60.01,   53.16,   61.64,   64.88,   56.77
05/11/2013 21:12:00,   58.13,   60.80,   54.00,   60.92,   62.98,   56.91
05/11/2013 21:17:00,   58.51,   61.36,   54.26,   62.63,   66.47,   57.63
05/11/2013 21:22:00,   56.95,   60.00,   52.71,   60.21,   62.92,   55.76
05/11/2013 21:27:00,   57.51,   60.88,   52.26,   60.78,   64.37,   55.57
05/11/2013 21:32:00,   56.98,   60.23,   52.65,   59.10,   61.73,   55.25
05/11/2013 21:37:00,   56.53,   60.37,   51.72,   59.16,   62.60,   55.21
05/11/2013 21:42:00,   56.39,   60.38,   51.22,   60.70,   65.23,   54.42
05/11/2013 21:47:00,   56.00,   58.98,   52.37,   58.88,   61.30,   55.67
05/11/2013 21:52:00,   56.19,   59.56,   52.02,   59.23,   62.09,   55.32
05/11/2013 21:57:00,   55.91,   59.31,   50.78,   58.74,   62.13,   53.71
05/11/2013 22:02:00,   55.53,   58.70,   50.78,   59.62,   63.40,   54.40
05/11/2013 22:07:00,   56.91,   60.24,   52.02,   59.50,   62.65,   54.92
05/11/2013 22:12:00,   56.79,   59.61,   53.13,   59.46,   61.95,   55.89
05/11/2013 22:17:00,   56.05,   59.88,   51.87,   58.90,   62.17,   54.82
05/11/2013 22:22:00,   54.63,   57.84,   50.90,   57.75,   60.83,   54.48
05/11/2013 22:27:00,   55.79,   59.08,   50.95,   58.45,   61.80,   54.53
05/11/2013 22:32:00,   54.63,   57.92,   49.93,   58.77,   61.27,   53.43
05/11/2013 22:37:00,   54.60,   58.33,   49.98,   57.21,   60.66,   52.98
05/11/2013 22:42:00,   55.40,   59.63,   50.52,   57.76,   61.52,   53.70
05/11/2013 22:47:00,   54.79,   58.72,   50.69,   57.51,   60.78,   53.54
05/11/2013 22:52:00,   54.04,   58.17,   48.76,   56.37,   59.73,   51.95
05/11/2013 22:57:00,   54.68,   57.97,   49.10,   57.59,   60.78,   52.05
05/11/2013 23:02:00,   54.28,   57.97,   49.79,   56.98,   60.37,   52.90
05/11/2013 23:07:00,   55.18,   59.20,   50.43,   57.71,   60.83,   53.41
05/11/2013 23:12:00,   53.11,   56.92,   48.70,   55.98,   60.31,   51.47
05/11/2013 23:17:00,   51.41,   54.97,   47.95,   54.42,   57.25,   51.47
05/11/2013 23:22:00,   52.99,   56.84,   49.15,   55.98,   59.67,   51.84
05/11/2013 23:27:00,   54.57,   58.93,   49.43,   57.98,   61.58,   53.52
05/11/2013 23:32:00,   52.82,   55.85,   48.55,   55.56,   59.68,   51.63
05/11/2013 23:37:00,   53.00,   57.68,   46.86,   56.11,   60.42,   50.67
05/11/2013 23:42:00,   53.17,   58.26,   47.80,   56.64,   61.42,   51.03
05/11/2013 23:47:00,   52.98,   56.72,   48.17,   55.36,   58.38,   51.34
05/11/2013 23:52:00,   53.33,   56.88,   48.37,   55.56,   58.57,   51.39
05/11/2013 23:57:00,   53.66,   58.97,   47.79,   57.76,   62.15,   52.23

