# noise_analysis run from DCC-NOISE-001003 at Sat Nov 23 00:00:00 2013
# Monitoring unit located at 53.342609N 6.340721W
# logfile   = /home/root/noise_analysis.log
# cfg_dir   = /home/root/config
# outputdir = /home/root/noise
# Sensitivity = -26.271103
# Gain = 1.000000
# Time should be in local format (i.e. daylight savings time)
# dd/mm/yyyy hh:mm:ss, A Leq,   A L10,   A L95,   C Leq,   C L10,   C L95
23/11/2013 00:05:00,   55.22,   59.77,   48.65,   57.18,   61.07,   51.55
23/11/2013 00:10:00,   54.94,   58.86,   49.10,   56.79,   60.17,   52.44
23/11/2013 00:15:00,   54.96,   58.81,   47.82,   57.15,   60.55,   51.44
23/11/2013 00:20:00,   54.78,   59.50,   48.13,   57.20,   61.59,   51.25
23/11/2013 00:25:00,   54.94,   59.16,   49.02,   56.59,   60.47,   51.82
23/11/2013 00:30:00,   54.82,   58.21,   49.48,   57.80,   60.74,   52.51
23/11/2013 00:35:00,   55.83,   60.34,   48.42,   57.35,   61.67,   50.84
23/11/2013 00:40:00,   54.30,   59.63,   48.43,   56.04,   60.54,   51.18
23/11/2013 00:45:00,   55.30,   60.23,   46.14,   56.78,   60.66,   49.83
23/11/2013 00:50:00,   56.55,   61.82,   48.52,   58.04,   62.50,   51.41
23/11/2013 00:55:00,   55.00,   59.26,   49.56,   56.93,   60.41,   52.94
23/11/2013 01:00:00,   56.27,   60.51,   49.55,   57.89,   61.58,   52.66
23/11/2013 01:06:00,   54.96,   59.43,   48.59,   56.77,   60.79,   51.27
23/11/2013 01:11:00,   55.45,   59.87,   47.96,   57.17,   60.94,   50.45
23/11/2013 01:16:00,   55.60,   60.10,   49.00,   57.24,   61.46,   51.86
23/11/2013 01:21:00,   56.85,   61.43,   50.34,   58.24,   62.35,   52.56
23/11/2013 01:26:00,   54.78,   60.25,   48.92,   56.54,   61.63,   51.83
23/11/2013 01:31:00,   54.95,   60.23,   49.00,   57.03,   61.53,   52.24
23/11/2013 01:36:00,   55.23,   60.49,   47.98,   58.11,   63.44,   51.45
23/11/2013 01:41:00,   55.07,   58.99,   48.52,   57.09,   61.07,   51.56
23/11/2013 01:46:00,   54.58,   59.14,   47.92,   56.31,   60.56,   50.86
23/11/2013 01:51:00,   55.12,   58.86,   49.82,   56.73,   59.99,   52.60
23/11/2013 01:56:00,   53.88,   59.13,   47.76,   56.13,   60.72,   50.63
23/11/2013 02:01:00,   54.49,   59.25,   47.76,   56.97,   61.81,   50.99
23/11/2013 02:06:00,   55.68,   60.59,   48.26,   57.56,   62.18,   51.22
23/11/2013 02:11:00,   54.16,   58.77,   48.76,   55.85,   59.73,   51.50
23/11/2013 02:16:00,   54.07,   60.09,   46.28,   55.95,   60.90,   50.01
23/11/2013 02:21:00,   54.54,   59.87,   46.60,   56.70,   61.44,   51.17
23/11/2013 02:26:00,   53.28,   57.32,   47.85,   55.58,   59.07,   50.99
23/11/2013 02:31:00,   53.89,   59.06,   45.71,   55.80,   60.25,   49.43
23/11/2013 02:36:00,   53.60,   58.91,   46.94,   55.34,   60.01,   50.09
23/11/2013 02:41:00,   54.87,   59.89,   46.27,   56.57,   60.84,   50.46
23/11/2013 02:46:00,   51.11,   55.55,   46.73,   54.09,   57.60,   50.99
23/11/2013 02:51:00,   52.41,   58.19,   45.87,   55.51,   59.99,   50.19
23/11/2013 02:56:00,   53.91,   59.08,   47.03,   55.55,   60.18,   50.11
23/11/2013 03:01:00,   52.70,   57.88,   46.31,   54.77,   59.30,   49.99
23/11/2013 03:06:00,   54.09,   58.92,   47.44,   55.77,   60.21,   50.22
23/11/2013 03:11:00,   50.57,   55.59,   45.10,   53.04,   57.45,   48.50
23/11/2013 03:16:00,   51.57,   57.16,   45.75,   53.81,   58.61,   49.15
23/11/2013 03:21:00,   54.05,   59.80,   46.46,   56.35,   61.25,   50.28
23/11/2013 03:26:00,   52.39,   57.62,   46.08,   55.34,   59.55,   49.69
23/11/2013 03:31:00,   50.31,   55.03,   45.02,   52.68,   57.09,   48.20
23/11/2013 03:36:00,   53.61,   58.69,   46.38,   56.55,   61.63,   49.92
23/11/2013 03:41:00,   51.93,   58.33,   43.94,   54.05,   59.01,   47.73
23/11/2013 03:46:00,   50.16,   55.37,   44.77,   52.88,   56.49,   48.38
23/11/2013 03:51:00,   54.62,   60.28,   47.38,   55.99,   61.29,   49.85
23/11/2013 03:56:00,   54.11,   58.81,   45.69,   55.90,   59.96,   49.09
23/11/2013 04:01:00,   53.78,   58.16,   46.86,   57.12,   62.65,   50.11
23/11/2013 04:06:00,   54.31,   61.15,   45.73,   55.99,   61.91,   49.16
23/11/2013 04:11:00,   50.25,   55.75,   44.86,   53.49,   58.35,   48.22
23/11/2013 04:16:00,   51.79,   56.07,   46.41,   54.87,   58.20,   49.84
23/11/2013 04:21:00,   53.38,   58.41,   46.94,   55.36,   59.44,   50.01
23/11/2013 04:26:00,   52.28,   57.64,   46.30,   54.32,   58.83,   49.15
23/11/2013 04:31:00,   53.44,   58.06,   47.74,   55.42,   59.54,   50.94
23/11/2013 04:36:00,   53.07,   58.68,   46.31,   55.23,   60.08,   49.74
23/11/2013 04:41:00,   52.03,   57.09,   46.19,   54.79,   58.87,   49.99
23/11/2013 04:46:00,   50.73,   55.50,   44.89,   53.34,   57.32,   48.23
23/11/2013 04:51:00,   50.25,   55.27,   44.59,   52.91,   57.83,   48.22
23/11/2013 04:56:00,   51.35,   57.22,   45.04,   53.37,   58.19,   48.49
23/11/2013 05:01:00,   53.80,   58.80,   46.41,   58.50,   63.99,   49.49
23/11/2013 05:06:00,   50.01,   53.77,   46.01,   53.13,   56.43,   49.58
23/11/2013 05:11:00,   51.66,   55.31,   46.57,   54.08,   57.65,   49.98
23/11/2013 05:16:00,   51.14,   57.55,   44.02,   53.52,   59.27,   47.76
23/11/2013 05:21:00,   49.91,   55.23,   44.74,   51.99,   56.75,   47.95
23/11/2013 05:26:00,   50.60,   55.25,   44.50,   52.92,   57.36,   47.63
23/11/2013 05:31:00,   51.95,   56.27,   46.96,   54.69,   58.83,   50.44
23/11/2013 05:36:00,   52.53,   57.22,   47.23,   55.20,   59.51,   50.10
23/11/2013 05:41:00,   53.92,   58.45,   48.73,   56.81,   60.55,   51.71
23/11/2013 05:46:00,   53.26,   58.39,   47.98,   55.51,   59.81,   51.17
23/11/2013 05:51:00,   53.20,   58.97,   47.89,   55.59,   60.39,   51.26
23/11/2013 05:56:00,   53.20,   58.10,   47.93,   56.01,   59.43,   51.24
23/11/2013 06:01:00,   53.64,   58.20,   47.44,   56.28,   60.06,   50.89
23/11/2013 06:06:00,   51.95,   55.73,   47.74,   54.59,   58.10,   51.16
23/11/2013 06:11:00,   54.23,   58.24,   49.34,   56.83,   60.30,   52.35
23/11/2013 06:16:00,   52.55,   56.39,   48.85,   55.14,   58.05,   52.09
23/11/2013 06:21:00,   52.63,   55.69,   48.91,   55.66,   58.70,   52.27
23/11/2013 06:26:00,   53.71,   57.69,   49.36,   56.06,   59.05,   52.54
23/11/2013 06:31:00,   53.37,   56.39,   50.08,   56.21,   58.90,   53.49
23/11/2013 06:36:00,   53.36,   58.06,   49.24,   56.53,   60.28,   52.89
23/11/2013 06:41:00,   53.73,   57.65,   50.00,   57.05,   60.81,   53.90
23/11/2013 06:46:00,   54.17,   57.10,   50.72,   56.85,   59.49,   53.96
23/11/2013 06:51:00,   55.61,   58.59,   52.48,   58.20,   60.81,   55.60
23/11/2013 06:56:00,   56.71,   60.58,   52.05,   60.92,   64.25,   55.96
23/11/2013 07:01:00,   57.03,   60.18,   53.36,   61.09,   64.76,   56.82
23/11/2013 07:06:00,   56.01,   59.68,   51.97,   59.97,   64.17,   55.42
23/11/2013 07:11:00,   55.53,   58.12,   52.94,   58.60,   60.82,   56.15
23/11/2013 07:16:00,   54.90,   57.00,   52.60,   58.28,   60.42,   55.80
23/11/2013 07:21:00,   56.46,   59.21,   53.18,   59.69,   62.54,   56.72
23/11/2013 07:26:00,   56.31,   59.33,   53.51,   60.15,   62.49,   57.38
23/11/2013 07:31:00,   56.32,   58.80,   53.53,   59.30,   61.70,   56.73
23/11/2013 07:36:00,   56.45,   59.07,   53.38,   59.73,   62.56,   56.61
23/11/2013 07:41:00,   57.90,   60.46,   54.58,   60.22,   62.45,   57.54
23/11/2013 07:46:00,   57.61,   60.12,   54.53,   59.91,   62.31,   57.20
23/11/2013 07:51:00,   58.67,   61.91,   53.65,   60.97,   63.82,   56.81
23/11/2013 07:56:00,   57.32,   60.47,   53.31,   59.63,   62.10,   55.99
23/11/2013 08:01:00,   58.38,   61.35,   54.17,   62.60,   67.31,   57.08
23/11/2013 08:06:00,   57.56,   60.71,   54.05,   60.56,   63.67,   56.66
23/11/2013 08:11:00,   57.68,   60.08,   54.99,   60.52,   63.30,   57.77
23/11/2013 08:16:00,   59.31,   61.96,   56.84,   63.27,   65.90,   60.26
23/11/2013 08:21:00,   57.95,   59.77,   55.99,   61.56,   64.08,   59.01
23/11/2013 08:26:00,   58.95,   61.73,   56.05,   61.21,   63.48,   58.55
23/11/2013 08:31:00,   58.58,   61.17,   55.69,   61.05,   63.25,   58.24
23/11/2013 08:36:00,   58.38,   60.64,   55.60,   61.23,   63.35,   58.66
23/11/2013 08:41:00,   58.19,   60.65,   55.33,   60.39,   62.64,   57.93
23/11/2013 08:46:00,   57.91,   61.31,   54.12,   60.16,   62.98,   57.18
23/11/2013 08:51:00,   58.61,   61.34,   54.93,   61.27,   64.16,   57.87
23/11/2013 08:56:00,   59.87,   62.48,   55.47,   62.25,   65.25,   58.59
23/11/2013 09:01:00,   59.65,   62.27,   55.33,   61.86,   63.95,   57.77
23/11/2013 09:06:00,   61.84,   65.21,   56.75,   66.21,   71.07,   59.92
23/11/2013 09:11:00,   60.00,   62.39,   56.83,   62.85,   65.50,   59.58
23/11/2013 09:16:00,   60.03,   62.51,   57.23,   61.90,   63.94,   59.41
23/11/2013 09:21:00,   59.74,   62.41,   56.26,   61.80,   64.26,   58.97
23/11/2013 09:26:00,   59.52,   62.14,   56.57,   62.21,   64.35,   59.31
23/11/2013 09:31:00,   60.33,   62.87,   56.82,   63.17,   65.94,   59.37
23/11/2013 09:36:00,   59.53,   61.70,   56.96,   62.90,   65.11,   59.88
23/11/2013 09:41:00,   59.81,   62.32,   55.90,   63.74,   66.97,   59.25
23/11/2013 09:46:00,   59.98,   62.57,   55.66,   62.44,   64.97,   58.62
23/11/2013 09:51:00,   59.64,   62.42,   55.58,   61.95,   64.61,   58.55
23/11/2013 09:56:00,   58.56,   60.97,   55.39,   61.35,   63.27,   58.57
23/11/2013 10:01:00,   60.20,   62.42,   56.69,   63.11,   65.03,   59.73
23/11/2013 10:06:00,   60.13,   62.81,   55.95,   62.72,   65.17,   59.15
23/11/2013 10:11:00,   59.88,   62.32,   56.36,   62.17,   64.20,   59.22
23/11/2013 10:16:00,   59.26,   61.87,   55.92,   61.62,   63.63,   58.94
23/11/2013 10:21:00,   59.44,   61.86,   55.53,   61.82,   63.84,   58.69
23/11/2013 10:26:00,   59.58,   62.54,   55.50,   61.95,   64.48,   58.94
23/11/2013 10:31:00,   59.47,   62.29,   54.99,   61.76,   64.44,   58.02
23/11/2013 10:36:00,   58.99,   61.61,   55.32,   61.56,   64.08,   57.97
23/11/2013 10:41:00,   58.94,   62.19,   55.79,   61.78,   64.50,   58.59
23/11/2013 10:46:00,   58.95,   62.01,   54.96,   61.81,   64.41,   58.52
23/11/2013 10:51:00,   59.19,   61.17,   56.17,   61.55,   63.53,   58.58
23/11/2013 10:56:00,   59.44,   62.45,   55.23,   61.73,   64.60,   58.36
23/11/2013 11:01:00,   59.45,   62.18,   55.44,   62.70,   64.94,   58.88
23/11/2013 11:06:00,   65.00,   67.11,   56.39,   66.42,   67.38,   58.87
23/11/2013 11:11:00,   59.69,   61.94,   56.28,   62.02,   64.22,   59.06
23/11/2013 11:16:00,   59.35,   61.77,   55.24,   61.88,   63.76,   58.77
23/11/2013 11:21:00,   60.07,   62.70,   56.88,   63.72,   66.41,   60.45
23/11/2013 11:26:00,   58.12,   61.10,   54.69,   61.55,   63.98,   58.56
23/11/2013 11:31:00,   58.86,   61.00,   55.79,   62.59,   65.06,   60.11
23/11/2013 11:36:00,   58.41,   60.56,   55.76,   62.32,   64.13,   59.32
23/11/2013 11:41:00,   59.57,   62.02,   55.60,   64.31,   67.18,   59.94
23/11/2013 11:46:00,   59.94,   62.35,   56.64,   63.24,   66.42,   59.52
23/11/2013 11:51:00,   59.36,   62.12,   55.29,   62.31,   64.98,   58.50
23/11/2013 11:56:00,   59.06,   61.77,   54.85,   61.57,   63.85,   58.26
23/11/2013 12:01:00,   59.56,   61.84,   55.93,   63.27,   66.14,   59.48
23/11/2013 12:06:00,   58.97,   61.66,   54.96,   62.76,   65.09,   58.71
23/11/2013 12:11:00,   58.82,   61.75,   54.33,   61.67,   64.21,   57.73
23/11/2013 12:16:00,   58.59,   61.37,   55.04,   61.30,   63.86,   58.12
23/11/2013 12:21:00,   59.31,   61.70,   55.64,   62.68,   64.76,   58.92
23/11/2013 12:26:00,   59.35,   61.84,   55.25,   62.63,   64.51,   59.07
23/11/2013 12:31:00,   59.66,   62.73,   55.53,   62.48,   65.29,   58.81
23/11/2013 12:36:00,   58.96,   61.39,   55.63,   62.30,   64.84,   59.23
23/11/2013 12:41:00,   60.28,   62.75,   55.83,   62.81,   65.17,   59.00
23/11/2013 12:46:00,   58.72,   61.40,   55.21,   61.79,   64.79,   58.21
23/11/2013 12:51:00,   59.63,   61.64,   56.53,   62.60,   64.94,   59.65
23/11/2013 12:56:00,   59.20,   61.74,   56.40,   61.99,   64.08,   59.21
23/11/2013 13:01:00,   60.37,   62.25,   57.20,   62.79,   64.56,   59.91
23/11/2013 13:06:00,   59.83,   62.00,   56.05,   62.98,   65.18,   59.60
23/11/2013 13:11:00,   59.64,   62.18,   55.38,   62.80,   64.94,   58.97
23/11/2013 13:16:00,   59.52,   61.64,   56.03,   62.56,   64.69,   59.55
23/11/2013 13:21:00,   60.52,   63.83,   56.30,   63.02,   65.39,   59.52
23/11/2013 13:26:00,   60.75,   62.65,   57.32,   63.30,   65.18,   60.23
23/11/2013 13:31:00,   59.84,   61.93,   56.70,   62.64,   64.80,   60.03
23/11/2013 13:36:00,   60.67,   62.55,   57.71,   63.36,   65.67,   60.29
23/11/2013 13:41:00,   60.41,   62.75,   57.45,   63.26,   66.00,   59.75
23/11/2013 13:46:00,   60.86,   63.42,   57.06,   63.74,   66.63,   60.49
23/11/2013 13:51:00,   59.74,   61.93,   56.16,   63.78,   66.52,   60.10
23/11/2013 13:56:00,   59.06,   62.34,   54.88,   62.83,   65.87,   57.46
23/11/2013 14:01:00,   58.46,   61.06,   53.98,   61.30,   63.35,   57.07
23/11/2013 14:06:00,   58.65,   61.31,   53.49,   62.34,   65.06,   57.72
23/11/2013 14:11:00,   58.72,   60.83,   55.08,   62.36,   64.43,   59.25
23/11/2013 14:16:00,   58.52,   60.79,   53.52,   62.19,   64.37,   57.54
23/11/2013 14:21:00,   59.26,   62.23,   54.97,   61.76,   64.13,   58.10
23/11/2013 14:26:00,   59.26,   61.59,   55.64,   62.05,   63.78,   58.36
23/11/2013 14:31:00,   58.76,   61.37,   53.88,   61.45,   63.75,   57.15
23/11/2013 14:36:00,   58.75,   61.24,   54.69,   62.54,   65.38,   58.06
23/11/2013 14:41:00,   59.40,   61.83,   55.81,   62.68,   65.06,   58.99
23/11/2013 14:46:00,   59.52,   62.06,   56.05,   62.37,   64.94,   58.98
23/11/2013 14:51:00,   58.17,   61.14,   54.11,   61.48,   64.23,   57.48
23/11/2013 14:56:00,   60.39,   62.20,   55.05,   62.81,   64.28,   58.73
23/11/2013 15:01:00,   58.75,   61.22,   54.97,   61.83,   64.02,   58.51
23/11/2013 15:06:00,   59.29,   61.46,   55.70,   62.30,   64.76,   59.19
23/11/2013 15:11:00,   60.17,   62.44,   55.28,   63.51,   66.61,   59.40
23/11/2013 15:16:00,   58.85,   60.91,   55.25,   62.63,   64.75,   59.06
23/11/2013 15:21:00,   59.32,   61.52,   55.95,   62.34,   63.89,   59.19
23/11/2013 15:26:00,   60.38,   63.28,   55.84,   63.12,   65.84,   58.83
23/11/2013 15:31:00,   59.45,   61.86,   55.76,   62.20,   64.81,   58.61
23/11/2013 15:36:00,   59.10,   61.49,   55.75,   61.28,   63.15,   58.40
23/11/2013 15:41:00,   59.89,   61.85,   56.87,   62.57,   64.44,   59.38
23/11/2013 15:46:00,   59.55,   62.18,   55.71,   62.26,   64.38,   59.39
23/11/2013 15:51:00,   60.37,   62.70,   56.72,   63.14,   65.20,   59.92
23/11/2013 15:56:00,   59.64,   61.79,   56.73,   62.16,   64.22,   59.47
23/11/2013 16:01:00,   59.75,   61.89,   56.14,   62.41,   64.38,   59.10
23/11/2013 16:06:00,   59.91,   62.16,   56.75,   62.66,   64.44,   59.30
23/11/2013 16:11:00,   60.15,   62.46,   56.93,   64.15,   67.21,   60.29
23/11/2013 16:16:00,   59.71,   62.05,   55.88,   62.74,   64.62,   59.19
23/11/2013 16:21:00,   60.23,   62.02,   56.93,   62.91,   64.70,   59.69
23/11/2013 16:26:00,   59.62,   62.33,   56.64,   62.72,   64.85,   59.79
23/11/2013 16:31:00,   59.70,   61.90,   56.48,   63.30,   66.10,   59.77
23/11/2013 16:36:00,   59.58,   61.72,   56.31,   62.40,   64.36,   59.77
23/11/2013 16:41:00,   59.19,   61.48,   56.18,   62.50,   64.25,   59.01
23/11/2013 16:46:00,   59.82,   61.88,   56.71,   62.47,   64.17,   59.83
23/11/2013 16:51:00,   59.07,   61.64,   55.56,   61.98,   64.38,   58.64
23/11/2013 16:56:00,   58.91,   61.34,   55.48,   61.82,   64.05,   58.82
23/11/2013 17:01:00,   59.43,   61.89,   55.78,   62.28,   64.51,   59.03
23/11/2013 17:06:00,   59.36,   61.90,   55.35,   62.34,   64.51,   58.55
23/11/2013 17:11:00,   60.17,   62.54,   56.41,   63.43,   66.89,   59.82
23/11/2013 17:16:00,   60.09,   62.01,   56.66,   63.71,   66.13,   59.81
23/11/2013 17:21:00,   59.98,   62.60,   55.69,   62.77,   64.85,   58.62
23/11/2013 17:26:00,   59.23,   61.60,   56.53,   62.06,   63.87,   59.09
23/11/2013 17:31:00,   59.68,   62.03,   56.52,   62.55,   65.15,   59.38
23/11/2013 17:36:00,   59.19,   61.40,   55.99,   61.86,   63.93,   59.24
23/11/2013 17:41:00,   59.35,   61.63,   56.40,   62.22,   64.12,   59.83
23/11/2013 17:46:00,   59.16,   61.71,   55.90,   61.69,   63.55,   58.53
23/11/2013 17:51:00,   59.79,   62.93,   55.64,   62.24,   64.67,   58.65
23/11/2013 17:56:00,   59.65,   62.23,   56.26,   62.51,   64.83,   59.21
23/11/2013 18:01:00,   60.06,   62.03,   56.67,   63.42,   65.35,   59.79
23/11/2013 18:06:00,   60.06,   62.33,   56.31,   62.69,   64.57,   59.27
23/11/2013 18:11:00,   60.14,   62.56,   56.99,   62.77,   65.25,   59.71
23/11/2013 18:16:00,   59.38,   61.88,   55.76,   62.46,   64.56,   59.24
23/11/2013 18:21:00,   60.07,   62.29,   56.70,   62.69,   64.66,   59.88
23/11/2013 18:26:00,   61.01,   62.92,   58.03,   62.97,   64.85,   60.25
23/11/2013 18:31:00,   59.62,   61.82,   55.75,   62.07,   64.21,   58.71
23/11/2013 18:36:00,   60.11,   63.11,   55.39,   62.65,   65.33,   58.30
23/11/2013 18:41:00,   59.37,   62.00,   55.55,   62.07,   64.30,   58.47
23/11/2013 18:46:00,   59.27,   62.45,   55.40,   61.98,   64.98,   58.32
23/11/2013 18:51:00,   59.40,   62.03,   55.69,   63.47,   65.50,   58.90
23/11/2013 18:56:00,   59.54,   62.49,   55.93,   61.81,   64.16,   58.78
23/11/2013 19:01:00,   59.67,   62.23,   55.50,   62.07,   64.58,   58.27
23/11/2013 19:06:00,   59.30,   62.03,   55.79,   61.69,   63.73,   58.47
23/11/2013 19:11:00,   59.15,   61.83,   55.05,   61.90,   64.26,   57.91
23/11/2013 19:16:00,   59.45,   62.08,   55.47,   61.65,   63.96,   58.19
23/11/2013 19:21:00,   58.96,   61.49,   55.19,   61.25,   63.58,   57.79
23/11/2013 19:26:00,   58.70,   61.89,   54.14,   60.99,   63.70,   57.16
23/11/2013 19:31:00,   58.90,   61.41,   54.99,   62.01,   64.46,   58.37
23/11/2013 19:36:00,   58.25,   61.42,   54.57,   61.50,   63.97,   58.26
23/11/2013 19:41:00,   59.09,   62.15,   54.92,   61.64,   64.53,   57.52
23/11/2013 19:46:00,   59.69,   62.64,   56.13,   63.13,   65.51,   59.70
23/11/2013 19:51:00,   59.47,   62.30,   55.39,   62.03,   64.44,   58.34
23/11/2013 19:56:00,   59.25,   62.22,   55.13,   62.16,   64.70,   57.81
23/11/2013 20:01:00,   58.52,   61.30,   54.18,   60.82,   63.34,   56.86
23/11/2013 20:06:00,   59.37,   62.13,   55.52,   61.71,   64.00,   58.35
23/11/2013 20:11:00,   58.35,   60.81,   53.95,   61.01,   63.72,   56.75
23/11/2013 20:16:00,   59.16,   62.22,   55.18,   61.34,   63.85,   57.99
23/11/2013 20:21:00,   58.44,   62.00,   53.61,   60.69,   64.22,   56.35
23/11/2013 20:26:00,   58.63,   61.66,   54.24,   60.68,   63.59,   56.56
23/11/2013 20:31:00,   58.59,   61.06,   55.17,   61.72,   64.20,   57.94
23/11/2013 20:36:00,   58.44,   61.29,   54.87,   60.95,   63.78,   57.68
23/11/2013 20:41:00,   58.83,   62.02,   54.22,   61.04,   63.27,   57.51
23/11/2013 20:46:00,   58.74,   61.70,   53.58,   61.00,   63.60,   56.68
23/11/2013 20:51:00,   58.36,   61.64,   53.31,   60.23,   62.81,   56.02
23/11/2013 20:56:00,   59.18,   62.03,   54.66,   61.46,   63.95,   57.09
23/11/2013 21:01:00,   57.85,   61.22,   52.83,   59.28,   61.96,   55.16
23/11/2013 21:06:00,   57.87,   62.20,   51.85,   59.91,   64.07,   54.22
23/11/2013 21:11:00,   58.84,   62.17,   53.33,   61.09,   64.09,   56.54
23/11/2013 21:16:00,   57.72,   60.99,   53.24,   60.06,   63.26,   55.88
23/11/2013 21:21:00,   57.54,   60.98,   53.15,   59.85,   62.93,   55.81
23/11/2013 21:26:00,   57.99,   60.93,   53.74,   60.15,   62.58,   56.15
23/11/2013 21:31:00,   57.73,   61.05,   53.58,   59.56,   62.40,   56.11
23/11/2013 21:36:00,   57.81,   61.14,   52.43,   60.08,   63.62,   54.93
23/11/2013 21:41:00,   59.02,   62.12,   52.32,   61.04,   63.69,   55.11
23/11/2013 21:46:00,   57.88,   60.64,   53.18,   60.05,   62.83,   56.44
23/11/2013 21:51:00,   57.17,   60.98,   52.93,   59.32,   62.49,   54.63
23/11/2013 21:56:00,   57.96,   61.41,   53.04,   60.62,   64.04,   56.07
23/11/2013 22:01:00,   57.68,   61.40,   50.80,   60.87,   65.11,   53.99
23/11/2013 22:06:00,   57.78,   61.18,   52.61,   61.42,   65.22,   55.81
23/11/2013 22:11:00,   57.36,   61.20,   50.48,   59.20,   62.43,   52.70
23/11/2013 22:16:00,   56.40,   59.59,   51.16,   58.89,   62.12,   53.90
23/11/2013 22:21:00,   57.14,   61.05,   50.78,   59.51,   62.69,   53.51
23/11/2013 22:26:00,   57.09,   60.82,   51.32,   58.75,   62.45,   53.52
23/11/2013 22:31:00,   56.62,   60.15,   50.93,   58.48,   62.21,   53.03
23/11/2013 22:36:00,   55.44,   60.07,   49.01,   57.75,   61.76,   51.61
23/11/2013 22:41:00,   55.37,   58.85,   50.13,   58.50,   61.89,   52.98
23/11/2013 22:46:00,   57.06,   61.19,   50.65,   59.53,   63.15,   53.81
23/11/2013 22:51:00,   55.80,   60.15,   49.79,   57.95,   61.73,   52.44
23/11/2013 22:56:00,   56.54,   60.36,   51.23,   58.64,   62.73,   53.37
23/11/2013 23:01:00,   56.48,   60.39,   50.40,   58.32,   62.11,   52.82
23/11/2013 23:06:00,   57.33,   61.60,   49.80,   59.11,   62.96,   52.71
23/11/2013 23:11:00,   54.65,   59.01,   49.08,   56.66,   60.93,   51.88
23/11/2013 23:16:00,   55.81,   59.78,   50.18,   58.00,   61.65,   52.55
23/11/2013 23:21:00,   55.90,   59.62,   49.95,   57.45,   60.93,   52.02
23/11/2013 23:26:00,   54.76,   59.47,   48.16,   56.47,   60.57,   50.87
23/11/2013 23:31:00,   56.00,   60.09,   50.57,   58.00,   61.86,   52.98
23/11/2013 23:36:00,   54.35,   58.37,   48.64,   56.59,   60.54,   50.77
23/11/2013 23:41:00,   55.22,   59.97,   47.23,   57.38,   61.55,   50.30
23/11/2013 23:46:00,   56.27,   61.02,   49.50,   58.25,   62.96,   52.09
23/11/2013 23:51:00,   57.36,   61.22,   51.20,   58.92,   62.53,   52.89
23/11/2013 23:56:00,   56.95,   60.49,   49.90,   58.75,   62.12,   51.77

