# noise_analysis run from DCC-NOISE-001003 at Sat Aug 10 00:00:00 2013
# Monitoring unit located at 53.342609N 6.340721W
# logfile   = /home/root/noise_analysis.log
# cfg_dir   = /home/root/config
# outputdir = /home/root/noise
# Sensitivity = -26.271103
# Gain = 1.000000
# Time should be in local format (i.e. daylight savings time)
# dd/mm/yyyy hh:mm:ss, A Leq,   A L10,   A L95,   C Leq,   C L10,   C L95
10/08/2013 00:05:00,   51.98,   56.87,   44.23,   54.52,   58.51,   48.25
10/08/2013 00:10:00,   51.17,   55.92,   43.82,   53.60,   58.05,   47.78
10/08/2013 00:15:00,   50.32,   56.09,   43.56,   53.44,   59.44,   46.90
10/08/2013 00:20:00,   52.61,   58.00,   43.95,   56.72,   63.35,   47.22
10/08/2013 00:25:00,   50.50,   54.68,   43.86,   53.64,   57.67,   47.56
10/08/2013 00:30:00,   51.33,   55.97,   44.46,   54.81,   59.37,   48.37
10/08/2013 00:35:00,   50.82,   55.71,   43.57,   54.35,   58.84,   47.33
10/08/2013 00:40:00,   49.78,   54.35,   42.61,   52.58,   56.80,   46.51
10/08/2013 00:45:00,   51.85,   55.53,   45.51,   54.52,   58.47,   49.20
10/08/2013 00:50:00,   51.33,   55.49,   44.01,   54.20,   58.11,   47.65
10/08/2013 00:55:00,   50.05,   54.76,   43.96,   52.80,   56.79,   47.48
10/08/2013 01:00:00,   50.51,   55.13,   43.56,   53.23,   57.48,   46.91
10/08/2013 01:05:00,   51.01,   57.24,   42.80,   53.86,   59.25,   46.71
10/08/2013 01:10:00,   50.84,   55.42,   43.18,   53.56,   57.93,   46.93
10/08/2013 01:15:00,   51.49,   57.06,   42.26,   54.39,   59.69,   45.57
10/08/2013 01:20:00,   52.15,   57.14,   44.47,   55.22,   59.17,   49.18
10/08/2013 01:25:00,   51.59,   57.09,   43.33,   53.86,   58.40,   47.76
10/08/2013 01:30:00,   53.38,   57.59,   45.26,   55.87,   60.11,   48.83
10/08/2013 01:35:00,   48.10,   53.80,   41.46,   51.02,   55.65,   45.61
10/08/2013 01:40:00,   50.38,   54.79,   43.69,   53.00,   56.75,   47.39
10/08/2013 01:45:00,   49.99,   55.71,   41.16,   52.02,   57.57,   45.30
10/08/2013 01:50:00,   48.34,   53.63,   41.42,   50.65,   55.10,   44.91
10/08/2013 01:55:00,   51.08,   56.40,   41.30,   53.28,   58.46,   44.53
10/08/2013 02:00:00,   50.34,   55.48,   42.25,   52.78,   57.63,   45.56
10/08/2013 02:05:00,   47.13,   54.18,   39.99,   49.94,   55.33,   44.57
10/08/2013 02:10:00,   48.82,   54.81,   41.14,   51.46,   57.43,   45.30
10/08/2013 02:15:00,   49.44,   55.37,   39.96,   52.25,   57.93,   43.88
10/08/2013 02:20:00,   50.30,   56.47,   41.49,   52.66,   58.08,   45.45
10/08/2013 02:25:00,   48.33,   54.59,   40.62,   50.75,   56.76,   43.78
10/08/2013 02:30:00,   51.23,   56.75,   43.68,   54.03,   59.22,   46.81
10/08/2013 02:35:00,   48.82,   54.55,   40.95,   52.53,   57.81,   44.47
10/08/2013 02:40:00,   47.21,   52.50,   40.43,   49.74,   54.58,   44.40
10/08/2013 02:45:00,   45.36,   50.21,   39.52,   48.36,   53.31,   43.63
10/08/2013 02:50:00,   47.68,   54.23,   39.89,   50.21,   55.70,   44.07
10/08/2013 02:55:00,   48.68,   56.07,   40.37,   51.17,   58.07,   44.27
10/08/2013 03:00:00,   49.64,   55.05,   41.63,   51.69,   57.17,   45.74
10/08/2013 03:05:00,   49.57,   56.29,   40.86,   51.79,   57.97,   45.21
10/08/2013 03:10:00,   48.07,   55.04,   40.54,   50.78,   56.27,   44.94
10/08/2013 03:15:00,   51.01,   56.37,   41.83,   53.66,   58.47,   45.72
10/08/2013 03:20:00,   50.39,   55.11,   44.02,   53.06,   57.74,   46.91
10/08/2013 03:25:00,   45.96,   49.54,   40.94,   50.43,   55.04,   45.44
10/08/2013 03:30:00,   49.85,   56.62,   40.92,   52.45,   58.44,   45.44
10/08/2013 03:35:00,   47.65,   55.26,   38.41,   49.77,   56.53,   42.31
10/08/2013 03:40:00,   47.92,   53.84,   40.34,   50.20,   55.83,   43.87
10/08/2013 03:45:00,   48.71,   55.16,   40.71,   50.36,   56.47,   43.53
10/08/2013 03:50:00,   46.54,   52.44,   40.61,   49.49,   55.07,   44.40
10/08/2013 03:55:00,   48.32,   53.39,   43.12,   50.99,   55.62,   46.62
10/08/2013 04:00:00,   46.72,   52.44,   42.20,   49.77,   54.55,   46.24
10/08/2013 04:05:00,   48.83,   55.15,   41.42,   50.97,   57.17,   45.08
10/08/2013 04:10:00,   47.56,   52.89,   41.96,   49.90,   54.56,   45.57
10/08/2013 04:15:00,   47.78,   53.63,   41.91,   50.73,   56.08,   45.59
10/08/2013 04:20:00,   48.21,   53.34,   41.28,   50.52,   54.89,   45.31
10/08/2013 04:25:00,   48.04,   53.61,   40.75,   50.22,   55.56,   44.56
10/08/2013 04:30:00,   48.08,   54.00,   41.66,   51.37,   56.93,   45.18
10/08/2013 04:35:00,   46.86,   51.15,   41.64,   49.51,   53.93,   44.77
10/08/2013 04:40:00,   48.53,   54.78,   41.20,   50.28,   55.59,   44.20
10/08/2013 04:45:00,   47.01,   52.17,   42.05,   49.72,   53.90,   45.43
10/08/2013 04:50:00,   50.75,   56.60,   42.90,   54.05,   59.64,   46.59
10/08/2013 04:55:00,   49.01,   54.52,   41.58,   51.19,   55.79,   45.06
10/08/2013 05:00:00,   48.27,   53.33,   42.56,   50.51,   54.94,   46.16
10/08/2013 05:05:00,   49.84,   56.17,   42.38,   51.64,   57.60,   45.94
10/08/2013 05:10:00,   49.30,   54.44,   43.05,   51.71,   56.61,   46.74
10/08/2013 05:15:00,   49.67,   54.84,   43.48,   52.67,   57.55,   47.09
10/08/2013 05:20:00,   50.76,   55.27,   44.60,   54.47,   59.00,   48.27
10/08/2013 05:25:00,   52.01,   57.38,   43.68,   54.35,   59.88,   47.27
10/08/2013 05:30:00,   53.41,   59.83,   43.52,   58.23,   64.99,   47.44
10/08/2013 05:35:00,   49.98,   56.18,   43.44,   52.45,   57.93,   47.20
10/08/2013 05:40:00,   50.71,   56.09,   42.60,   54.44,   59.07,   46.13
10/08/2013 05:45:00,   49.40,   54.64,   42.37,   53.36,   59.04,   46.38
10/08/2013 05:50:00,   51.73,   58.11,   44.17,   56.69,   62.60,   48.76
10/08/2013 05:55:00,   51.20,   56.33,   44.65,   53.33,   57.57,   48.04
10/08/2013 06:00:00,   52.68,   56.43,   46.27,   57.39,   62.06,   50.50
10/08/2013 06:05:00,   52.07,   57.40,   44.69,   56.45,   61.47,   48.65
10/08/2013 06:10:00,   49.79,   55.91,   43.73,   53.69,   58.89,   47.43
10/08/2013 06:15:00,   51.98,   57.04,   44.83,   55.29,   59.82,   49.25
10/08/2013 06:20:00,   50.58,   56.68,   42.99,   54.60,   59.72,   47.20
10/08/2013 06:25:00,   50.51,   55.71,   43.65,   55.15,   59.20,   48.84
10/08/2013 06:30:00,   53.31,   59.26,   42.99,   56.82,   61.91,   47.81
10/08/2013 06:35:00,   55.67,   60.94,   45.41,   60.35,   67.65,   49.56
10/08/2013 06:40:00,   51.81,   56.99,   44.11,   56.24,   60.82,   49.22
10/08/2013 06:45:00,   51.29,   56.64,   44.91,   56.10,   60.53,   49.54
10/08/2013 06:50:00,   53.58,   57.59,   45.97,   58.09,   62.31,   50.46
10/08/2013 06:55:00,   52.89,   57.50,   46.24,   57.52,   61.83,   50.28
10/08/2013 07:00:00,   54.69,   58.44,   48.15,   58.65,   61.47,   51.25
10/08/2013 07:05:00,   54.61,   58.57,   47.44,   59.73,   63.44,   51.82
10/08/2013 07:10:00,   54.88,   59.98,   47.59,   58.76,   63.75,   51.54
10/08/2013 07:15:00,   55.42,   60.70,   46.48,   57.51,   62.09,   50.29
10/08/2013 07:20:00,   53.93,   58.60,   47.03,   57.47,   61.21,   50.61
10/08/2013 07:25:00,   52.84,   58.04,   44.90,   55.56,   60.29,   49.12
10/08/2013 07:30:00,   52.54,   57.36,   45.75,   56.73,   61.68,   49.75
10/08/2013 07:35:00,   53.59,   58.18,   47.16,   56.70,   61.70,   50.45
10/08/2013 07:40:00,   50.53,   54.26,   44.11,   53.40,   57.29,   47.86
10/08/2013 07:45:00,   52.95,   56.97,   45.87,   56.00,   59.77,   49.30
10/08/2013 07:50:00,   53.79,   57.61,   47.94,   57.55,   61.29,   52.44
10/08/2013 07:55:00,   52.75,   57.12,   45.63,   55.27,   59.58,   48.70
10/08/2013 08:00:00,   52.89,   56.32,   46.89,   56.13,   60.01,   49.90
10/08/2013 08:05:00,   53.03,   57.05,   45.50,   56.99,   61.23,   49.30
10/08/2013 08:10:00,   53.39,   57.01,   48.14,   56.51,   60.32,   50.47
10/08/2013 08:15:00,   53.49,   57.51,   47.30,   57.38,   61.54,   50.25
10/08/2013 08:20:00,   54.10,   58.03,   48.55,   57.00,   61.14,   51.42
10/08/2013 08:25:00,   54.23,   57.89,   47.60,   58.12,   62.78,   51.56
10/08/2013 08:30:00,   54.33,   57.83,   48.29,   57.48,   61.18,   51.88
10/08/2013 08:35:00,   54.79,   58.67,   49.26,   57.38,   60.42,   52.89
10/08/2013 08:40:00,   54.59,   58.04,   49.08,   59.28,   63.88,   52.75
10/08/2013 08:45:00,   54.63,   57.91,   49.06,   57.17,   60.02,   52.05
10/08/2013 08:50:00,   55.38,   59.14,   49.77,   60.12,   64.66,   55.44
10/08/2013 08:55:00,   55.13,   58.86,   48.43,   58.89,   61.66,   52.22
10/08/2013 09:00:00,   54.07,   57.78,   49.01,   58.63,   62.15,   53.03
10/08/2013 09:05:00,   55.38,   59.18,   49.40,   58.94,   62.37,   52.99
10/08/2013 09:10:00,   55.51,   59.19,   48.15,   59.71,   62.50,   51.39
10/08/2013 09:15:00,   54.18,   58.06,   47.94,   57.43,   60.83,   51.56
10/08/2013 09:20:00,   54.94,   58.17,   50.71,   58.62,   61.96,   54.62
10/08/2013 09:25:00,   55.49,   59.02,   50.96,   59.54,   63.11,   54.26
10/08/2013 09:30:00,   54.92,   58.41,   49.26,   58.59,   61.43,   53.33
10/08/2013 09:35:00,   54.51,   58.01,   49.29,   57.80,   61.21,   52.33
10/08/2013 09:40:00,   55.17,   58.48,   50.26,   59.14,   62.37,   54.69
10/08/2013 09:45:00,   54.39,   57.49,   50.18,   57.76,   60.35,   53.38
10/08/2013 09:50:00,   58.37,   62.03,   51.16,   60.71,   64.89,   54.62
10/08/2013 09:55:00,   54.81,   57.73,   49.91,   57.92,   60.54,   53.68
10/08/2013 10:00:00,   54.84,   58.38,   49.77,   58.14,   61.43,   52.97
10/08/2013 10:05:00,   54.90,   58.30,   49.44,   59.49,   62.23,   54.10
10/08/2013 10:10:00,   54.95,   58.31,   50.41,   59.26,   62.25,   54.03
10/08/2013 10:15:00,   54.94,   58.43,   48.87,   58.95,   61.95,   51.84
10/08/2013 10:20:00,   56.70,   59.86,   50.13,   60.50,   64.09,   52.91
10/08/2013 10:25:00,   53.67,   56.90,   49.03,   57.24,   60.14,   52.43
10/08/2013 10:30:00,   55.21,   58.20,   50.16,   59.20,   62.77,   53.78
10/08/2013 10:35:00,   55.85,   58.37,   50.96,   59.65,   62.32,   55.72
10/08/2013 10:40:00,   55.67,   59.25,   51.00,   59.72,   63.61,   54.56
10/08/2013 10:45:00,   54.25,   57.38,   48.64,   58.89,   62.08,   54.46
10/08/2013 10:50:00,   55.44,   58.63,   50.11,   60.18,   63.48,   54.73
10/08/2013 10:55:00,   55.26,   58.35,   49.58,   59.98,   62.69,   54.71
10/08/2013 11:00:00,   53.74,   56.58,   49.27,   58.40,   60.64,   54.33
10/08/2013 11:05:00,   54.23,   56.97,   49.92,   58.70,   61.87,   53.34
10/08/2013 11:10:00,   54.87,   57.74,   49.87,   59.06,   62.42,   54.01
10/08/2013 11:15:00,   56.28,   59.32,   51.26,   60.24,   63.12,   55.40
10/08/2013 11:20:00,   55.16,   58.35,   49.73,   60.72,   64.68,   55.10
10/08/2013 11:25:00,   54.20,   56.72,   49.76,   58.10,   60.34,   53.62
10/08/2013 11:30:00,   56.35,   58.75,   52.15,   59.58,   61.98,   55.92
10/08/2013 11:35:00,   55.75,   58.44,   50.73,   59.53,   62.35,   54.26
10/08/2013 11:40:00,   54.02,   56.89,   49.36,   58.82,   61.36,   54.62
10/08/2013 11:45:00,   55.06,   57.87,   50.57,   60.69,   63.47,   56.21
10/08/2013 11:50:00,   56.09,   58.94,   50.66,   60.17,   63.72,   54.90
10/08/2013 11:55:00,   55.49,   58.39,   48.77,   59.13,   62.36,   53.12
10/08/2013 12:00:00,   54.98,   58.25,   48.15,   58.41,   61.60,   52.45
10/08/2013 12:05:00,   56.23,   58.30,   50.23,   59.67,   62.00,   54.20
10/08/2013 12:10:00,   54.97,   57.62,   49.99,   58.25,   60.29,   53.71
10/08/2013 12:15:00,   55.50,   58.39,   50.78,   60.18,   63.10,   55.31
10/08/2013 12:20:00,   55.82,   58.04,   50.68,   59.99,   62.29,   55.53
10/08/2013 12:25:00,   56.46,   58.98,   50.34,   61.00,   64.77,   55.23
10/08/2013 12:30:00,   55.05,   57.99,   50.10,   58.95,   61.73,   54.57
10/08/2013 12:35:00,   53.67,   57.12,   48.68,   58.04,   60.77,   53.37
10/08/2013 12:40:00,   54.92,   57.58,   50.44,   59.01,   61.59,   54.26
10/08/2013 12:45:00,   53.97,   57.00,   48.54,   57.92,   60.75,   53.01
10/08/2013 12:50:00,   55.44,   58.26,   49.77,   59.19,   61.66,   54.31
10/08/2013 12:55:00,   54.21,   57.38,   48.93,   58.57,   61.24,   54.22
10/08/2013 13:00:00,   54.90,   57.66,   50.72,   58.66,   60.86,   55.12
10/08/2013 13:05:00,   54.16,   57.32,   50.01,   58.86,   62.22,   54.63
10/08/2013 13:10:00,   55.30,   58.32,   50.21,   59.17,   61.88,   54.94
10/08/2013 13:15:00,   55.40,   58.29,   50.55,   59.33,   61.88,   55.70
10/08/2013 13:20:00,   55.22,   58.02,   49.66,   60.52,   63.17,   53.96
10/08/2013 13:25:00,   55.72,   58.38,   50.77,   60.85,   62.08,   55.25
10/08/2013 13:30:00,   55.57,   58.49,   50.61,   60.22,   62.73,   55.40
10/08/2013 13:35:00,   55.33,   58.42,   50.19,   59.24,   61.26,   54.36
10/08/2013 13:40:00,   54.72,   57.76,   49.97,   58.83,   62.25,   53.60
10/08/2013 13:45:00,   55.53,   57.67,   50.83,   60.26,   62.97,   55.38
10/08/2013 13:50:00,   54.90,   57.76,   49.86,   60.51,   62.70,   55.67
10/08/2013 13:55:00,   55.72,   58.50,   51.03,   60.03,   63.27,   55.47
10/08/2013 14:00:00,   53.27,   56.37,   48.59,   56.67,   59.51,   51.38
10/08/2013 14:05:00,   55.38,   58.57,   49.23,   59.94,   63.10,   53.65
10/08/2013 14:10:00,   55.21,   57.64,   49.91,   58.82,   60.99,   54.09
10/08/2013 14:15:00,   55.97,   58.69,   50.31,   60.88,   64.02,   54.92
10/08/2013 14:20:00,   55.48,   58.04,   50.74,   60.73,   63.32,   55.37
10/08/2013 14:25:00,   55.88,   58.45,   51.96,   59.89,   61.78,   56.32
10/08/2013 14:30:00,   55.25,   58.42,   50.91,   59.28,   62.23,   55.07
10/08/2013 14:35:00,   55.52,   58.42,   50.09,   59.53,   62.08,   54.80
10/08/2013 14:40:00,   54.84,   57.81,   49.37,   59.74,   62.38,   55.29
10/08/2013 14:45:00,   54.14,   57.15,   49.95,   58.00,   60.52,   53.86
10/08/2013 14:50:00,   53.95,   57.06,   49.70,   59.01,   62.16,   55.21
10/08/2013 14:55:00,   54.31,   57.44,   48.49,   59.39,   62.10,   55.06
10/08/2013 15:00:00,   54.33,   57.74,   49.70,   58.86,   61.17,   54.51
10/08/2013 15:05:00,   54.12,   57.04,   49.31,   58.31,   61.00,   54.18
10/08/2013 15:10:00,   54.59,   57.04,   50.36,   58.08,   60.34,   54.15
10/08/2013 15:15:00,   54.67,   58.27,   49.48,   59.16,   62.40,   53.77
10/08/2013 15:20:00,   54.71,   58.26,   49.36,   58.60,   61.34,   54.71
10/08/2013 15:25:00,   55.68,   58.15,   49.84,   59.80,   63.03,   53.87
10/08/2013 15:30:00,   54.85,   58.09,   48.04,   59.62,   62.61,   53.95
10/08/2013 15:35:00,   54.07,   57.11,   49.23,   58.29,   60.99,   52.90
10/08/2013 15:40:00,   55.13,   57.78,   50.32,   58.69,   61.20,   54.03
10/08/2013 15:45:00,   55.51,   58.42,   51.40,   59.11,   61.78,   55.48
10/08/2013 15:50:00,   54.53,   57.20,   49.12,   58.44,   61.27,   54.32
10/08/2013 15:55:00,   54.84,   57.37,   50.90,   59.14,   61.69,   55.24
10/08/2013 16:00:00,   54.67,   57.74,   50.13,   59.92,   63.42,   54.73
10/08/2013 16:05:00,   55.45,   58.37,   50.88,   59.68,   62.60,   55.43
10/08/2013 16:10:00,   55.11,   57.32,   51.56,   59.28,   61.84,   55.31
10/08/2013 16:15:00,   56.37,   58.81,   48.64,   59.78,   62.13,   53.77
10/08/2013 16:20:00,   55.13,   58.20,   49.87,   59.35,   62.34,   54.75
10/08/2013 16:25:00,   55.03,   58.21,   49.79,   59.06,   61.69,   53.79
10/08/2013 16:30:00,   55.85,   58.55,   51.39,   59.49,   62.01,   55.30
10/08/2013 16:35:00,   55.58,   58.52,   51.13,   59.47,   62.06,   54.77
10/08/2013 16:40:00,   54.64,   57.93,   49.95,   58.08,   60.36,   53.76
10/08/2013 16:45:00,   54.91,   58.10,   49.51,   58.65,   61.69,   53.16
10/08/2013 16:50:00,   55.10,   58.80,   48.49,   59.71,   64.01,   53.31
10/08/2013 16:55:00,   55.13,   58.35,   49.97,   58.30,   61.09,   53.51
10/08/2013 17:00:00,   55.90,   58.91,   50.46,   60.24,   63.43,   55.42
10/08/2013 17:05:00,   56.49,   58.77,   50.77,   60.22,   63.02,   55.06
10/08/2013 17:10:00,   54.68,   58.23,   49.30,   58.24,   60.97,   53.51
10/08/2013 17:15:00,   55.22,   58.56,   48.71,   59.46,   62.94,   53.19
10/08/2013 17:20:00,   56.48,   60.41,   50.56,   61.13,   65.73,   54.14
10/08/2013 17:25:00,   55.70,   58.59,   51.32,   59.98,   63.10,   55.43
10/08/2013 17:30:00,   56.59,   59.71,   51.35,   60.41,   62.77,   54.75
10/08/2013 17:35:00,   57.08,   59.57,   52.49,   60.31,   62.60,   56.06
10/08/2013 17:40:00,   56.57,   59.03,   52.34,   59.87,   62.28,   55.76
10/08/2013 17:45:00,   56.17,   58.76,   52.51,   59.22,   61.59,   55.82
10/08/2013 17:50:00,   55.85,   57.99,   52.19,   59.60,   62.90,   54.93
10/08/2013 17:55:00,   55.95,   58.77,   52.44,   59.93,   62.17,   56.72
10/08/2013 18:00:00,   55.30,   58.10,   51.38,   59.71,   62.19,   55.38
10/08/2013 18:05:00,   55.81,   58.57,   51.65,   60.18,   63.35,   54.97
10/08/2013 18:10:00,   55.92,   58.49,   51.46,   59.64,   62.66,   54.21
10/08/2013 18:15:00,   56.83,   59.00,   51.88,   60.88,   64.31,   56.55
10/08/2013 18:20:00,   56.56,   59.52,   52.24,   60.66,   64.06,   55.65
10/08/2013 18:25:00,   54.80,   57.70,   50.41,   59.11,   62.88,   54.69
10/08/2013 18:30:00,   57.34,   60.23,   53.20,   60.85,   63.64,   55.97
10/08/2013 18:35:00,   57.60,   59.68,   52.88,   60.17,   63.12,   56.21
10/08/2013 18:40:00,   56.32,   59.07,   52.24,   59.32,   62.17,   54.48
10/08/2013 18:45:00,   55.62,   58.40,   52.10,   58.76,   61.46,   55.21
10/08/2013 18:50:00,   55.85,   58.65,   50.98,   60.10,   63.29,   54.95
10/08/2013 18:55:00,   56.48,   59.26,   51.97,   59.42,   62.35,   55.00
10/08/2013 19:00:00,   55.83,   58.30,   51.85,   59.03,   61.52,   55.36
10/08/2013 19:05:00,   56.55,   59.87,   51.03,   60.51,   64.08,   54.77
10/08/2013 19:10:00,   55.18,   57.97,   50.99,   58.66,   61.26,   54.36
10/08/2013 19:15:00,   55.03,   57.99,   50.73,   58.08,   60.25,   54.58
10/08/2013 19:20:00,   54.98,   58.10,   50.70,   58.27,   60.95,   53.75
10/08/2013 19:25:00,   55.42,   58.37,   51.28,   57.93,   60.87,   54.05
10/08/2013 19:30:00,   57.36,   60.33,   51.85,   60.75,   64.35,   54.98
10/08/2013 19:35:00,   56.72,   59.59,   51.24,   59.94,   62.74,   54.90
10/08/2013 19:40:00,   55.99,   59.40,   50.98,   58.77,   61.58,   53.96
10/08/2013 19:45:00,   56.09,   58.99,   51.83,   59.36,   61.94,   55.18
10/08/2013 19:50:00,   55.02,   58.28,   49.89,   58.13,   61.09,   53.05
10/08/2013 19:55:00,   55.26,   58.25,   49.62,   57.94,   60.82,   52.83
10/08/2013 20:00:00,   54.73,   57.77,   49.44,   57.90,   60.72,   52.57
10/08/2013 20:05:00,   55.71,   58.97,   51.26,   58.96,   62.47,   54.69
10/08/2013 20:10:00,   55.72,   58.49,   50.94,   58.84,   61.34,   53.79
10/08/2013 20:15:00,   55.25,   58.68,   49.75,   59.06,   62.46,   53.17
10/08/2013 20:20:00,   54.40,   58.32,   49.97,   58.28,   61.70,   54.15
10/08/2013 20:25:00,   55.59,   58.87,   51.21,   58.68,   61.22,   54.22
10/08/2013 20:30:00,   54.91,   58.41,   50.68,   58.67,   61.74,   54.17
10/08/2013 20:35:00,   55.06,   58.05,   50.89,   58.41,   62.22,   53.76
10/08/2013 20:40:00,   54.74,   57.15,   50.41,   57.85,   60.27,   53.78
10/08/2013 20:45:00,   54.27,   58.23,   47.66,   57.28,   60.72,   51.11
10/08/2013 20:50:00,   55.72,   58.20,   51.82,   59.63,   62.76,   54.91
10/08/2013 20:55:00,   55.35,   57.95,   50.76,   58.86,   61.94,   53.98
10/08/2013 21:00:00,   55.48,   59.10,   48.50,   58.53,   62.05,   52.00
10/08/2013 21:05:00,   54.72,   57.93,   50.03,   57.52,   60.83,   52.69
10/08/2013 21:10:00,   54.75,   57.92,   50.04,   57.50,   60.07,   53.64
10/08/2013 21:15:00,   54.57,   58.17,   49.18,   56.94,   60.23,   52.23
10/08/2013 21:20:00,   54.83,   58.86,   48.88,   58.62,   63.08,   52.10
10/08/2013 21:25:00,   55.99,   59.49,   50.63,   59.16,   62.24,   53.93
10/08/2013 21:30:00,   55.04,   57.72,   51.49,   58.07,   60.10,   54.79
10/08/2013 21:35:00,   55.11,   58.19,   49.06,   58.05,   61.41,   51.88
10/08/2013 21:40:00,   54.54,   58.03,   49.95,   57.19,   60.49,   52.71
10/08/2013 21:45:00,   54.56,   58.57,   48.99,   57.21,   60.75,   52.02
10/08/2013 21:50:00,   55.27,   58.16,   49.71,   58.42,   61.23,   52.56
10/08/2013 21:55:00,   55.07,   58.83,   49.49,   57.61,   60.71,   52.83
10/08/2013 22:00:00,   53.97,   57.59,   48.37,   56.47,   59.92,   51.65
10/08/2013 22:05:00,   52.23,   55.74,   48.61,   55.43,   58.50,   52.01
10/08/2013 22:10:00,   54.37,   57.99,   50.25,   57.76,   61.19,   53.45
10/08/2013 22:15:00,   52.92,   56.19,   48.28,   56.19,   59.53,   51.34
10/08/2013 22:20:00,   54.97,   58.79,   49.35,   57.50,   61.11,   52.72
10/08/2013 22:25:00,   53.63,   57.71,   48.31,   56.20,   59.52,   51.51
10/08/2013 22:30:00,   54.54,   58.28,   49.21,   57.48,   60.95,   52.96
10/08/2013 22:35:00,   52.66,   56.44,   46.74,   55.77,   59.42,   50.41
10/08/2013 22:40:00,   53.28,   56.23,   48.73,   56.04,   59.34,   51.53
10/08/2013 22:45:00,   54.36,   58.81,   48.09,   57.30,   61.46,   51.36
10/08/2013 22:50:00,   55.97,   59.93,   50.31,   59.48,   62.92,   53.91
10/08/2013 22:55:00,   54.08,   57.49,   49.32,   57.35,   60.10,   51.85
10/08/2013 23:00:00,   54.13,   57.46,   47.91,   56.47,   59.47,   50.76
10/08/2013 23:05:00,   53.62,   57.84,   47.80,   55.89,   59.97,   50.82
10/08/2013 23:10:00,   53.50,   57.40,   46.24,   55.80,   59.55,   48.94
10/08/2013 23:15:00,   53.04,   56.80,   47.97,   55.97,   59.31,   50.54
10/08/2013 23:20:00,   53.42,   56.97,   47.04,   56.09,   59.36,   50.51
10/08/2013 23:25:00,   51.68,   55.98,   46.40,   54.98,   59.04,   48.98
10/08/2013 23:30:00,   52.45,   56.46,   46.42,   55.00,   59.06,   49.10
10/08/2013 23:35:00,   52.39,   56.24,   46.72,   54.98,   58.62,   50.12
10/08/2013 23:40:00,   51.97,   56.03,   44.23,   55.55,   59.23,   47.45
10/08/2013 23:45:00,   50.64,   56.03,   44.27,   53.67,   58.39,   47.73
10/08/2013 23:50:00,   52.64,   57.13,   45.58,   54.95,   59.38,   48.45
10/08/2013 23:55:00,   51.18,   56.38,   46.04,   53.85,   58.84,   49.02

