# noise_analysis run from DCC-NOISE-001003 at Mon Aug  5 00:00:00 2013
# Monitoring unit located at 53.342609N 6.340721W
# logfile   = /home/root/noise_analysis.log
# cfg_dir   = /home/root/config
# outputdir = /home/root/noise
# Sensitivity = -26.271103
# Gain = 1.000000
# Time should be in local format (i.e. daylight savings time)
# dd/mm/yyyy hh:mm:ss, A Leq,   A L10,   A L95,   C Leq,   C L10,   C L95
05/08/2013 00:05:00,   51.78,   57.43,   40.83,   54.03,   58.77,   45.83
05/08/2013 00:10:00,   52.61,   58.52,   38.95,   55.17,   59.89,   45.76
05/08/2013 00:15:00,   52.42,   58.51,   39.49,   55.11,   59.87,   45.03
05/08/2013 00:20:00,   49.86,   56.64,   35.81,   52.32,   58.49,   43.57
05/08/2013 00:25:00,   49.56,   56.70,   37.47,   51.94,   58.22,   42.44
05/08/2013 00:30:00,   50.76,   57.73,   39.32,   53.94,   60.05,   44.36
05/08/2013 00:35:00,   53.82,   59.07,   40.18,   56.30,   60.89,   46.15
05/08/2013 00:40:00,   51.17,   58.18,   37.41,   53.31,   59.83,   42.24
05/08/2013 00:45:00,   51.18,   57.00,   40.59,   53.85,   58.62,   44.80
05/08/2013 00:50:00,   51.20,   56.74,   37.77,   53.52,   59.14,   41.38
05/08/2013 00:55:00,   53.38,   58.54,   43.05,   55.75,   60.04,   46.62
05/08/2013 01:00:00,   53.03,   58.08,   40.38,   54.96,   59.71,   44.12
05/08/2013 01:05:00,   49.40,   55.88,   37.14,   51.71,   57.32,   43.43
05/08/2013 01:10:00,   52.95,   57.97,   42.92,   55.64,   59.99,   45.89
05/08/2013 01:15:00,   52.08,   57.49,   41.85,   54.41,   59.53,   44.65
05/08/2013 01:20:00,   53.17,   60.01,   43.05,   54.99,   60.97,   45.25
05/08/2013 01:25:00,   51.91,   57.53,   43.51,   53.47,   58.85,   44.76
05/08/2013 01:30:00,   53.18,   59.10,   42.49,   54.88,   60.51,   44.65
05/08/2013 01:35:00,   51.60,   57.68,   39.53,   53.43,   59.51,   42.52
05/08/2013 01:40:00,   52.95,   58.76,   39.91,   55.25,   60.57,   41.96
05/08/2013 01:45:00,   50.49,   57.29,   40.13,   52.79,   58.84,   43.00
05/08/2013 01:50:00,   49.07,   56.33,   38.73,   50.40,   57.44,   41.22
05/08/2013 01:55:00,   50.75,   56.82,   38.44,   52.74,   58.24,   41.30
05/08/2013 02:00:00,   49.22,   55.59,   38.87,   52.40,   58.27,   42.91
05/08/2013 02:05:00,   47.48,   55.27,   37.38,   49.78,   57.14,   40.10
05/08/2013 02:10:00,   50.99,   56.84,   39.80,   54.23,   59.53,   43.41
05/08/2013 02:15:00,   52.45,   58.31,   38.65,   54.71,   59.62,   43.05
05/08/2013 02:20:00,   50.80,   57.37,   40.36,   52.45,   58.31,   42.97
05/08/2013 02:25:00,   50.98,   58.11,   37.71,   54.04,   60.07,   42.34
05/08/2013 02:30:00,   49.64,   56.89,   37.64,   52.22,   59.31,   40.33
05/08/2013 02:35:00,   47.54,   54.20,   36.19,   49.70,   56.06,   39.85
05/08/2013 02:40:00,   48.05,   55.71,   36.62,   50.42,   57.92,   40.00
05/08/2013 02:45:00,   49.39,   57.13,   37.46,   52.51,   60.25,   40.78
05/08/2013 02:50:00,   49.87,   56.54,   37.28,   51.67,   57.98,   40.88
05/08/2013 02:55:00,   44.79,   51.63,   36.23,   47.12,   53.62,   39.55
05/08/2013 03:00:00,   49.23,   57.08,   36.39,   50.65,   58.04,   39.55
05/08/2013 03:05:00,   47.03,   54.67,   35.15,   49.49,   57.80,   38.35
05/08/2013 03:10:00,   47.69,   55.64,   36.53,   49.19,   56.53,   39.74
05/08/2013 03:15:00,   53.20,   57.71,   39.57,   54.09,   58.51,   41.65
05/08/2013 03:20:00,   48.70,   56.69,   38.83,   50.42,   57.77,   41.08
05/08/2013 03:25:00,   47.08,   54.78,   38.40,   48.70,   55.73,   41.15
05/08/2013 03:30:00,   47.80,   55.16,   38.00,   49.50,   56.76,   40.17
05/08/2013 03:35:00,   47.29,   53.71,   37.14,   49.34,   55.40,   40.25
05/08/2013 03:40:00,   48.00,   55.25,   37.55,   50.92,   56.62,   41.15
05/08/2013 03:45:00,   48.42,   55.31,   38.44,   50.59,   57.43,   40.62
05/08/2013 03:50:00,   49.78,   57.37,   39.29,   51.24,   58.03,   41.71
05/08/2013 03:55:00,   43.35,   50.30,   35.88,   45.41,   51.53,   38.15
05/08/2013 04:00:00,   45.84,   52.78,   36.99,   47.64,   54.72,   39.39
05/08/2013 04:05:00,   45.73,   54.48,   35.48,   49.71,   56.52,   38.30
05/08/2013 04:10:00,   47.13,   54.97,   37.61,   50.00,   57.07,   40.71
05/08/2013 04:15:00,   47.55,   55.37,   37.26,   49.84,   56.76,   39.36
05/08/2013 04:20:00,   48.72,   55.08,   38.05,   51.89,   58.33,   40.49
05/08/2013 04:25:00,   46.64,   53.57,   35.80,   48.59,   55.33,   38.48
05/08/2013 04:30:00,   47.20,   54.01,   37.16,   49.52,   57.12,   39.67
05/08/2013 04:35:00,   45.14,   54.59,   35.81,   47.28,   56.93,   38.35
05/08/2013 04:40:00,   44.50,   51.15,   36.82,   47.12,   54.09,   40.06
05/08/2013 04:45:00,   46.16,   53.64,   38.90,   48.99,   55.52,   41.80
05/08/2013 04:50:00,   49.25,   55.37,   39.41,   50.27,   55.90,   41.66
05/08/2013 04:55:00,   48.11,   54.35,   38.85,   49.67,   54.98,   41.61
05/08/2013 05:00:00,   49.15,   56.10,   39.59,   50.71,   56.87,   42.89
05/08/2013 05:05:00,   49.62,   56.61,   39.67,   51.90,   57.88,   43.71
05/08/2013 05:10:00,   48.13,   54.63,   39.89,   49.68,   56.18,   43.59
05/08/2013 05:15:00,   47.30,   54.01,   40.32,   49.96,   55.81,   44.04
05/08/2013 05:20:00,   49.24,   56.92,   40.21,   52.00,   59.22,   44.04
05/08/2013 05:25:00,   47.31,   54.29,   40.63,   50.06,   56.53,   44.10
05/08/2013 05:30:00,   52.38,   57.88,   43.15,   54.73,   59.61,   46.18
05/08/2013 05:35:00,   48.55,   55.25,   41.79,   50.86,   57.01,   45.39
05/08/2013 05:40:00,   52.74,   58.70,   42.91,   55.14,   60.19,   46.63
05/08/2013 05:45:00,   52.12,   57.79,   43.40,   55.69,   61.49,   48.30
05/08/2013 05:50:00,   49.52,   56.47,   42.72,   52.75,   58.44,   46.75
05/08/2013 05:55:00,   47.74,   53.33,   42.77,   50.67,   55.38,   46.54
05/08/2013 06:00:00,   50.30,   55.31,   43.78,   52.41,   57.24,   47.27
05/08/2013 06:05:00,   51.36,   57.07,   43.64,   53.52,   58.32,   47.43
05/08/2013 06:10:00,   51.30,   56.84,   44.26,   55.23,   59.96,   48.85
05/08/2013 06:15:00,   50.65,   56.89,   44.24,   55.69,   62.52,   47.65
05/08/2013 06:20:00,   52.52,   57.91,   44.18,   56.79,   63.14,   49.07
05/08/2013 06:25:00,   51.29,   56.96,   43.72,   54.05,   58.98,   47.65
05/08/2013 06:30:00,   52.79,   56.75,   46.10,   56.36,   59.99,   50.15
05/08/2013 06:35:00,   55.08,   58.37,   45.44,   56.86,   60.49,   49.03
05/08/2013 06:40:00,   51.56,   56.81,   45.25,   56.13,   61.44,   48.70
05/08/2013 06:45:00,   51.07,   56.48,   45.98,   55.46,   59.49,   50.39
05/08/2013 06:50:00,   52.18,   57.19,   45.91,   55.12,   59.30,   49.48
05/08/2013 06:55:00,   57.78,   64.21,   48.53,   61.51,   68.12,   53.50
05/08/2013 07:00:00,   56.82,   61.16,   48.58,   60.95,   64.15,   53.05
05/08/2013 07:05:00,   53.91,   59.33,   47.13,   56.60,   60.79,   51.23
05/08/2013 07:10:00,   53.47,   58.71,   46.52,   56.67,   61.14,   49.95
05/08/2013 07:15:00,   51.63,   56.55,   45.66,   55.63,   60.32,   49.45
05/08/2013 07:20:00,   52.73,   58.12,   45.52,   55.16,   59.79,   49.80
05/08/2013 07:25:00,   53.58,   59.02,   46.38,   57.37,   62.86,   50.14
05/08/2013 07:30:00,   52.42,   57.71,   45.35,   54.90,   59.51,   49.79
05/08/2013 07:35:00,   53.34,   59.17,   44.65,   55.87,   60.67,   49.60
05/08/2013 07:40:00,   51.69,   57.75,   44.91,   54.66,   59.86,   49.43
05/08/2013 07:45:00,   52.22,   57.67,   44.86,   55.87,   60.66,   48.87
05/08/2013 07:50:00,   51.44,   56.75,   44.32,   53.63,   58.53,   47.73
05/08/2013 07:55:00,   49.87,   54.19,   45.12,   52.49,   56.32,   48.44
05/08/2013 08:00:00,   53.07,   58.99,   45.42,   55.16,   60.34,   48.81
05/08/2013 08:05:00,   52.33,   57.59,   45.63,   54.44,   58.98,   49.25
05/08/2013 08:10:00,   54.43,   58.64,   47.28,   57.51,   61.60,   50.14
05/08/2013 08:15:00,   53.00,   57.39,   46.60,   55.13,   58.86,   49.68
05/08/2013 08:20:00,   53.13,   57.54,   47.47,   55.55,   59.09,   50.40
05/08/2013 08:25:00,   52.00,   56.25,   45.94,   54.84,   58.51,   49.06
05/08/2013 08:30:00,   54.07,   58.26,   47.61,   57.95,   62.55,   51.66
05/08/2013 08:35:00,   53.54,   57.15,   46.80,   58.14,   62.70,   50.74
05/08/2013 08:40:00,   52.90,   57.97,   46.40,   55.29,   58.94,   50.90
05/08/2013 08:45:00,   54.28,   58.84,   47.96,   56.83,   60.79,   52.03
05/08/2013 08:50:00,   54.17,   58.37,   47.75,   56.78,   60.31,   51.59
05/08/2013 08:55:00,   54.44,   58.67,   47.74,   57.28,   60.67,   52.06
05/08/2013 09:00:00,   54.31,   58.43,   48.05,   57.23,   61.02,   52.56
05/08/2013 09:05:00,   54.95,   59.09,   49.12,   58.78,   62.26,   53.74
05/08/2013 09:10:00,   56.14,   59.94,   49.37,   59.29,   62.55,   53.43
05/08/2013 09:15:00,   55.00,   58.52,   50.08,   57.74,   60.49,   53.19
05/08/2013 09:20:00,   57.66,   62.53,   49.57,   62.85,   68.81,   53.73
05/08/2013 09:25:00,   55.71,   59.37,   49.89,   61.17,   65.03,   55.52
05/08/2013 09:30:00,   54.10,   57.88,   48.82,   58.02,   61.24,   52.79
05/08/2013 09:35:00,   56.05,   59.59,   49.38,   58.54,   62.20,   52.55
05/08/2013 09:40:00,   56.77,   59.98,   50.07,   60.61,   63.42,   53.47
05/08/2013 09:45:00,   55.36,   59.62,   49.52,   57.51,   61.87,   51.84
05/08/2013 09:50:00,   53.48,   56.57,   48.65,   56.89,   60.07,   51.46
05/08/2013 09:55:00,   56.40,   59.87,   50.82,   59.15,   62.14,   53.93
05/08/2013 10:00:00,   54.83,   58.23,   48.94,   57.80,   61.41,   51.59
05/08/2013 10:05:00,   55.07,   59.14,   48.90,   57.25,   61.25,   51.02
05/08/2013 10:10:00,   56.17,   59.60,   50.88,   59.59,   62.17,   53.87
05/08/2013 10:15:00,   54.33,   57.91,   48.35,   57.55,   60.50,   51.62
05/08/2013 10:20:00,   54.92,   58.68,   48.84,   57.46,   60.83,   51.60
05/08/2013 10:25:00,   54.58,   58.41,   47.85,   58.00,   61.11,   50.97
05/08/2013 10:30:00,   55.20,   58.81,   47.89,   58.77,   61.85,   51.31
05/08/2013 10:35:00,   56.03,   59.67,   49.49,   59.54,   63.04,   52.67
05/08/2013 10:40:00,   55.33,   59.01,   49.72,   58.55,   61.58,   53.58
05/08/2013 10:45:00,   54.93,   58.29,   49.21,   58.04,   60.98,   52.57
05/08/2013 10:50:00,   55.48,   58.54,   49.12,   58.85,   62.26,   52.19
05/08/2013 10:55:00,   55.03,   58.70,   49.42,   58.99,   62.92,   52.61
05/08/2013 11:00:00,   52.68,   56.46,   47.69,   56.31,   59.00,   51.63
05/08/2013 11:05:00,   55.70,   58.85,   49.51,   59.31,   61.90,   53.31
05/08/2013 11:10:00,   54.53,   58.62,   49.30,   57.61,   60.84,   52.07
05/08/2013 11:15:00,   55.18,   58.42,   48.43,   58.23,   61.33,   51.20
05/08/2013 11:20:00,   55.36,   58.61,   50.92,   58.88,   61.39,   54.61
05/08/2013 11:25:00,   54.08,   58.06,   48.36,   58.06,   61.15,   51.62
05/08/2013 11:30:00,   54.60,   58.20,   48.88,   57.78,   60.85,   53.03
05/08/2013 11:35:00,   55.53,   58.40,   49.91,   59.65,   62.53,   52.92
05/08/2013 11:40:00,   55.74,   58.79,   51.25,   58.38,   61.28,   54.36
05/08/2013 11:45:00,   55.43,   58.85,   49.19,   58.84,   62.16,   52.61
05/08/2013 11:50:00,   55.48,   58.82,   51.00,   59.42,   62.89,   54.85
05/08/2013 11:55:00,   55.53,   58.18,   51.27,   59.39,   61.96,   54.26
05/08/2013 12:00:00,   55.23,   57.97,   50.63,   58.68,   61.00,   54.79
05/08/2013 12:05:00,   55.73,   58.69,   51.43,   59.56,   62.76,   54.68
05/08/2013 12:10:00,   57.36,   59.69,   51.14,   61.25,   64.96,   55.28
05/08/2013 12:15:00,   55.84,   58.87,   51.31,   59.27,   61.96,   54.82
05/08/2013 12:20:00,   56.48,   59.06,   51.50,   59.75,   62.93,   54.02
05/08/2013 12:25:00,   55.86,   58.07,   51.73,   58.90,   61.02,   55.31
05/08/2013 12:30:00,   56.28,   59.23,   49.73,   60.54,   62.80,   54.22
05/08/2013 12:35:00,   55.44,   58.28,   50.74,   59.12,   61.59,   54.67
05/08/2013 12:40:00,   55.37,   58.46,   50.63,   59.08,   62.01,   54.58
05/08/2013 12:45:00,   57.34,   60.02,   49.73,   62.54,   67.18,   53.13
05/08/2013 12:50:00,   55.41,   57.99,   50.74,   59.18,   61.70,   54.64
05/08/2013 12:55:00,   55.90,   59.03,   51.27,   59.62,   62.23,   55.44
05/08/2013 13:00:00,   55.31,   58.13,   50.48,   59.52,   61.70,   55.60
05/08/2013 13:05:00,   54.58,   57.10,   51.02,   57.56,   59.78,   54.51
05/08/2013 13:10:00,   55.85,   58.30,   51.21,   59.95,   62.16,   55.89
05/08/2013 13:15:00,   55.07,   58.17,   50.76,   59.46,   61.80,   55.70
05/08/2013 13:20:00,   55.18,   58.51,   48.44,   59.13,   62.86,   52.11
05/08/2013 13:25:00,   55.35,   57.92,   51.00,   58.41,   60.80,   54.47
05/08/2013 13:30:00,   55.23,   58.39,   49.94,   58.71,   61.40,   53.31
05/08/2013 13:35:00,   55.99,   58.47,   51.32,   60.08,   62.65,   55.59
05/08/2013 13:40:00,   54.75,   57.84,   49.86,   58.29,   60.71,   54.74
05/08/2013 13:45:00,   55.03,   57.95,   50.45,   59.45,   62.64,   54.47
05/08/2013 13:50:00,   53.38,   56.43,   49.67,   57.39,   60.14,   53.61
05/08/2013 13:55:00,   53.56,   56.38,   48.80,   58.23,   60.87,   54.07
05/08/2013 14:00:00,   57.46,   61.50,   51.71,   62.01,   67.74,   55.70
05/08/2013 14:05:00,   53.06,   55.88,   49.19,   56.89,   59.60,   52.31
05/08/2013 14:10:00,   52.19,   54.69,   48.20,   56.45,   58.86,   53.30
05/08/2013 14:15:00,   54.91,   59.01,   49.46,   60.90,   64.65,   54.79
05/08/2013 14:20:00,   55.51,   58.24,   50.39,   59.28,   61.94,   54.07
05/08/2013 14:25:00,   55.20,   58.62,   49.93,   58.96,   61.81,   53.52
05/08/2013 14:30:00,   54.68,   57.95,   50.36,   58.12,   60.97,   54.25
05/08/2013 14:35:00,   55.02,   57.68,   51.20,   58.05,   60.93,   54.13
05/08/2013 14:40:00,   54.78,   57.75,   50.02,   58.08,   60.58,   54.14
05/08/2013 14:45:00,   54.90,   57.73,   50.06,   58.82,   61.57,   53.89
05/08/2013 14:50:00,   54.35,   56.87,   50.78,   58.85,   61.76,   54.46
05/08/2013 14:55:00,   56.06,   58.44,   52.63,   59.27,   61.67,   55.86
05/08/2013 15:00:00,   56.60,   59.63,   51.51,   60.28,   63.16,   55.08
05/08/2013 15:05:00,   55.64,   57.58,   51.62,   59.11,   61.24,   55.15
05/08/2013 15:10:00,   55.36,   57.89,   49.97,   58.56,   60.82,   53.15
05/08/2013 15:15:00,   57.11,   59.47,   53.13,   61.72,   64.80,   57.22
05/08/2013 15:20:00,   56.39,   58.67,   52.26,   59.32,   61.58,   54.92
05/08/2013 15:25:00,   55.32,   58.64,   51.05,   59.20,   62.03,   55.55
05/08/2013 15:30:00,   55.44,   58.54,   51.27,   59.37,   61.60,   56.15
05/08/2013 15:35:00,   55.67,   58.64,   51.60,   59.65,   62.80,   55.86
05/08/2013 15:40:00,   55.74,   58.60,   51.45,   58.82,   61.77,   55.05
05/08/2013 15:45:00,   55.89,   58.34,   50.90,   58.87,   61.09,   54.59
05/08/2013 15:50:00,   55.74,   58.75,   49.85,   59.31,   62.20,   54.17
05/08/2013 15:55:00,   55.27,   57.89,   50.88,   58.75,   60.93,   54.59
05/08/2013 16:00:00,   57.55,   60.95,   50.93,   60.40,   63.33,   54.07
05/08/2013 16:05:00,   55.42,   58.17,   50.66,   59.38,   62.66,   54.97
05/08/2013 16:10:00,   55.58,   58.51,   50.40,   58.65,   61.22,   53.72
05/08/2013 16:15:00,   55.28,   58.25,   50.47,   58.61,   61.19,   54.94
05/08/2013 16:20:00,   57.28,   60.56,   51.90,   60.89,   64.30,   55.72
05/08/2013 16:25:00,   56.58,   59.05,   52.63,   59.58,   62.38,   55.61
05/08/2013 16:30:00,   56.45,   58.62,   49.68,   59.36,   61.97,   53.43
05/08/2013 16:35:00,   57.15,   59.57,   52.22,   61.28,   66.33,   55.00
05/08/2013 16:40:00,   56.30,   59.46,   49.87,   60.17,   63.74,   53.20
05/08/2013 16:45:00,   55.17,   57.56,   51.63,   59.36,   61.75,   55.54
05/08/2013 16:50:00,   54.80,   57.92,   50.31,   57.90,   60.45,   53.63
05/08/2013 16:55:00,   55.79,   58.15,   51.41,   58.48,   60.80,   54.41
05/08/2013 17:00:00,   56.22,   58.91,   51.87,   59.62,   62.09,   55.28
05/08/2013 17:05:00,   56.76,   59.09,   53.05,   60.88,   63.59,   56.30
05/08/2013 17:10:00,   55.25,   58.82,   51.18,   60.93,   66.07,   55.78
05/08/2013 17:15:00,   56.08,   58.95,   50.21,   60.50,   63.36,   54.59
05/08/2013 17:20:00,   56.19,   58.74,   52.05,   59.21,   61.66,   55.49
05/08/2013 17:25:00,   56.25,   58.34,   51.56,   60.39,   63.58,   55.70
05/08/2013 17:30:00,   56.38,   58.85,   52.10,   59.64,   62.17,   54.90
05/08/2013 17:35:00,   56.96,   60.04,   52.42,   61.49,   65.34,   55.89
05/08/2013 17:40:00,   57.31,   60.12,   52.23,   60.31,   63.57,   55.28
05/08/2013 17:45:00,   55.81,   58.29,   51.48,   59.39,   62.22,   55.00
05/08/2013 17:50:00,   55.80,   58.53,   51.39,   60.16,   63.90,   55.54
05/08/2013 17:55:00,   55.47,   59.03,   50.43,   58.95,   62.03,   53.92
05/08/2013 18:00:00,   55.06,   57.71,   51.61,   58.14,   60.16,   54.66
05/08/2013 18:05:00,   54.94,   58.56,   51.05,   58.03,   61.40,   54.22
05/08/2013 18:10:00,   55.50,   58.27,   50.89,   58.62,   61.02,   54.58
05/08/2013 18:15:00,   55.18,   57.84,   50.59,   58.19,   60.43,   53.75
05/08/2013 18:20:00,   55.89,   58.83,   51.77,   58.54,   61.32,   54.25
05/08/2013 18:25:00,   56.85,   59.52,   51.84,   59.60,   61.75,   55.09
05/08/2013 18:30:00,   56.30,   58.52,   52.20,   59.60,   62.21,   55.60
05/08/2013 18:35:00,   57.18,   60.77,   52.20,   60.78,   64.27,   55.19
05/08/2013 18:40:00,   56.92,   59.85,   51.67,   59.27,   61.96,   54.64
05/08/2013 18:45:00,   55.50,   58.70,   50.95,   58.61,   61.24,   54.50
05/08/2013 18:50:00,   55.64,   58.75,   50.65,   58.67,   61.12,   54.54
05/08/2013 18:55:00,   55.03,   58.00,   50.23,   58.17,   60.75,   53.82
05/08/2013 19:00:00,   55.93,   58.92,   51.57,   58.77,   61.34,   55.07
05/08/2013 19:05:00,   55.90,   59.61,   49.99,   58.94,   62.03,   52.48
05/08/2013 19:10:00,   55.19,   58.48,   48.63,   57.91,   61.14,   52.10
05/08/2013 19:15:00,   55.13,   57.87,   51.38,   59.02,   61.40,   55.21
05/08/2013 19:20:00,   55.31,   58.04,   51.33,   58.24,   60.61,   55.11
05/08/2013 19:25:00,   55.61,   58.23,   49.54,   60.10,   63.90,   53.39
05/08/2013 19:30:00,   56.43,   58.71,   50.30,   60.86,   62.94,   55.37
05/08/2013 19:35:00,   53.18,   56.34,   48.44,   56.97,   60.13,   52.18
05/08/2013 19:40:00,   53.75,   56.61,   49.12,   56.59,   59.44,   51.75
05/08/2013 19:45:00,   54.58,   58.06,   49.39,   57.47,   60.37,   52.05
05/08/2013 19:50:00,   55.71,   58.79,   50.39,   61.36,   66.87,   54.91
05/08/2013 19:55:00,   54.64,   57.75,   49.99,   58.57,   61.89,   52.74
05/08/2013 20:00:00,   54.89,   58.60,   50.37,   59.46,   61.77,   55.05
05/08/2013 20:05:00,   55.45,   59.08,   50.12,   57.85,   60.90,   53.05
05/08/2013 20:10:00,   54.95,   58.19,   50.85,   57.80,   60.37,   54.11
05/08/2013 20:15:00,   55.69,   58.62,   50.72,   59.45,   62.72,   54.02
05/08/2013 20:20:00,   54.23,   56.76,   50.11,   57.34,   59.91,   53.27
05/08/2013 20:25:00,   55.36,   58.96,   49.96,   58.44,   61.75,   53.74
05/08/2013 20:30:00,   55.49,   58.43,   51.35,   61.45,   64.76,   55.49
05/08/2013 20:35:00,   54.45,   57.53,   49.73,   57.88,   60.60,   52.76
05/08/2013 20:40:00,   54.16,   57.26,   49.05,   58.60,   62.37,   52.44
05/08/2013 20:45:00,   55.98,   60.28,   49.93,   58.97,   62.91,   53.56
05/08/2013 20:50:00,   55.31,   57.98,   49.26,   58.28,   60.41,   52.60
05/08/2013 20:55:00,   53.87,   57.49,   49.01,   56.32,   59.25,   52.31
05/08/2013 21:00:00,   54.38,   58.43,   48.48,   57.01,   60.60,   51.37
05/08/2013 21:05:00,   54.06,   57.73,   48.78,   56.53,   59.83,   51.86
05/08/2013 21:10:00,   55.33,   59.45,   49.02,   58.89,   61.87,   52.11
05/08/2013 21:15:00,   54.44,   57.88,   49.71,   56.61,   59.80,   52.64
05/08/2013 21:20:00,   53.77,   57.13,   48.90,   56.92,   60.01,   52.14
05/08/2013 21:25:00,   53.46,   56.63,   47.59,   56.38,   59.82,   50.95
05/08/2013 21:30:00,   53.10,   56.91,   47.86,   56.07,   59.02,   51.89
05/08/2013 21:35:00,   53.31,   58.36,   47.40,   56.39,   60.70,   51.01
05/08/2013 21:40:00,   52.80,   57.62,   46.44,   55.31,   59.67,   49.78
05/08/2013 21:45:00,   53.67,   57.38,   46.58,   57.62,   62.74,   49.82
05/08/2013 21:50:00,   54.24,   57.60,   48.65,   57.07,   60.61,   52.07
05/08/2013 21:55:00,   53.36,   58.04,   46.53,   56.66,   60.32,   50.09
05/08/2013 22:00:00,   53.62,   57.95,   47.76,   56.70,   60.78,   50.91
05/08/2013 22:05:00,   54.59,   58.70,   46.86,   57.31,   60.54,   50.68
05/08/2013 22:10:00,   53.17,   56.90,   47.98,   55.99,   59.73,   51.04
05/08/2013 22:15:00,   54.12,   58.26,   46.69,   56.71,   60.67,   50.04
05/08/2013 22:20:00,   50.95,   56.04,   44.70,   53.72,   58.15,   48.49
05/08/2013 22:25:00,   52.25,   56.49,   45.75,   54.64,   58.48,   49.13
05/08/2013 22:30:00,   53.54,   57.58,   47.61,   56.37,   60.09,   51.44
05/08/2013 22:35:00,   52.67,   56.94,   45.55,   54.92,   59.08,   48.53
05/08/2013 22:40:00,   51.68,   56.77,   44.77,   54.21,   58.50,   48.46
05/08/2013 22:45:00,   53.54,   58.12,   45.14,   56.17,   60.17,   48.62
05/08/2013 22:50:00,   51.98,   56.93,   45.05,   54.58,   58.60,   48.00
05/08/2013 22:55:00,   50.16,   55.70,   43.75,   52.86,   58.08,   47.42
05/08/2013 23:00:00,   51.01,   56.91,   43.48,   52.98,   58.25,   46.65
05/08/2013 23:05:00,   51.77,   56.15,   44.15,   54.41,   58.41,   47.01
05/08/2013 23:10:00,   51.43,   56.10,   43.68,   53.74,   58.08,   46.84
05/08/2013 23:15:00,   49.48,   54.63,   41.48,   52.06,   56.70,   45.36
05/08/2013 23:20:00,   51.19,   57.11,   43.36,   53.20,   58.19,   46.40
05/08/2013 23:25:00,   50.47,   55.10,   42.97,   53.65,   58.23,   46.14
05/08/2013 23:30:00,   50.91,   55.94,   43.64,   53.17,   58.10,   46.85
05/08/2013 23:35:00,   51.74,   56.86,   44.55,   55.29,   60.20,   47.96
05/08/2013 23:40:00,   47.76,   52.03,   42.46,   50.89,   54.91,   46.04
05/08/2013 23:45:00,   49.71,   55.21,   42.63,   52.24,   56.98,   45.94
05/08/2013 23:50:00,   48.70,   54.64,   41.54,   51.27,   57.04,   44.68
05/08/2013 23:55:00,   51.39,   56.60,   42.90,   53.68,   58.63,   46.09

