# noise_analysis run from DCC-NOISE-001003 at Sat Dec  7 00:02:00 2013
# Monitoring unit located at 53.342609N 6.340721W
# logfile   = /home/root/noise_analysis.log
# cfg_dir   = /home/root/config
# outputdir = /home/root/noise
# Sensitivity = -26.271103
# Gain = 1.000000
# Time should be in local format (i.e. daylight savings time)
# dd/mm/yyyy hh:mm:ss, A Leq,   A L10,   A L95,   C Leq,   C L10,   C L95
07/12/2013 00:07:00,   55.02,   59.30,   48.50,   59.43,   65.03,   51.51
07/12/2013 00:12:00,   54.89,   59.16,   49.04,   57.06,   60.56,   51.97
07/12/2013 00:17:00,   56.43,   60.25,   51.17,   58.25,   61.46,   53.66
07/12/2013 00:22:00,   53.16,   57.61,   47.64,   55.53,   59.57,   50.75
07/12/2013 00:27:00,   54.45,   59.19,   47.47,   56.59,   60.10,   50.80
07/12/2013 00:32:00,   55.53,   60.04,   48.85,   59.15,   63.04,   52.04
07/12/2013 00:37:00,   56.04,   60.19,   48.56,   57.57,   61.15,   51.67
07/12/2013 00:42:00,   56.15,   59.78,   49.79,   58.81,   62.67,   52.06
07/12/2013 00:47:00,   54.24,   58.04,   49.01,   56.21,   60.07,   51.87
07/12/2013 00:52:00,   56.66,   60.22,   50.99,   58.18,   61.38,   53.31
07/12/2013 00:57:00,   54.91,   59.54,   48.52,   56.77,   60.61,   51.42
07/12/2013 01:02:00,   55.20,   59.28,   49.21,   56.82,   60.39,   51.70
07/12/2013 01:07:00,   55.75,   60.64,   48.96,   57.74,   62.18,   51.69
07/12/2013 01:12:00,   54.61,   58.30,   48.00,   56.49,   59.91,   50.89
07/12/2013 01:17:00,   56.01,   60.30,   50.27,   57.96,   61.90,   52.79
07/12/2013 01:22:00,   56.04,   59.98,   50.10,   57.73,   61.81,   52.51
07/12/2013 01:27:00,   54.95,   59.58,   49.43,   57.08,   61.14,   52.30
07/12/2013 01:32:00,   55.90,   60.41,   49.24,   57.73,   61.58,   52.15
07/12/2013 01:37:00,   56.94,   60.98,   50.54,   59.21,   62.87,   54.10
07/12/2013 01:42:00,   56.27,   60.85,   48.81,   58.23,   62.06,   52.18
07/12/2013 01:47:00,   55.66,   59.79,   47.67,   57.93,   61.64,   50.68
07/12/2013 01:52:00,   54.41,   58.52,   48.36,   56.30,   60.07,   51.38
07/12/2013 01:57:00,   54.94,   60.25,   47.60,   56.58,   61.33,   50.61
07/12/2013 02:02:00,   54.07,   59.30,   46.56,   56.62,   61.31,   49.79
07/12/2013 02:07:00,   55.35,   60.61,   47.80,   57.25,   62.20,   50.69
07/12/2013 02:12:00,   55.33,   59.92,   47.65,   56.98,   61.12,   50.56
07/12/2013 02:17:00,   55.43,   60.60,   46.35,   56.71,   61.26,   49.47
07/12/2013 02:22:00,   56.45,   60.70,   49.56,   58.25,   62.31,   52.45
07/12/2013 02:27:00,   54.35,   59.09,   47.22,   56.96,   60.09,   50.83
07/12/2013 02:32:00,   55.27,   59.47,   47.56,   57.17,   61.02,   50.58
07/12/2013 02:37:00,   54.04,   59.29,   45.64,   55.79,   60.43,   49.23
07/12/2013 02:42:00,   51.49,   56.67,   45.35,   54.63,   59.34,   49.03
07/12/2013 02:47:00,   55.35,   60.07,   47.61,   57.41,   61.71,   50.87
07/12/2013 02:52:00,   53.52,   58.33,   47.02,   55.40,   59.40,   50.04
07/12/2013 02:57:00,   53.17,   59.12,   45.59,   55.49,   60.69,   49.10
07/12/2013 03:02:00,   55.33,   61.43,   46.17,   57.67,   63.36,   50.41
07/12/2013 03:07:00,   53.66,   59.14,   46.60,   55.74,   60.57,   50.12
07/12/2013 03:12:00,   54.30,   59.19,   46.79,   56.50,   60.85,   50.24
07/12/2013 03:17:00,   55.53,   60.55,   47.63,   57.83,   62.09,   50.64
07/12/2013 03:22:00,   53.49,   59.15,   47.25,   55.73,   60.78,   50.07
07/12/2013 03:27:00,   54.37,   59.21,   47.70,   56.41,   60.89,   50.74
07/12/2013 03:32:00,   52.65,   57.60,   46.33,   55.90,   60.56,   49.53
07/12/2013 03:37:00,   51.01,   56.04,   45.59,   53.47,   57.65,   49.20
07/12/2013 03:42:00,   51.89,   57.47,   45.64,   54.58,   58.82,   49.32
07/12/2013 03:47:00,   53.38,   59.01,   46.68,   55.33,   60.26,   49.68
07/12/2013 03:52:00,   55.24,   61.26,   46.90,   56.74,   62.43,   49.57
07/12/2013 03:57:00,   52.73,   58.60,   45.53,   54.77,   60.13,   49.01
07/12/2013 04:02:00,   53.65,   60.26,   45.21,   55.33,   61.30,   48.80
07/12/2013 04:07:00,   51.61,   57.42,   44.97,   53.69,   59.15,   48.52
07/12/2013 04:12:00,   53.08,   57.82,   46.57,   54.95,   59.82,   49.50
07/12/2013 04:17:00,   54.10,   59.14,   47.15,   56.72,   61.30,   50.44
07/12/2013 04:22:00,   52.50,   56.48,   46.57,   55.09,   59.01,   49.66
07/12/2013 04:27:00,   53.76,   58.72,   47.31,   55.74,   60.55,   49.95
07/12/2013 04:32:00,   55.17,   59.27,   47.62,   57.00,   60.79,   50.31
07/12/2013 04:37:00,   55.08,   60.55,   46.33,   56.62,   61.46,   49.36
07/12/2013 04:42:00,   52.85,   58.04,   47.06,   54.94,   59.71,   50.26
07/12/2013 04:47:00,   53.21,   57.73,   47.39,   55.36,   59.77,   50.02
07/12/2013 04:52:00,   53.48,   58.40,   47.55,   55.15,   59.98,   50.35
07/12/2013 04:57:00,   52.96,   58.34,   45.27,   54.90,   60.05,   48.80
07/12/2013 05:02:00,   52.82,   58.41,   46.92,   54.84,   59.27,   50.31
07/12/2013 05:07:00,   52.07,   57.62,   46.45,   54.56,   59.78,   49.66
07/12/2013 05:12:00,   52.17,   57.77,   46.61,   54.62,   59.42,   50.01
07/12/2013 05:17:00,   49.79,   54.45,   45.26,   52.29,   56.24,   48.74
07/12/2013 05:22:00,   51.54,   56.66,   45.89,   53.63,   58.10,   49.03
07/12/2013 05:27:00,   51.24,   56.26,   45.84,   53.55,   57.92,   49.10
07/12/2013 05:32:00,   53.25,   58.55,   46.88,   56.40,   61.84,   49.72
07/12/2013 05:37:00,   54.31,   60.50,   46.78,   55.96,   61.09,   49.76
07/12/2013 05:42:00,   50.61,   55.04,   45.88,   53.32,   57.10,   49.22
07/12/2013 05:47:00,   53.05,   58.75,   46.48,   55.82,   60.84,   50.01
07/12/2013 05:52:00,   54.04,   60.10,   46.91,   56.56,   62.28,   49.77
07/12/2013 05:57:00,   53.19,   58.68,   47.39,   55.93,   60.62,   50.41
07/12/2013 06:02:00,   52.96,   58.49,   47.30,   55.03,   59.93,   50.46
07/12/2013 06:07:00,   52.67,   58.12,   45.99,   54.97,   59.64,   49.66
07/12/2013 06:12:00,   51.90,   56.94,   46.51,   54.13,   58.54,   49.81
07/12/2013 06:17:00,   53.17,   57.95,   47.37,   55.97,   59.84,   50.62
07/12/2013 06:22:00,   52.86,   56.58,   47.73,   55.81,   59.23,   51.33
07/12/2013 06:27:00,   54.62,   59.41,   48.69,   56.09,   60.28,   51.64
07/12/2013 06:32:00,   51.79,   56.16,   47.73,   55.01,   59.17,   50.91
07/12/2013 06:37:00,   52.04,   56.06,   48.42,   54.53,   57.79,   51.58
07/12/2013 06:42:00,   54.75,   59.15,   49.43,   56.76,   60.53,   52.49
07/12/2013 06:47:00,   54.76,   59.38,   49.81,   57.44,   60.71,   53.65
07/12/2013 06:52:00,   54.99,   58.87,   48.77,   57.61,   60.83,   51.54
07/12/2013 06:57:00,   55.16,   59.94,   48.67,   57.97,   63.07,   52.35
07/12/2013 07:02:00,   55.98,   60.52,   50.14,   58.99,   62.95,   52.89
07/12/2013 07:07:00,   53.98,   58.32,   49.27,   56.76,   60.80,   52.88
07/12/2013 07:12:00,   54.36,   57.65,   49.23,   57.15,   60.31,   52.89
07/12/2013 07:17:00,   56.15,   59.64,   51.69,   58.90,   62.75,   54.29
07/12/2013 07:22:00,   56.10,   60.54,   48.81,   59.40,   63.94,   52.40
07/12/2013 07:27:00,   54.57,   58.18,   49.58,   57.64,   60.64,   52.53
07/12/2013 07:32:00,   54.52,   58.74,   49.37,   57.43,   60.79,   52.42
07/12/2013 07:37:00,   57.13,   60.39,   51.68,   59.98,   63.29,   55.08
07/12/2013 07:42:00,   57.87,   61.47,   51.55,   61.01,   64.46,   54.68
07/12/2013 07:47:00,   57.09,   60.44,   51.43,   59.51,   63.05,   54.47
07/12/2013 07:52:00,   57.15,   61.00,   51.71,   59.27,   62.45,   55.01
07/12/2013 07:57:00,   58.45,   62.11,   53.80,   60.30,   63.63,   56.48
07/12/2013 08:02:00,   57.76,   61.63,   52.37,   59.46,   62.92,   54.65
07/12/2013 08:07:00,   57.80,   62.10,   52.09,   60.00,   63.85,   55.04
07/12/2013 08:12:00,   57.82,   60.91,   52.69,   60.88,   64.20,   55.59
07/12/2013 08:17:00,   56.69,   60.18,   52.05,   58.57,   61.23,   54.80
07/12/2013 08:22:00,   57.98,   61.75,   52.89,   59.64,   62.84,   55.19
07/12/2013 08:27:00,   58.52,   62.36,   52.42,   60.14,   63.44,   55.73
07/12/2013 08:32:00,   56.13,   59.26,   52.41,   58.72,   62.23,   54.97
07/12/2013 08:37:00,   57.64,   61.22,   52.47,   59.77,   63.30,   55.07
07/12/2013 08:42:00,   58.50,   61.62,   54.75,   60.72,   63.78,   56.95
07/12/2013 08:47:00,   58.91,   62.55,   53.95,   61.71,   64.93,   57.37
07/12/2013 08:52:00,   58.70,   61.54,   55.51,   61.23,   63.99,   57.94
07/12/2013 08:57:00,   60.46,   62.98,   57.08,   62.33,   65.67,   58.39
07/12/2013 09:02:00,   60.86,   63.10,   57.03,   61.63,   63.89,   58.18
07/12/2013 09:07:00,   60.47,   62.65,   56.61,   61.84,   63.57,   58.92
07/12/2013 09:12:00,   60.30,   63.34,   55.89,   62.02,   65.11,   57.58
07/12/2013 09:17:00,   59.59,   61.89,   55.29,   61.55,   63.84,   57.38
07/12/2013 09:22:00,   61.74,   63.15,   56.43,   63.48,   65.22,   58.25
07/12/2013 09:27:00,   60.50,   62.24,   54.36,   62.76,   64.65,   56.53
07/12/2013 09:32:00,   59.43,   62.72,   55.27,   62.07,   64.26,   57.94
07/12/2013 09:37:00,   61.00,   63.59,   57.30,   62.27,   64.48,   59.21
07/12/2013 09:42:00,   61.32,   63.86,   57.71,   63.56,   66.03,   59.98
07/12/2013 09:47:00,   60.30,   62.45,   56.55,   61.73,   63.65,   58.87
07/12/2013 09:52:00,   59.46,   61.58,   56.07,   61.66,   63.91,   58.68
07/12/2013 09:57:00,   59.88,   62.60,   55.00,   62.07,   64.30,   58.11
07/12/2013 10:02:00,   60.12,   62.40,   56.52,   61.94,   64.23,   58.23
07/12/2013 10:07:00,   60.97,   63.02,   57.60,   62.65,   65.37,   59.36
07/12/2013 10:12:00,   60.38,   62.56,   57.42,   62.15,   64.52,   59.45
07/12/2013 10:17:00,   60.42,   62.59,   56.88,   63.51,   65.57,   59.68
07/12/2013 10:22:00,   59.24,   61.74,   55.78,   61.48,   64.26,   58.31
07/12/2013 10:27:00,   59.04,   62.65,   53.34,   60.90,   64.11,   55.54
07/12/2013 10:32:00,   59.87,   62.60,   55.48,   63.02,   65.85,   58.68
07/12/2013 10:37:00,   59.91,   62.78,   56.58,   62.22,   64.57,   59.26
07/12/2013 10:42:00,   59.84,   62.70,   55.28,   62.41,   64.71,   57.93
07/12/2013 10:47:00,   59.54,   62.30,   56.17,   61.72,   63.91,   58.97
07/12/2013 10:52:00,   59.37,   62.63,   54.42,   61.81,   64.70,   57.57
07/12/2013 10:57:00,   60.76,   62.83,   57.08,   62.53,   64.55,   59.62
07/12/2013 11:02:00,   60.23,   63.00,   55.95,   61.92,   64.66,   58.55
07/12/2013 11:07:00,   60.62,   62.99,   57.24,   62.49,   64.82,   58.83
07/12/2013 11:12:00,   59.58,   62.03,   55.72,   61.97,   63.98,   58.10
07/12/2013 11:17:00,   59.56,   62.32,   55.78,   62.74,   66.11,   58.70
07/12/2013 11:22:00,   59.65,   62.49,   55.12,   62.61,   65.56,   58.59
07/12/2013 11:27:00,   60.42,   62.48,   56.80,   62.13,   64.09,   58.92
07/12/2013 11:32:00,   63.28,   64.39,   58.50,   64.13,   65.51,   59.76
07/12/2013 11:37:00,   62.03,   64.22,   58.75,   63.33,   65.66,   59.72
07/12/2013 11:42:00,   62.03,   64.09,   57.93,   63.93,   66.38,   60.15
07/12/2013 11:47:00,   62.30,   64.04,   58.79,   62.76,   64.63,   60.11
07/12/2013 11:52:00,   61.25,   63.53,   57.65,   64.37,   67.41,   60.33
07/12/2013 11:57:00,   59.77,   62.64,   55.46,   61.87,   64.26,   57.84
07/12/2013 12:02:00,   60.67,   63.25,   54.63,   62.52,   64.96,   58.07
07/12/2013 12:07:00,   61.07,   63.70,   56.51,   63.62,   66.38,   59.83
07/12/2013 12:12:00,   61.82,   64.24,   57.63,   63.15,   65.22,   60.02
07/12/2013 12:17:00,   63.37,   64.84,   60.09,   64.84,   67.13,   61.60
07/12/2013 12:22:00,   63.65,   65.38,   60.95,   64.51,   66.34,   61.98
07/12/2013 12:27:00,   61.67,   64.09,   56.06,   63.18,   65.72,   58.31
07/12/2013 12:32:00,   62.05,   63.83,   59.04,   62.82,   64.70,   59.61
07/12/2013 12:37:00,   59.84,   63.08,   55.23,   62.41,   65.11,   57.90
07/12/2013 12:42:00,   58.90,   61.33,   55.26,   61.78,   63.88,   58.16
07/12/2013 12:47:00,   59.41,   62.27,   54.40,   61.61,   63.87,   57.37
07/12/2013 12:52:00,   60.07,   62.23,   55.88,   63.47,   66.66,   59.06
07/12/2013 12:57:00,   59.62,   62.18,   55.66,   62.31,   64.58,   58.75
07/12/2013 13:02:00,   59.66,   62.11,   56.26,   62.72,   65.08,   59.51
07/12/2013 13:07:00,   59.35,   61.95,   56.14,   64.41,   67.78,   59.66
07/12/2013 13:12:00,   59.62,   61.75,   55.49,   63.36,   66.39,   59.64
07/12/2013 13:17:00,   60.94,   62.81,   57.72,   63.18,   65.27,   59.38
07/12/2013 13:22:00,   61.42,   63.23,   59.07,   62.84,   64.60,   60.40
07/12/2013 13:27:00,   62.39,   63.81,   59.93,   63.65,   65.06,   61.28
07/12/2013 13:32:00,   62.37,   63.95,   60.30,   63.40,   65.33,   60.60
07/12/2013 13:37:00,   62.39,   63.81,   59.99,   63.77,   65.70,   61.11
07/12/2013 13:42:00,   61.66,   63.05,   59.30,   63.29,   65.13,   60.45
07/12/2013 13:47:00,   61.86,   63.86,   58.47,   63.82,   65.86,   60.66
07/12/2013 13:52:00,   60.90,   62.65,   57.83,   62.74,   64.82,   59.60
07/12/2013 13:57:00,   61.67,   63.71,   58.88,   63.73,   66.08,   60.85
07/12/2013 14:02:00,   62.53,   64.07,   60.34,   63.30,   65.04,   60.90
07/12/2013 14:07:00,   62.02,   63.96,   58.87,   63.02,   65.18,   59.65
07/12/2013 14:12:00,   62.21,   63.72,   59.57,   63.35,   65.16,   61.00
07/12/2013 14:17:00,   62.62,   64.27,   58.26,   63.58,   65.00,   60.87
07/12/2013 14:22:00,   61.86,   63.73,   58.79,   62.86,   65.10,   59.30
07/12/2013 14:27:00,   60.29,   62.28,   56.77,   62.93,   65.64,   59.32
07/12/2013 14:32:00,   59.45,   61.83,   56.01,   61.87,   64.02,   58.24
07/12/2013 14:37:00,   59.70,   62.03,   55.93,   62.88,   65.43,   59.22
07/12/2013 14:42:00,   59.88,   62.26,   56.02,   63.20,   66.13,   58.73
07/12/2013 14:47:00,   59.80,   62.45,   56.14,   62.82,   64.63,   59.43
07/12/2013 14:52:00,   60.43,   62.64,   56.77,   63.16,   65.15,   59.94
07/12/2013 14:57:00,   60.22,   63.06,   54.56,   62.55,   65.16,   57.80
07/12/2013 15:02:00,   63.09,   64.63,   60.12,   63.69,   65.39,   60.45
07/12/2013 15:07:00,   63.04,   64.51,   60.88,   63.27,   64.78,   60.99
07/12/2013 15:12:00,   62.69,   64.36,   60.08,   64.34,   66.12,   61.97
07/12/2013 15:17:00,   60.64,   62.66,   57.41,   62.44,   64.77,   59.18
07/12/2013 15:22:00,   60.64,   62.41,   57.44,   63.07,   65.04,   60.03
07/12/2013 15:27:00,   60.51,   62.44,   57.92,   62.52,   64.63,   59.98
07/12/2013 15:32:00,   60.65,   62.83,   57.80,   63.70,   65.90,   60.42
07/12/2013 15:37:00,   59.51,   61.92,   56.49,   61.71,   63.66,   58.94
07/12/2013 15:42:00,   59.13,   61.85,   54.68,   62.16,   64.83,   58.39
07/12/2013 15:47:00,   59.73,   62.39,   55.35,   62.87,   66.55,   58.39
07/12/2013 15:52:00,   57.77,   60.40,   54.33,   60.86,   63.78,   57.61
07/12/2013 15:57:00,   58.28,   60.96,   54.07,   61.18,   63.43,   57.16
07/12/2013 16:02:00,   60.10,   63.04,   55.04,   62.32,   64.63,   58.47
07/12/2013 16:07:00,   58.73,   61.17,   54.79,   61.91,   64.29,   58.50
07/12/2013 16:12:00,   60.22,   62.45,   56.76,   63.95,   67.18,   59.84
07/12/2013 16:17:00,   58.67,   61.48,   54.71,   61.70,   63.76,   57.89
07/12/2013 16:22:00,   59.27,   61.58,   55.90,   61.53,   63.59,   58.40
07/12/2013 16:27:00,   60.23,   63.69,   55.25,   62.43,   64.87,   57.99
07/12/2013 16:32:00,   62.51,   64.60,   59.47,   63.07,   65.15,   60.25
07/12/2013 16:37:00,   62.29,   64.02,   59.35,   63.15,   64.82,   60.36
07/12/2013 16:42:00,   58.83,   61.28,   54.81,   61.73,   63.93,   58.04
07/12/2013 16:47:00,   58.50,   60.77,   55.13,   62.39,   64.33,   59.56
07/12/2013 16:52:00,   59.20,   61.33,   55.38,   61.77,   63.54,   58.88
07/12/2013 16:57:00,   59.03,   62.11,   54.74,   62.02,   65.01,   57.69
07/12/2013 17:02:00,   58.98,   61.86,   54.05,   62.48,   65.39,   57.38
07/12/2013 17:07:00,   59.14,   61.10,   56.11,   61.86,   63.89,   59.00
07/12/2013 17:12:00,   59.39,   61.79,   55.02,   62.68,   64.99,   58.24
07/12/2013 17:17:00,   59.26,   61.63,   55.96,   61.73,   63.89,   58.84
07/12/2013 17:22:00,   58.27,   60.89,   54.62,   61.06,   63.13,   58.18
07/12/2013 17:27:00,   59.53,   61.84,   55.58,   62.88,   65.56,   59.42
07/12/2013 17:32:00,   59.02,   61.52,   54.78,   60.86,   62.95,   57.17
07/12/2013 17:37:00,   62.88,   62.53,   55.75,   64.94,   65.32,   58.82
07/12/2013 17:42:00,   59.40,   62.22,   55.58,   62.00,   64.47,   58.97
07/12/2013 17:47:00,   59.52,   61.95,   55.86,   62.67,   65.30,   58.88
07/12/2013 17:52:00,   58.83,   61.49,   54.82,   61.46,   63.78,   57.69
07/12/2013 17:57:00,   59.96,   62.10,   55.89,   62.69,   64.66,   58.77
07/12/2013 18:02:00,   59.52,   62.06,   54.37,   61.95,   64.49,   57.23
07/12/2013 18:07:00,   59.05,   61.79,   55.49,   61.67,   63.90,   58.39
07/12/2013 18:12:00,   59.68,   62.05,   56.67,   63.71,   67.55,   60.01
07/12/2013 18:17:00,   59.31,   61.88,   54.86,   61.95,   64.40,   57.70
07/12/2013 18:22:00,   60.46,   63.02,   55.79,   63.10,   65.06,   58.67
07/12/2013 18:27:00,   60.19,   62.72,   56.57,   62.94,   65.02,   59.64
07/12/2013 18:32:00,   59.09,   60.93,   56.09,   61.99,   63.84,   58.72
07/12/2013 18:37:00,   60.30,   62.55,   56.28,   63.05,   65.08,   58.87
07/12/2013 18:42:00,   59.65,   62.19,   56.13,   62.39,   65.06,   59.06
07/12/2013 18:47:00,   59.38,   62.46,   55.41,   62.60,   65.39,   58.51
07/12/2013 18:52:00,   59.18,   61.47,   55.65,   61.75,   64.07,   58.19
07/12/2013 18:57:00,   59.94,   62.82,   56.17,   62.43,   64.87,   58.98
07/12/2013 19:02:00,   58.91,   61.35,   55.24,   61.77,   63.72,   59.17
07/12/2013 19:07:00,   58.90,   61.63,   55.37,   62.22,   64.51,   58.96
07/12/2013 19:12:00,   59.25,   61.60,   56.13,   62.29,   64.55,   58.97
07/12/2013 19:17:00,   59.44,   62.11,   55.48,   62.24,   64.68,   58.75
07/12/2013 19:22:00,   58.72,   61.52,   54.67,   61.23,   63.71,   57.59
07/12/2013 19:27:00,   58.69,   61.45,   54.26,   61.31,   63.97,   56.53
07/12/2013 19:32:00,   58.87,   61.70,   54.45,   61.56,   64.25,   57.67
07/12/2013 19:37:00,   58.78,   62.31,   54.05,   61.71,   64.40,   57.44
07/12/2013 19:42:00,   58.61,   61.25,   54.69,   62.67,   64.94,   57.42
07/12/2013 19:47:00,   59.20,   61.40,   55.83,   62.56,   64.94,   58.62
07/12/2013 19:52:00,   59.21,   61.71,   54.45,   61.65,   64.13,   57.57
07/12/2013 19:57:00,   59.92,   62.54,   55.93,   62.85,   66.06,   59.16
07/12/2013 20:02:00,   58.48,   61.35,   54.96,   61.02,   63.12,   57.56
07/12/2013 20:07:00,   58.37,   61.32,   54.72,   61.25,   63.98,   57.29
07/12/2013 20:12:00,   59.50,   63.57,   53.93,   63.15,   67.72,   57.18
07/12/2013 20:17:00,   58.63,   61.82,   54.70,   61.22,   64.38,   57.51
07/12/2013 20:22:00,   57.89,   60.57,   54.56,   60.58,   62.66,   57.40
07/12/2013 20:27:00,   59.09,   61.32,   55.10,   61.88,   64.89,   57.58
07/12/2013 20:32:00,   58.55,   60.99,   53.55,   61.28,   63.61,   56.86
07/12/2013 20:37:00,   58.20,   61.14,   54.24,   60.78,   63.28,   57.01
07/12/2013 20:42:00,   58.21,   61.02,   52.66,   60.71,   63.32,   56.89
07/12/2013 20:47:00,   58.02,   60.91,   52.87,   60.88,   63.79,   55.39
07/12/2013 20:52:00,   58.77,   61.68,   54.43,   60.99,   63.45,   57.23
07/12/2013 20:57:00,   58.49,   61.09,   54.34,   61.51,   64.14,   57.32
07/12/2013 21:02:00,   58.52,   61.66,   53.02,   61.03,   64.08,   56.26
07/12/2013 21:07:00,   58.25,   61.02,   53.21,   62.66,   66.31,   56.80
07/12/2013 21:12:00,   58.03,   61.46,   53.55,   60.87,   63.65,   56.91
07/12/2013 21:17:00,   56.85,   59.81,   52.34,   60.01,   62.98,   55.62
07/12/2013 21:22:00,   58.24,   61.04,   54.23,   60.79,   63.14,   57.28
07/12/2013 21:27:00,   58.08,   61.00,   53.21,   60.75,   63.42,   55.61
07/12/2013 21:32:00,   58.50,   61.94,   53.26,   61.18,   63.79,   56.77
07/12/2013 21:37:00,   57.75,   60.81,   53.38,   60.69,   63.42,   56.56
07/12/2013 21:42:00,   57.68,   61.65,   52.29,   60.71,   64.01,   56.07
07/12/2013 21:47:00,   57.91,   60.61,   52.81,   61.11,   64.05,   56.95
07/12/2013 21:52:00,   57.46,   61.36,   51.87,   62.02,   65.81,   54.95
07/12/2013 21:57:00,   58.38,   61.60,   52.77,   61.20,   63.85,   56.54
07/12/2013 22:02:00,   58.69,   61.79,   53.73,   61.66,   64.96,   57.13
07/12/2013 22:07:00,   57.27,   60.42,   52.83,   59.93,   62.84,   55.72
07/12/2013 22:12:00,   57.84,   60.83,   52.56,   60.21,   63.05,   54.91
07/12/2013 22:17:00,   56.69,   60.58,   51.81,   60.05,   63.27,   54.68
07/12/2013 22:22:00,   56.56,   59.56,   52.44,   59.23,   62.10,   55.02
07/12/2013 22:27:00,   57.65,   60.96,   53.22,   60.09,   63.21,   55.90
07/12/2013 22:32:00,   55.55,   59.18,   48.24,   58.12,   61.92,   51.61
07/12/2013 22:37:00,   57.77,   60.57,   53.16,   59.96,   63.00,   55.66
07/12/2013 22:42:00,   55.78,   60.17,   49.76,   58.64,   62.63,   53.04
07/12/2013 22:47:00,   56.98,   60.90,   51.37,   58.99,   62.33,   54.23
07/12/2013 22:52:00,   56.42,   59.71,   51.45,   58.54,   61.44,   54.62
07/12/2013 22:57:00,   56.74,   61.06,   50.90,   59.05,   63.31,   53.46
07/12/2013 23:02:00,   55.88,   58.83,   50.73,   58.56,   61.99,   53.31
07/12/2013 23:07:00,   57.63,   61.10,   50.47,   60.37,   63.88,   53.35
07/12/2013 23:12:00,   56.41,   60.20,   50.52,   59.43,   62.96,   53.01
07/12/2013 23:17:00,   56.16,   61.23,   50.83,   58.35,   62.45,   53.18
07/12/2013 23:22:00,   56.90,   61.76,   49.50,   58.95,   63.22,   52.50
07/12/2013 23:27:00,   57.20,   61.37,   50.17,   59.33,   62.66,   53.03
07/12/2013 23:32:00,   57.28,   60.92,   52.07,   59.51,   62.40,   53.97
07/12/2013 23:37:00,   55.17,   59.35,   48.07,   58.83,   63.26,   51.31
07/12/2013 23:42:00,   55.50,   59.42,   48.28,   57.46,   61.03,   50.99
07/12/2013 23:47:00,   54.38,   58.83,   46.59,   56.10,   59.84,   49.68
07/12/2013 23:52:00,   55.26,   59.91,   49.25,   57.07,   61.18,   51.86
07/12/2013 23:57:00,   54.31,   59.21,   47.38,   56.47,   60.47,   50.33

