# noise_analysis run from DCC-NOISE-001014 at Wed Feb  6 00:00:00 2013
# Monitoring unit located at 53.278938N 6.315392W
# logfile   = /home/root/noise_analysis.log
# cfg_dir   = /home/root/config
# outputdir = /home/root/noise
# Sensitivity = -26.577707
# Gain = 1.000000
# Time should be in local format (i.e. daylight savings time)
# dd/mm/yyyy hh:mm:ss, A Leq,   A L10,   A L95,   C Leq,   C L10,   C L95
06/02/2013 00:05:00,   55.55,   60.14,   49.28,   59.92,   63.19,   53.63
06/02/2013 00:10:00,   54.85,   59.06,   48.27,   58.68,   61.94,   53.34
06/02/2013 00:15:00,   55.27,   59.25,   50.35,   63.55,   68.12,   55.18
06/02/2013 00:20:00,   55.67,   59.71,   49.47,   60.02,   62.66,   54.59
06/02/2013 00:25:00,   56.16,   60.09,   50.00,   60.75,   65.10,   54.67
06/02/2013 00:30:00,   51.76,   56.54,   45.63,   56.50,   60.05,   50.87
06/02/2013 00:35:00,   55.54,   59.78,   49.82,   60.44,   64.25,   53.54
06/02/2013 00:40:00,   53.81,   59.02,   46.63,   57.92,   62.45,   51.25
06/02/2013 00:45:00,   52.75,   57.20,   46.73,   55.97,   59.56,   51.36
06/02/2013 00:50:00,   52.37,   56.31,   46.94,   56.68,   60.43,   51.46
06/02/2013 00:55:00,   52.63,   58.24,   45.72,   56.82,   61.93,   50.47
06/02/2013 01:00:00,   54.15,   59.19,   47.10,   57.12,   60.59,   52.02
06/02/2013 01:05:00,   51.21,   57.47,   44.74,   55.05,   60.09,   49.85
06/02/2013 01:10:00,   51.81,   56.98,   44.70,   55.93,   59.88,   49.85
06/02/2013 01:15:00,   51.30,   57.76,   44.58,   55.23,   60.17,   49.71
06/02/2013 01:20:00,   49.20,   54.61,   43.87,   53.31,   57.13,   48.67
06/02/2013 01:25:00,   51.60,   57.58,   44.62,   55.43,   59.34,   50.15
06/02/2013 01:30:00,   51.71,   58.05,   42.99,   55.41,   60.68,   48.75
06/02/2013 01:35:00,   50.11,   56.80,   42.43,   52.87,   58.01,   47.95
06/02/2013 01:40:00,   50.38,   55.73,   43.77,   54.10,   57.98,   48.27
06/02/2013 01:45:00,   50.85,   56.94,   43.33,   53.56,   58.45,   48.43
06/02/2013 01:50:00,   51.22,   59.65,   42.29,   53.78,   60.57,   47.15
06/02/2013 01:55:00,   48.38,   55.12,   41.36,   51.41,   56.09,   46.00
06/02/2013 02:00:00,   50.59,   56.47,   43.03,   53.89,   58.48,   47.71
06/02/2013 02:05:00,   46.89,   50.39,   41.97,   51.02,   54.49,   47.45
06/02/2013 02:10:00,   51.07,   58.73,   42.83,   53.37,   59.54,   47.66
06/02/2013 02:15:00,   50.47,   55.93,   43.31,   52.83,   57.17,   47.94
06/02/2013 02:20:00,   49.39,   54.86,   43.83,   52.17,   56.24,   48.12
06/02/2013 02:25:00,   49.25,   56.94,   42.00,   52.39,   58.09,   47.05
06/02/2013 02:30:00,   44.74,   46.68,   41.59,   50.71,   53.03,   47.54
06/02/2013 02:35:00,   47.47,   50.84,   43.65,   52.39,   56.48,   48.45
06/02/2013 02:40:00,   47.47,   50.98,   41.98,   52.79,   56.32,   48.03
06/02/2013 02:45:00,   47.09,   49.09,   43.91,   54.93,   58.42,   49.95
06/02/2013 02:50:00,   47.80,   51.09,   43.59,   55.35,   59.52,   49.71
06/02/2013 02:55:00,   48.97,   53.44,   42.87,   53.12,   56.97,   48.35
06/02/2013 03:00:00,   48.96,   53.24,   42.92,   53.83,   58.23,   48.58
06/02/2013 03:05:00,   50.33,   56.20,   43.41,   54.55,   59.37,   48.95
06/02/2013 03:10:00,   46.25,   49.97,   42.40,   54.49,   58.60,   49.18
06/02/2013 03:15:00,   46.47,   50.71,   42.35,   52.26,   56.43,   48.64
06/02/2013 03:20:00,   45.51,   47.23,   41.46,   51.52,   55.18,   47.07
06/02/2013 03:25:00,   47.97,   51.04,   42.46,   53.80,   58.33,   48.05
06/02/2013 03:30:00,   49.96,   55.92,   43.17,   54.53,   59.27,   49.08
06/02/2013 03:35:00,   48.21,   52.66,   41.96,   53.46,   57.81,   47.85
06/02/2013 03:40:00,   48.03,   51.15,   43.11,   52.84,   56.60,   48.13
06/02/2013 03:45:00,   46.89,   53.32,   41.39,   51.71,   56.16,   47.08
06/02/2013 03:50:00,   49.77,   56.66,   42.64,   53.19,   58.63,   47.74
06/02/2013 03:55:00,   48.69,   53.45,   42.68,   53.14,   57.64,   47.54
06/02/2013 04:00:00,   47.24,   51.54,   42.35,   51.30,   54.68,   47.44
06/02/2013 04:05:00,   46.98,   49.01,   43.27,   51.07,   53.65,   47.84
06/02/2013 04:10:00,   44.22,   45.37,   42.26,   49.55,   50.95,   47.39
06/02/2013 04:15:00,   48.22,   53.27,   43.40,   51.96,   55.88,   48.04
06/02/2013 04:20:00,   45.91,   49.02,   42.61,   50.19,   52.48,   47.37
06/02/2013 04:25:00,   47.23,   50.73,   43.81,   51.91,   55.21,   48.45
06/02/2013 04:30:00,   48.48,   53.93,   43.54,   53.63,   58.78,   48.38
06/02/2013 04:35:00,   46.24,   47.89,   43.04,   51.32,   54.07,   48.06
06/02/2013 04:40:00,   46.78,   50.20,   43.42,   50.83,   53.00,   48.19
06/02/2013 04:45:00,   49.42,   54.77,   45.72,   53.08,   56.75,   49.92
06/02/2013 04:50:00,   50.36,   55.86,   45.45,   53.47,   57.26,   49.62
06/02/2013 04:55:00,   48.06,   50.89,   45.10,   52.05,   54.31,   49.61
06/02/2013 05:00:00,   49.72,   54.73,   44.88,   52.98,   56.41,   49.66
06/02/2013 05:05:00,   49.44,   54.62,   45.16,   52.90,   56.73,   49.74
06/02/2013 05:10:00,   51.28,   57.38,   45.47,   53.94,   58.36,   49.66
06/02/2013 05:15:00,   49.15,   53.46,   44.96,   53.21,   56.81,   49.42
06/02/2013 05:20:00,   51.23,   56.40,   46.05,   54.82,   58.59,   50.75
06/02/2013 05:25:00,   51.64,   56.26,   47.13,   55.09,   58.82,   51.44
06/02/2013 05:30:00,   52.46,   58.01,   47.79,   56.67,   60.38,   52.14
06/02/2013 05:35:00,   53.08,   56.81,   49.02,   56.86,   60.12,   53.35
06/02/2013 05:40:00,   54.70,   59.57,   49.75,   57.56,   61.68,   53.90
06/02/2013 05:45:00,   53.84,   58.31,   49.15,   57.16,   60.58,   53.49
06/02/2013 05:50:00,   52.82,   57.79,   48.59,   56.26,   59.71,   52.85
06/02/2013 05:55:00,   54.49,   58.69,   48.72,   56.87,   59.96,   52.81
06/02/2013 06:00:00,   52.46,   57.13,   48.89,   55.78,   58.93,   52.86
06/02/2013 06:05:00,   53.96,   56.70,   49.81,   58.78,   62.73,   54.73
06/02/2013 06:10:00,   52.50,   56.11,   49.18,   56.66,   59.46,   53.58
06/02/2013 06:15:00,   55.35,   59.38,   50.11,   58.30,   61.77,   54.12
06/02/2013 06:20:00,   53.75,   57.33,   50.63,   57.47,   60.23,   54.58
06/02/2013 06:25:00,   54.63,   58.84,   50.17,   57.55,   60.61,   54.21
06/02/2013 06:30:00,   56.51,   62.18,   50.59,   58.89,   64.35,   54.35
06/02/2013 06:35:00,   55.98,   59.64,   52.21,   59.71,   63.59,   56.12
06/02/2013 06:40:00,   56.80,   60.36,   52.45,   59.68,   62.43,   56.13
06/02/2013 06:45:00,   57.11,   61.34,   52.54,   61.79,   65.62,   57.17
06/02/2013 06:50:00,   57.93,   62.16,   53.01,   62.18,   66.14,   57.72
06/02/2013 06:55:00,   56.77,   60.56,   52.78,   60.20,   63.32,   56.94
06/02/2013 07:00:00,   58.63,   61.44,   54.55,   62.35,   64.74,   58.53
06/02/2013 07:05:00,   58.61,   62.77,   53.61,   62.25,   65.35,   57.85
06/02/2013 07:10:00,   58.36,   61.57,   54.71,   62.14,   65.01,   58.73
06/02/2013 07:15:00,   59.04,   61.55,   54.91,   62.41,   65.13,   58.53
06/02/2013 07:20:00,   59.08,   62.37,   54.63,   62.73,   66.14,   57.95
06/02/2013 07:25:00,   59.05,   62.22,   55.01,   62.37,   64.81,   59.20
06/02/2013 07:30:00,   58.38,   61.26,   54.71,   62.22,   64.69,   58.97
06/02/2013 07:35:00,   58.98,   61.36,   55.91,   62.93,   65.06,   60.01
06/02/2013 07:40:00,   59.70,   62.18,   56.12,   63.14,   65.35,   60.40
06/02/2013 07:45:00,   59.04,   61.15,   56.01,   62.08,   63.71,   59.85
06/02/2013 07:50:00,   60.18,   62.54,   56.26,   63.87,   66.04,   60.54
06/02/2013 07:55:00,   59.61,   62.51,   55.92,   63.84,   66.01,   60.60
06/02/2013 08:00:00,   59.99,   62.21,   56.99,   63.74,   65.62,   61.51
06/02/2013 08:05:00,   59.42,   62.52,   55.49,   64.07,   67.19,   60.19
06/02/2013 08:10:00,   59.42,   62.18,   56.12,   63.09,   65.10,   60.56
06/02/2013 08:15:00,   59.59,   62.67,   56.28,   63.36,   65.56,   60.78
06/02/2013 08:20:00,   59.03,   61.75,   55.80,   63.11,   65.20,   60.46
06/02/2013 08:25:00,   59.89,   62.22,   55.98,   64.02,   65.90,   61.37
06/02/2013 08:30:00,   60.33,   62.83,   56.68,   63.71,   65.59,   61.13
06/02/2013 08:35:00,   60.66,   63.50,   56.59,   64.84,   67.79,   61.25
06/02/2013 08:40:00,   59.31,   62.02,   56.05,   63.51,   64.98,   60.87
06/02/2013 08:45:00,   59.34,   61.79,   56.08,   63.21,   64.94,   61.00
06/02/2013 08:50:00,   59.97,   62.99,   55.96,   64.01,   66.76,   60.84
06/02/2013 08:55:00,   60.18,   62.62,   57.04,   64.21,   66.23,   61.60
06/02/2013 09:00:00,   60.81,   63.67,   57.10,   64.68,   66.55,   61.48
06/02/2013 09:05:00,   60.38,   63.13,   57.41,   64.76,   66.76,   62.16
06/02/2013 09:10:00,   61.00,   63.34,   57.57,   64.09,   66.16,   61.30
06/02/2013 09:15:00,   60.44,   62.91,   55.95,   65.45,   68.57,   60.89
06/02/2013 09:20:00,   60.47,   62.72,   56.85,   64.54,   66.31,   61.79
06/02/2013 09:25:00,   60.62,   62.79,   57.01,   64.71,   66.72,   61.31
06/02/2013 09:30:00,   59.74,   61.77,   56.63,   63.47,   65.38,   60.90
06/02/2013 09:35:00,   59.67,   62.08,   56.78,   64.00,   65.87,   60.97
06/02/2013 09:40:00,   59.15,   61.56,   55.95,   63.54,   65.87,   60.77
06/02/2013 09:45:00,   59.72,   62.19,   55.38,   64.13,   66.38,   60.15
06/02/2013 09:50:00,   60.31,   62.38,   56.93,   65.15,   67.29,   62.10
06/02/2013 09:55:00,   58.81,   61.65,   55.12,   63.53,   66.71,   60.48
06/02/2013 10:00:00,   59.57,   62.30,   55.33,   63.64,   66.26,   59.90
06/02/2013 10:05:00,   59.66,   61.69,   56.34,   63.72,   65.73,   60.71
06/02/2013 10:10:00,   60.10,   63.05,   55.66,   64.99,   68.18,   59.94
06/02/2013 10:15:00,   59.92,   62.51,   54.99,   63.98,   67.00,   59.30
06/02/2013 10:20:00,   59.29,   61.75,   53.47,   63.23,   65.37,   58.57
06/02/2013 10:25:00,   58.80,   61.26,   54.77,   63.18,   65.75,   59.23
06/02/2013 10:30:00,   58.21,   60.61,   54.32,   62.99,   65.91,   59.61
06/02/2013 10:35:00,   57.21,   59.91,   54.05,   62.03,   64.69,   59.03
06/02/2013 10:40:00,   64.50,   70.62,   53.91,   65.66,   69.91,   58.59
06/02/2013 10:45:00,   69.25,   71.28,   66.46,   68.67,   70.37,   66.15
06/02/2013 10:50:00,   68.86,   70.78,   66.00,   68.41,   69.98,   66.13
06/02/2013 10:55:00,   62.56,   68.53,   55.47,   65.89,   69.15,   62.32
06/02/2013 11:00:00,   58.51,   60.90,   54.76,   63.81,   65.55,   61.37
06/02/2013 11:05:00,   58.83,   61.21,   54.91,   64.85,   66.95,   61.61
06/02/2013 11:10:00,   57.20,   59.29,   53.70,   63.05,   65.23,   60.03
06/02/2013 11:15:00,   58.46,   60.91,   54.76,   63.74,   66.07,   60.70
06/02/2013 11:20:00,   58.17,   60.69,   53.36,   63.47,   66.20,   58.73
06/02/2013 11:25:00,   57.71,   59.90,   54.24,   63.28,   65.74,   59.85
06/02/2013 11:30:00,   58.51,   61.33,   54.65,   62.78,   65.16,   58.85
06/02/2013 11:35:00,   58.39,   60.84,   54.60,   63.33,   66.16,   58.83
06/02/2013 11:40:00,   59.27,   61.12,   55.68,   63.82,   66.03,   60.31
06/02/2013 11:45:00,   58.07,   59.80,   55.48,   63.94,   66.87,   60.04
06/02/2013 11:50:00,   58.11,   60.40,   54.43,   61.91,   63.79,   58.95
06/02/2013 11:55:00,   59.42,   61.58,   55.23,   64.18,   66.34,   60.80
06/02/2013 12:00:00,   59.09,   61.62,   54.99,   63.43,   65.76,   60.36
06/02/2013 12:05:00,   60.04,   63.00,   54.81,   65.39,   69.06,   59.66
06/02/2013 12:10:00,   58.15,   60.68,   54.16,   64.01,   65.90,   60.03
06/02/2013 12:15:00,   58.70,   61.54,   54.19,   62.98,   65.92,   58.72
06/02/2013 12:20:00,   57.80,   60.09,   54.00,   62.23,   64.34,   58.97
06/02/2013 12:25:00,   59.32,   61.67,   55.61,   64.04,   66.77,   59.71
06/02/2013 12:30:00,   58.99,   61.06,   56.03,   63.58,   66.72,   59.95
06/02/2013 12:35:00,   57.72,   59.98,   54.54,   62.86,   65.34,   58.41
06/02/2013 12:40:00,   58.75,   61.36,   53.96,   64.01,   67.91,   59.09
06/02/2013 12:45:00,   57.83,   60.96,   52.93,   61.91,   64.69,   57.46
06/02/2013 12:50:00,   58.71,   61.24,   53.65,   62.17,   65.43,   57.76
06/02/2013 12:55:00,   58.10,   60.79,   54.19,   62.41,   64.82,   57.93
06/02/2013 13:00:00,   57.58,   60.00,   53.70,   61.55,   64.19,   57.42
06/02/2013 13:05:00,   57.70,   59.95,   54.48,   62.47,   64.58,   58.97
06/02/2013 13:10:00,   58.45,   60.40,   55.04,   62.59,   65.06,   58.82
06/02/2013 13:15:00,   58.02,   59.94,   54.08,   62.17,   63.83,   59.38
06/02/2013 13:20:00,   57.98,   60.67,   53.77,   62.64,   65.85,   57.77
06/02/2013 13:25:00,   57.72,   59.74,   54.03,   62.43,   64.79,   57.93
06/02/2013 13:30:00,   57.16,   59.91,   52.83,   61.27,   63.20,   57.84
06/02/2013 13:35:00,   58.09,   59.96,   55.39,   63.44,   66.51,   59.82
06/02/2013 13:40:00,   58.80,   61.48,   53.80,   63.89,   67.30,   58.79
06/02/2013 13:45:00,   57.63,   59.63,   54.38,   63.09,   65.83,   58.99
06/02/2013 13:50:00,   58.34,   60.17,   54.93,   63.97,   66.75,   59.87
06/02/2013 13:55:00,   58.50,   60.73,   55.00,   62.76,   64.97,   59.34
06/02/2013 14:00:00,   57.29,   60.92,   52.93,   62.52,   65.49,   59.23
06/02/2013 14:05:00,   56.95,   59.74,   52.78,   62.47,   64.63,   58.51
06/02/2013 14:10:00,   58.64,   60.76,   54.47,   62.83,   64.79,   58.34
06/02/2013 14:15:00,   58.34,   60.81,   54.04,   63.40,   66.12,   59.09
06/02/2013 14:20:00,   58.10,   60.15,   53.67,   62.71,   65.06,   58.35
06/02/2013 14:25:00,   58.20,   60.41,   54.21,   62.26,   64.52,   58.78
06/02/2013 14:30:00,   58.50,   60.60,   54.37,   62.94,   65.57,   58.75
06/02/2013 14:35:00,   57.81,   60.32,   54.14,   61.82,   64.48,   58.51
06/02/2013 14:40:00,   58.72,   61.08,   53.21,   64.14,   67.55,   59.38
06/02/2013 14:45:00,   57.20,   59.11,   53.54,   62.00,   64.15,   57.88
06/02/2013 14:50:00,   59.16,   60.80,   55.71,   63.48,   65.36,   60.21
06/02/2013 14:55:00,   59.14,   62.65,   54.40,   62.91,   66.21,   58.57
06/02/2013 15:00:00,   57.99,   60.24,   53.57,   63.07,   65.59,   58.47
06/02/2013 15:05:00,   58.33,   60.74,   54.05,   62.53,   65.16,   58.58
06/02/2013 15:10:00,   58.93,   61.09,   55.47,   62.82,   65.38,   58.76
06/02/2013 15:15:00,   59.15,   61.37,   55.71,   63.16,   65.74,   58.22
06/02/2013 15:20:00,   58.49,   60.71,   54.32,   62.33,   65.04,   57.68
06/02/2013 15:25:00,   58.98,   62.05,   54.03,   63.17,   68.02,   58.11
06/02/2013 15:30:00,   58.70,   60.62,   54.83,   61.73,   63.69,   58.32
06/02/2013 15:35:00,   58.02,   60.79,   53.13,   61.06,   63.34,   56.97
06/02/2013 15:40:00,   57.70,   60.42,   53.73,   62.09,   65.25,   57.86
06/02/2013 15:45:00,   57.06,   59.86,   53.00,   61.23,   64.01,   57.30
06/02/2013 15:50:00,   57.74,   60.40,   54.13,   61.93,   64.21,   58.28
06/02/2013 15:55:00,   57.98,   60.63,   54.28,   62.32,   64.72,   58.63
06/02/2013 16:00:00,   56.92,   59.62,   53.59,   61.14,   63.47,   57.72
06/02/2013 16:05:00,   58.35,   61.18,   54.04,   61.46,   63.92,   58.08
06/02/2013 16:10:00,   56.67,   59.28,   53.13,   61.16,   63.78,   58.09
06/02/2013 16:15:00,   57.14,   60.15,   52.00,   61.74,   64.67,   56.78
06/02/2013 16:20:00,   57.14,   59.44,   53.88,   61.48,   63.84,   58.44
06/02/2013 16:25:00,   57.47,   61.10,   51.96,   61.55,   64.55,   55.97
06/02/2013 16:30:00,   57.93,   60.81,   53.85,   61.83,   64.70,   57.80
06/02/2013 16:35:00,   59.50,   61.70,   54.20,   63.21,   65.00,   57.90
06/02/2013 16:40:00,   57.98,   61.17,   52.97,   61.94,   65.86,   57.56
06/02/2013 16:45:00,   57.60,   61.10,   51.92,   61.51,   64.24,   55.66
06/02/2013 16:50:00,   57.75,   60.65,   53.80,   61.73,   64.16,   57.82
06/02/2013 16:55:00,   58.99,   60.97,   55.78,   62.08,   64.10,   59.10
06/02/2013 17:00:00,   58.61,   61.46,   52.75,   61.39,   63.89,   57.02
06/02/2013 17:05:00,   58.02,   61.40,   53.75,   61.10,   63.38,   58.10
06/02/2013 17:10:00,   58.29,   60.50,   55.50,   62.32,   64.36,   59.81
06/02/2013 17:15:00,   57.75,   60.77,   54.15,   61.63,   63.39,   58.86
06/02/2013 17:20:00,   58.69,   61.55,   53.47,   62.86,   65.56,   58.42
06/02/2013 17:25:00,   58.29,   60.69,   54.41,   61.77,   63.57,   58.84
06/02/2013 17:30:00,   58.50,   61.58,   53.48,   61.94,   64.36,   57.90
06/02/2013 17:35:00,   57.97,   60.19,   53.58,   61.78,   63.75,   58.80
06/02/2013 17:40:00,   58.53,   60.99,   52.79,   62.07,   64.01,   58.08
06/02/2013 17:45:00,   57.93,   60.06,   54.51,   61.86,   63.97,   58.56
06/02/2013 17:50:00,   58.78,   60.80,   56.15,   62.50,   64.46,   60.27
06/02/2013 17:55:00,   59.00,   61.15,   55.12,   63.57,   65.91,   60.10
06/02/2013 18:00:00,   60.01,   62.39,   55.71,   63.95,   66.29,   60.02
06/02/2013 18:05:00,   59.73,   61.99,   55.36,   62.89,   64.56,   59.95
06/02/2013 18:10:00,   58.85,   61.15,   55.39,   63.62,   65.36,   60.19
06/02/2013 18:15:00,   60.32,   62.64,   56.12,   64.00,   66.84,   60.64
06/02/2013 18:20:00,   59.48,   61.88,   54.86,   62.79,   64.88,   59.43
06/02/2013 18:25:00,   59.55,   62.05,   55.98,   63.37,   65.45,   59.92
06/02/2013 18:30:00,   59.20,   61.70,   55.58,   62.54,   64.49,   59.43
06/02/2013 18:35:00,   58.36,   60.73,   55.01,   61.91,   63.97,   59.26
06/02/2013 18:40:00,   59.28,   61.89,   55.24,   63.31,   65.79,   59.57
06/02/2013 18:45:00,   58.75,   60.74,   55.51,   62.68,   64.76,   59.88
06/02/2013 18:50:00,   58.37,   61.06,   55.10,   61.83,   63.51,   59.27
06/02/2013 18:55:00,   58.90,   61.60,   55.20,   62.53,   64.72,   59.24
06/02/2013 19:00:00,   59.30,   62.25,   55.67,   62.86,   65.17,   59.65
06/02/2013 19:05:00,   59.13,   61.61,   55.22,   62.36,   64.16,   58.90
06/02/2013 19:10:00,   59.36,   61.63,   56.16,   62.90,   64.97,   59.98
06/02/2013 19:15:00,   59.74,   62.70,   55.26,   63.08,   65.65,   59.01
06/02/2013 19:20:00,   59.98,   62.44,   56.07,   62.74,   64.88,   59.73
06/02/2013 19:25:00,   60.03,   62.39,   55.78,   63.18,   64.66,   59.69
06/02/2013 19:30:00,   59.54,   62.23,   55.52,   63.12,   65.41,   58.91
06/02/2013 19:35:00,   58.96,   61.77,   55.50,   62.48,   64.93,   59.42
06/02/2013 19:40:00,   58.66,   61.08,   55.63,   61.75,   63.88,   59.00
06/02/2013 19:45:00,   59.10,   62.12,   55.26,   62.40,   64.75,   58.91
06/02/2013 19:50:00,   58.89,   61.01,   55.31,   62.02,   63.98,   59.44
06/02/2013 19:55:00,   59.25,   62.29,   54.76,   62.38,   64.44,   58.67
06/02/2013 20:00:00,   58.93,   60.92,   55.28,   62.20,   64.01,   59.06
06/02/2013 20:05:00,   59.21,   61.93,   55.34,   62.19,   64.44,   58.42
06/02/2013 20:10:00,   58.95,   61.72,   54.54,   61.92,   64.40,   58.24
06/02/2013 20:15:00,   58.99,   61.53,   55.45,   61.75,   64.15,   58.91
06/02/2013 20:20:00,   58.82,   61.80,   54.82,   62.30,   64.74,   58.03
06/02/2013 20:25:00,   59.31,   62.73,   53.38,   63.89,   67.78,   57.64
06/02/2013 20:30:00,   58.48,   61.55,   54.51,   61.47,   63.66,   57.95
06/02/2013 20:35:00,   58.71,   61.93,   53.37,   61.51,   64.35,   57.21
06/02/2013 20:40:00,   58.28,   61.63,   53.85,   61.21,   63.82,   57.40
06/02/2013 20:45:00,   58.48,   61.06,   53.64,   61.71,   64.40,   57.00
06/02/2013 20:50:00,   57.81,   61.07,   54.40,   60.65,   63.05,   57.92
06/02/2013 20:55:00,   59.04,   62.10,   54.06,   61.94,   64.38,   57.89
06/02/2013 21:00:00,   58.48,   61.27,   53.97,   61.80,   64.46,   57.48
06/02/2013 21:05:00,   58.84,   61.66,   54.69,   61.47,   63.72,   58.23
06/02/2013 21:10:00,   59.18,   62.20,   54.39,   61.83,   64.16,   57.81
06/02/2013 21:15:00,   58.49,   61.43,   53.59,   61.80,   65.25,   57.16
06/02/2013 21:20:00,   58.45,   61.24,   54.52,   61.82,   64.59,   58.00
06/02/2013 21:25:00,   58.64,   62.19,   53.45,   61.27,   64.03,   57.70
06/02/2013 21:30:00,   58.62,   61.31,   54.10,   61.63,   63.75,   57.99
06/02/2013 21:35:00,   58.49,   61.34,   53.95,   60.85,   63.29,   57.61
06/02/2013 21:40:00,   57.34,   60.08,   53.59,   60.20,   63.09,   57.13
06/02/2013 21:45:00,   57.95,   60.88,   53.64,   60.70,   63.05,   57.49
06/02/2013 21:50:00,   57.77,   61.08,   52.12,   61.06,   64.15,   56.51
06/02/2013 21:55:00,   57.89,   60.79,   52.98,   60.88,   63.47,   57.13
06/02/2013 22:00:00,   58.16,   60.86,   53.63,   60.77,   63.03,   57.53
06/02/2013 22:05:00,   58.05,   61.46,   53.46,   60.69,   63.38,   57.05
06/02/2013 22:10:00,   57.48,   60.76,   53.40,   60.22,   62.88,   56.99
06/02/2013 22:15:00,   57.56,   61.07,   53.42,   60.60,   64.20,   56.74
06/02/2013 22:20:00,   57.44,   61.08,   53.27,   60.38,   63.07,   57.15
06/02/2013 22:25:00,   57.81,   60.70,   53.93,   60.83,   63.28,   57.65
06/02/2013 22:30:00,   57.59,   61.88,   52.83,   60.02,   63.36,   56.55
06/02/2013 22:35:00,   58.86,   62.61,   53.42,   61.92,   65.01,   56.87
06/02/2013 22:40:00,   56.57,   61.21,   51.78,   59.42,   63.11,   55.39
06/02/2013 22:45:00,   57.30,   61.32,   52.87,   60.27,   63.31,   56.88
06/02/2013 22:50:00,   58.27,   62.26,   52.71,   60.82,   63.58,   56.52
06/02/2013 22:55:00,   56.05,   59.63,   51.88,   59.05,   62.12,   55.62
06/02/2013 23:00:00,   56.76,   61.35,   52.45,   59.50,   62.90,   56.56
06/02/2013 23:05:00,   57.68,   61.30,   52.63,   60.73,   63.61,   56.75
06/02/2013 23:10:00,   56.29,   60.08,   51.06,   59.58,   62.49,   55.79
06/02/2013 23:15:00,   56.45,   61.15,   48.98,   58.69,   62.43,   52.79
06/02/2013 23:20:00,   57.13,   61.62,   51.13,   60.04,   63.77,   54.96
06/02/2013 23:25:00,   58.15,   62.46,   51.41,   60.42,   63.64,   55.28
06/02/2013 23:30:00,   55.73,   59.66,   51.06,   58.56,   61.51,   55.24
06/02/2013 23:35:00,   56.04,   59.31,   50.93,   59.13,   62.12,   54.80
06/02/2013 23:40:00,   55.62,   59.17,   50.80,   58.58,   61.53,   55.02
06/02/2013 23:45:00,   54.98,   59.50,   49.80,   58.19,   62.17,   53.82
06/02/2013 23:50:00,   53.37,   56.85,   49.60,   57.10,   60.01,   53.93
06/02/2013 23:55:00,   55.54,   59.21,   50.38,   58.73,   62.07,   54.57

