# noise_analysis run from DCC-NOISE-001003 at Wed Dec 25 00:02:00 2013
# Monitoring unit located at 53.342609N 6.340721W
# logfile   = /home/root/noise_analysis.log
# cfg_dir   = /home/root/config
# outputdir = /home/root/noise
# Sensitivity = -26.271103
# Gain = 1.000000
# Time should be in local format (i.e. daylight savings time)
# dd/mm/yyyy hh:mm:ss, A Leq,   A L10,   A L95,   C Leq,   C L10,   C L95
25/12/2013 00:07:00,   55.23,   58.93,   49.23,   57.21,   60.65,   51.62
25/12/2013 00:12:00,   55.44,   59.59,   49.38,   57.34,   60.79,   51.85
25/12/2013 00:17:00,   55.38,   59.31,   49.37,   57.01,   60.53,   52.14
25/12/2013 00:22:00,   56.51,   60.93,   50.71,   58.12,   61.98,   52.97
25/12/2013 00:27:00,   57.43,   61.36,   49.87,   58.81,   62.61,   51.86
25/12/2013 00:32:00,   54.81,   59.88,   47.45,   56.48,   60.71,   50.80
25/12/2013 00:37:00,   56.26,   60.24,   49.62,   58.12,   61.89,   51.89
25/12/2013 00:42:00,   55.27,   59.35,   47.75,   56.95,   60.40,   50.41
25/12/2013 00:47:00,   52.89,   57.81,   47.89,   54.71,   58.94,   50.06
25/12/2013 00:52:00,   51.93,   56.08,   45.49,   54.17,   57.90,   48.51
25/12/2013 00:57:00,   54.51,   59.03,   48.48,   56.59,   60.79,   50.70
25/12/2013 01:02:00,   54.41,   59.36,   47.19,   56.37,   60.21,   50.82
25/12/2013 01:07:00,   53.39,   58.12,   44.60,   55.20,   59.41,   47.91
25/12/2013 01:12:00,   53.85,   58.58,   44.73,   55.34,   59.57,   47.63
25/12/2013 01:17:00,   55.91,   59.66,   48.71,   57.79,   61.39,   51.43
25/12/2013 01:22:00,   55.43,   60.80,   47.64,   56.81,   61.54,   50.30
25/12/2013 01:27:00,   55.36,   60.12,   46.79,   56.87,   61.18,   49.69
25/12/2013 01:32:00,   51.17,   56.62,   42.54,   53.18,   58.44,   45.69
25/12/2013 01:37:00,   53.88,   59.94,   43.91,   55.20,   60.44,   47.54
25/12/2013 01:42:00,   51.30,   57.09,   44.08,   53.18,   58.22,   47.12
25/12/2013 01:47:00,   50.09,   56.00,   43.08,   51.83,   56.48,   46.41
25/12/2013 01:52:00,   49.32,   54.87,   42.79,   51.03,   55.41,   45.60
25/12/2013 01:57:00,   49.86,   56.21,   43.41,   52.11,   57.77,   46.77
25/12/2013 02:02:00,   51.91,   57.18,   43.83,   53.15,   58.12,   46.48
25/12/2013 02:07:00,   49.13,   54.51,   43.18,   51.23,   55.35,   46.78
25/12/2013 02:12:00,   47.28,   52.22,   40.12,   49.35,   53.51,   43.62
25/12/2013 02:17:00,   47.94,   53.43,   40.50,   50.50,   55.19,   43.55
25/12/2013 02:22:00,   51.72,   57.72,   43.66,   53.12,   58.49,   46.69
25/12/2013 02:27:00,   45.62,   49.89,   40.39,   48.13,   52.22,   43.51
25/12/2013 02:32:00,   47.45,   52.95,   40.69,   49.55,   53.59,   43.89
25/12/2013 02:37:00,   49.50,   54.87,   42.53,   51.00,   55.41,   46.01
25/12/2013 02:42:00,   47.67,   54.42,   41.28,   49.75,   55.06,   44.39
25/12/2013 02:47:00,   46.14,   49.79,   38.93,   47.86,   51.30,   42.19
25/12/2013 02:52:00,   51.47,   59.05,   43.31,   52.96,   59.47,   46.52
25/12/2013 02:57:00,   44.08,   48.84,   39.06,   47.14,   52.00,   42.41
25/12/2013 03:02:00,   43.28,   44.92,   41.03,   47.13,   48.08,   44.83
25/12/2013 03:07:00,   42.54,   44.33,   38.57,   45.72,   47.07,   43.19
25/12/2013 03:12:00,   49.80,   56.18,   42.29,   54.45,   59.01,   45.32
25/12/2013 03:17:00,   45.08,   47.94,   40.88,   48.08,   50.24,   44.84
25/12/2013 03:22:00,   46.65,   51.24,   40.84,   48.50,   52.32,   43.82
25/12/2013 03:27:00,   47.11,   52.36,   40.58,   49.49,   53.37,   43.50
25/12/2013 03:32:00,   47.05,   53.59,   39.47,   49.04,   55.24,   42.79
25/12/2013 03:37:00,   45.02,   48.05,   38.28,   47.23,   49.71,   41.90
25/12/2013 03:42:00,   44.34,   46.11,   37.50,   47.10,   48.60,   41.18
25/12/2013 03:47:00,   47.22,   53.98,   38.83,   48.60,   54.67,   42.00
25/12/2013 03:52:00,   41.34,   43.99,   37.09,   44.72,   47.16,   40.80
25/12/2013 03:57:00,   44.96,   49.37,   38.66,   47.79,   51.73,   41.98
25/12/2013 04:02:00,   43.30,   48.20,   36.77,   45.62,   50.48,   40.48
25/12/2013 04:07:00,   43.87,   47.45,   39.42,   47.08,   50.23,   42.60
25/12/2013 04:12:00,   47.41,   51.93,   40.65,   52.46,   58.03,   44.24
25/12/2013 04:17:00,   44.83,   49.98,   39.46,   46.97,   51.87,   42.76
25/12/2013 04:22:00,   42.43,   44.27,   38.02,   45.61,   47.47,   41.68
25/12/2013 04:27:00,   44.43,   50.62,   37.86,   47.11,   51.14,   42.49
25/12/2013 04:32:00,   38.53,   40.89,   35.81,   42.52,   44.37,   40.50
25/12/2013 04:37:00,   42.26,   45.54,   36.72,   45.46,   48.94,   40.97
25/12/2013 04:42:00,   42.70,   44.24,   38.84,   46.35,   47.49,   42.57
25/12/2013 04:47:00,   40.77,   41.92,   36.01,   43.90,   45.05,   40.63
25/12/2013 04:52:00,   46.27,   50.11,   37.07,   49.50,   55.58,   41.39
25/12/2013 04:57:00,   41.15,   42.01,   39.88,   45.84,   46.47,   45.00
25/12/2013 05:02:00,   39.67,   40.89,   37.83,   43.22,   44.32,   41.84
25/12/2013 05:07:00,   44.39,   48.19,   38.97,   46.80,   49.84,   42.34
25/12/2013 05:12:00,   49.14,   54.65,   41.84,   51.51,   56.19,   46.11
25/12/2013 05:17:00,   44.57,   48.36,   38.41,   47.11,   50.32,   42.07
25/12/2013 05:22:00,   41.90,   44.53,   37.65,   45.75,   48.46,   41.46
25/12/2013 05:27:00,   47.60,   52.29,   40.62,   49.42,   52.96,   43.62
25/12/2013 05:32:00,   44.44,   50.52,   38.04,   46.49,   50.54,   41.84
25/12/2013 05:37:00,   44.19,   49.00,   37.64,   47.05,   49.82,   41.80
25/12/2013 05:42:00,   41.62,   43.85,   38.21,   45.38,   47.44,   41.94
25/12/2013 05:47:00,   43.12,   45.03,   38.61,   45.93,   48.39,   42.24
25/12/2013 05:52:00,   43.17,   44.26,   41.40,   47.87,   49.50,   46.07
25/12/2013 05:57:00,   49.60,   57.16,   38.93,   52.05,   58.91,   42.69
25/12/2013 06:02:00,   42.32,   44.18,   38.33,   46.67,   48.50,   42.49
25/12/2013 06:07:00,   46.59,   50.34,   42.41,   50.09,   53.42,   47.14
25/12/2013 06:12:00,   48.09,   54.66,   42.05,   49.97,   55.62,   45.01
25/12/2013 06:17:00,   46.19,   51.41,   38.83,   50.21,   54.97,   43.17
25/12/2013 06:22:00,   48.76,   54.86,   42.26,   51.53,   56.80,   46.54
25/12/2013 06:27:00,   49.03,   55.59,   40.78,   51.10,   56.85,   44.82
25/12/2013 06:32:00,   45.90,   47.29,   41.83,   49.44,   51.69,   44.91
25/12/2013 06:37:00,   47.52,   51.69,   42.86,   50.45,   54.34,   46.72
25/12/2013 06:42:00,   46.83,   50.54,   41.73,   49.50,   53.29,   45.69
25/12/2013 06:47:00,   49.09,   52.39,   44.10,   51.80,   54.94,   47.48
25/12/2013 06:52:00,   51.49,   57.90,   44.94,   53.58,   58.80,   48.27
25/12/2013 06:57:00,   48.89,   55.21,   43.04,   51.83,   57.32,   46.50
25/12/2013 07:02:00,   55.54,   58.89,   46.00,   57.94,   62.28,   49.05
25/12/2013 07:07:00,   52.42,   57.64,   45.39,   55.97,   61.65,   48.83
25/12/2013 07:12:00,   49.42,   54.68,   43.74,   51.83,   56.40,   47.40
25/12/2013 07:17:00,   51.43,   56.21,   45.32,   53.63,   57.47,   48.73
25/12/2013 07:22:00,   53.79,   58.88,   43.86,   55.79,   59.78,   48.02
25/12/2013 07:27:00,   54.17,   59.19,   46.70,   55.81,   60.14,   49.88
25/12/2013 07:32:00,   56.31,   60.62,   47.90,   59.56,   63.33,   50.78
25/12/2013 07:37:00,   54.88,   61.07,   46.93,   56.72,   62.08,   50.25
25/12/2013 07:42:00,   54.54,   58.87,   48.34,   55.73,   59.21,   50.56
25/12/2013 07:47:00,   56.27,   59.69,   50.56,   57.69,   60.81,   52.68
25/12/2013 07:52:00,   55.63,   61.05,   47.50,   57.72,   62.15,   51.31
25/12/2013 07:57:00,   55.97,   60.00,   49.72,   58.27,   61.63,   52.48
25/12/2013 08:02:00,   53.41,   58.16,   44.95,   54.90,   59.31,   48.22
25/12/2013 08:07:00,   54.99,   59.15,   49.11,   56.95,   60.40,   51.22
25/12/2013 08:12:00,   54.83,   58.85,   48.64,   55.48,   58.81,   51.40
25/12/2013 08:17:00,   54.33,   58.71,   48.48,   56.03,   59.86,   51.17
25/12/2013 08:22:00,   55.49,   61.46,   47.75,   56.45,   61.93,   50.10
25/12/2013 08:27:00,   55.36,   59.67,   49.63,   57.48,   61.62,   52.33
25/12/2013 08:32:00,   54.65,   59.36,   48.72,   57.24,   61.52,   51.76
25/12/2013 08:37:00,   55.02,   58.62,   49.68,   56.64,   60.26,   51.41
25/12/2013 08:42:00,   57.76,   61.54,   52.29,   59.22,   62.54,   54.32
25/12/2013 08:47:00,   55.98,   58.91,   49.56,   57.88,   60.72,   51.98
25/12/2013 08:52:00,   55.72,   60.11,   48.17,   57.67,   61.16,   51.97
25/12/2013 08:57:00,   56.02,   59.95,   50.70,   57.65,   61.17,   52.55
25/12/2013 09:02:00,   55.77,   60.30,   50.18,   57.80,   61.34,   52.96
25/12/2013 09:07:00,   55.73,   59.85,   49.34,   57.05,   60.52,   51.59
25/12/2013 09:12:00,   55.73,   60.03,   49.52,   57.19,   60.66,   51.69
25/12/2013 09:17:00,   56.27,   61.03,   49.08,   57.76,   61.85,   51.13
25/12/2013 09:22:00,   57.58,   61.55,   51.92,   59.35,   62.93,   54.74
25/12/2013 09:27:00,   56.90,   61.47,   51.02,   58.69,   62.25,   54.08
25/12/2013 09:32:00,   56.55,   60.03,   51.14,   58.32,   61.88,   53.64
25/12/2013 09:37:00,   57.79,   60.92,   52.61,   59.86,   62.82,   55.04
25/12/2013 09:42:00,   56.30,   60.48,   50.42,   57.64,   61.61,   52.89
25/12/2013 09:47:00,   58.72,   62.06,   53.70,   59.86,   63.22,   55.85
25/12/2013 09:52:00,   58.30,   61.42,   53.65,   60.08,   63.02,   56.31
25/12/2013 09:57:00,   58.91,   62.86,   52.88,   60.80,   64.17,   55.85
25/12/2013 10:02:00,   59.47,   62.45,   54.96,   60.59,   63.30,   56.68
25/12/2013 10:07:00,   57.75,   60.45,   54.38,   59.52,   61.88,   56.76
25/12/2013 10:12:00,   59.15,   62.06,   55.03,   60.68,   63.50,   57.39
25/12/2013 10:17:00,   58.58,   61.63,   53.93,   60.50,   63.18,   56.65
25/12/2013 10:22:00,   58.49,   61.89,   52.82,   59.96,   62.98,   55.55
25/12/2013 10:27:00,   58.15,   61.03,   53.01,   59.65,   62.08,   54.99
25/12/2013 10:32:00,   58.84,   61.79,   54.36,   60.68,   63.45,   56.74
25/12/2013 10:37:00,   57.54,   61.05,   52.71,   58.55,   61.69,   54.53
25/12/2013 10:42:00,   58.66,   61.98,   52.24,   59.89,   62.96,   54.54
25/12/2013 10:47:00,   58.37,   61.87,   53.57,   59.87,   62.98,   55.83
25/12/2013 10:52:00,   57.57,   61.13,   52.19,   60.22,   63.73,   55.02
25/12/2013 10:57:00,   58.53,   61.10,   53.73,   60.05,   62.42,   56.04
25/12/2013 11:02:00,   57.83,   61.48,   52.72,   59.32,   62.44,   54.95
25/12/2013 11:07:00,   58.65,   62.30,   52.80,   60.56,   63.98,   55.39
25/12/2013 11:12:00,   58.82,   62.02,   53.27,   60.16,   63.41,   54.74
25/12/2013 11:17:00,   57.82,   60.83,   52.32,   59.87,   62.65,   54.89
25/12/2013 11:22:00,   59.12,   62.36,   54.07,   61.08,   63.66,   56.30
25/12/2013 11:27:00,   57.00,   60.55,   51.41,   58.78,   61.94,   53.82
25/12/2013 11:32:00,   58.88,   62.52,   53.60,   60.38,   63.76,   55.07
25/12/2013 11:37:00,   58.37,   61.94,   53.91,   60.06,   63.20,   55.08
25/12/2013 11:42:00,   57.80,   61.27,   51.65,   59.20,   62.56,   53.56
25/12/2013 11:47:00,   58.09,   62.27,   52.42,   59.82,   63.18,   55.34
25/12/2013 11:52:00,   57.56,   60.59,   52.48,   59.43,   61.73,   55.24
25/12/2013 11:57:00,   59.38,   61.54,   52.86,   61.97,   64.93,   55.44
25/12/2013 12:02:00,   57.66,   61.16,   51.27,   59.37,   62.66,   53.76
25/12/2013 12:07:00,   57.85,   60.55,   53.81,   60.23,   62.54,   56.71
25/12/2013 12:12:00,   57.51,   60.90,   52.13,   59.63,   62.70,   54.10
25/12/2013 12:17:00,   58.35,   61.41,   54.02,   60.58,   62.84,   57.22
25/12/2013 12:22:00,   57.77,   60.31,   53.76,   60.21,   62.77,   56.36
25/12/2013 12:27:00,   58.66,   61.83,   53.20,   61.40,   64.54,   56.20
25/12/2013 12:32:00,   59.67,   62.65,   54.60,   60.82,   63.35,   56.35
25/12/2013 12:37:00,   58.17,   60.77,   53.94,   60.03,   62.66,   55.88
25/12/2013 12:42:00,   58.16,   61.59,   52.04,   60.30,   63.34,   55.39
25/12/2013 12:47:00,   58.72,   61.91,   52.51,   61.41,   64.57,   55.93
25/12/2013 12:52:00,   58.51,   61.82,   52.55,   61.10,   64.15,   55.91
25/12/2013 12:57:00,   57.77,   60.86,   53.15,   60.18,   62.95,   55.86
25/12/2013 13:02:00,   57.51,   60.69,   52.26,   59.64,   62.47,   55.06
25/12/2013 13:07:00,   60.18,   61.98,   53.29,   62.30,   63.49,   55.48
25/12/2013 13:12:00,   59.03,   61.88,   54.30,   61.63,   64.56,   57.05
25/12/2013 13:17:00,   62.11,   63.59,   54.82,   64.44,   65.68,   57.09
25/12/2013 13:22:00,   60.76,   62.92,   56.88,   61.82,   63.72,   57.84
25/12/2013 13:27:00,   58.86,   61.45,   54.34,   60.74,   63.13,   56.62
25/12/2013 13:32:00,   58.86,   61.95,   52.36,   60.74,   63.57,   54.94
25/12/2013 13:37:00,   58.87,   61.53,   54.62,   60.86,   63.18,   56.91
25/12/2013 13:42:00,   58.89,   61.92,   53.94,   60.86,   63.71,   56.22
25/12/2013 13:47:00,   59.72,   62.07,   54.76,   61.61,   63.69,   56.69
25/12/2013 13:52:00,   60.48,   63.13,   57.07,   61.54,   64.09,   57.88
25/12/2013 13:57:00,   60.23,   62.05,   57.25,   61.70,   64.01,   58.28
25/12/2013 14:02:00,   60.95,   62.79,   57.03,   62.56,   64.46,   58.92
25/12/2013 14:07:00,   59.99,   62.49,   55.81,   61.78,   64.39,   57.50
25/12/2013 14:12:00,   59.30,   61.86,   55.35,   61.26,   63.39,   57.68
25/12/2013 14:17:00,   59.63,   61.97,   55.12,   61.37,   63.36,   57.22
25/12/2013 14:22:00,   58.86,   61.74,   53.79,   61.02,   64.02,   56.15
25/12/2013 14:27:00,   59.64,   62.42,   53.38,   62.24,   64.66,   56.88
25/12/2013 14:32:00,   59.94,   62.65,   55.13,   61.04,   63.66,   56.93
25/12/2013 14:37:00,   61.30,   63.26,   56.39,   61.83,   63.70,   57.55
25/12/2013 14:42:00,   61.33,   63.66,   57.33,   62.54,   64.41,   58.77
25/12/2013 14:47:00,   59.11,   62.07,   54.89,   60.78,   63.30,   57.28
25/12/2013 14:52:00,   58.45,   61.17,   54.84,   60.16,   62.79,   56.51
25/12/2013 14:57:00,   59.88,   62.40,   54.95,   61.20,   63.65,   56.76
25/12/2013 15:02:00,   62.84,   64.33,   60.74,   62.77,   64.49,   60.46
25/12/2013 15:07:00,   62.18,   64.10,   58.56,   62.40,   64.36,   58.97
25/12/2013 15:12:00,   60.77,   63.22,   57.16,   61.63,   64.18,   57.71
25/12/2013 15:17:00,   60.50,   63.11,   56.12,   61.55,   63.94,   57.65
25/12/2013 15:22:00,   58.97,   61.65,   54.66,   60.59,   62.97,   56.61
25/12/2013 15:27:00,   58.99,   61.27,   55.51,   60.52,   62.80,   56.79
25/12/2013 15:32:00,   59.12,   62.04,   55.25,   61.27,   63.97,   57.45
25/12/2013 15:37:00,   58.80,   62.53,   52.67,   60.75,   64.08,   55.23
25/12/2013 15:42:00,   58.50,   61.19,   55.04,   60.58,   62.76,   57.58
25/12/2013 15:47:00,   57.59,   60.32,   53.20,   59.26,   61.66,   54.85
25/12/2013 15:52:00,   58.08,   61.31,   53.40,   59.93,   62.62,   56.08
25/12/2013 15:57:00,   57.65,   61.09,   52.42,   59.61,   62.45,   54.88
25/12/2013 16:02:00,   57.45,   60.95,   51.68,   59.42,   62.65,   54.62
25/12/2013 16:07:00,   57.96,   60.72,   52.92,   59.56,   61.97,   55.01
25/12/2013 16:12:00,   56.83,   60.53,   52.32,   58.82,   61.99,   54.57
25/12/2013 16:17:00,   57.78,   60.96,   53.93,   59.45,   62.96,   55.76
25/12/2013 16:22:00,   57.99,   61.14,   53.33,   59.91,   62.69,   56.09
25/12/2013 16:27:00,   59.16,   62.14,   55.06,   61.26,   64.01,   57.44
25/12/2013 16:32:00,   58.36,   61.34,   52.94,   59.57,   62.03,   55.22
25/12/2013 16:37:00,   57.02,   60.55,   52.37,   59.27,   62.26,   54.64
25/12/2013 16:42:00,   57.83,   61.09,   51.42,   59.29,   62.29,   53.39
25/12/2013 16:47:00,   58.23,   61.50,   52.72,   59.79,   62.59,   54.82
25/12/2013 16:52:00,   58.03,   61.91,   52.76,   59.64,   63.55,   55.27
25/12/2013 16:57:00,   57.88,   61.20,   50.95,   59.31,   62.05,   53.13
25/12/2013 17:02:00,   56.98,   59.88,   51.46,   59.02,   61.66,   54.25
25/12/2013 17:07:00,   57.16,   60.28,   52.05,   59.07,   62.11,   54.17
25/12/2013 17:12:00,   58.21,   61.33,   53.02,   60.27,   63.22,   55.48
25/12/2013 17:17:00,   58.43,   61.64,   53.83,   60.10,   63.04,   56.20
25/12/2013 17:22:00,   57.72,   60.85,   52.82,   59.58,   62.41,   55.56
25/12/2013 17:27:00,   58.04,   61.25,   53.35,   59.92,   62.86,   55.88
25/12/2013 17:32:00,   56.46,   59.42,   51.46,   59.97,   62.41,   53.94
25/12/2013 17:37:00,   56.17,   60.05,   51.84,   57.94,   61.24,   53.63
25/12/2013 17:42:00,   57.33,   60.25,   52.35,   59.02,   61.60,   54.81
25/12/2013 17:47:00,   57.13,   60.48,   52.18,   58.84,   61.79,   54.44
25/12/2013 17:52:00,   56.35,   59.51,   51.76,   58.37,   61.30,   54.29
25/12/2013 17:57:00,   57.39,   60.82,   52.81,   59.36,   62.67,   55.00
25/12/2013 18:02:00,   57.99,   61.60,   52.73,   60.14,   63.45,   55.06
25/12/2013 18:07:00,   57.97,   61.64,   53.60,   59.75,   62.87,   55.97
25/12/2013 18:12:00,   57.57,   61.45,   52.97,   59.51,   62.97,   55.22
25/12/2013 18:17:00,   58.05,   61.52,   52.40,   60.72,   64.27,   55.02
25/12/2013 18:22:00,   58.54,   62.22,   52.58,   60.92,   64.16,   54.65
25/12/2013 18:27:00,   58.27,   61.10,   54.28,   59.91,   62.35,   56.48
25/12/2013 18:32:00,   58.27,   61.98,   54.63,   60.27,   63.55,   56.73
25/12/2013 18:37:00,   57.94,   61.36,   52.77,   59.63,   62.56,   54.83
25/12/2013 18:42:00,   59.27,   62.31,   54.79,   61.29,   63.67,   57.19
25/12/2013 18:47:00,   58.59,   61.74,   52.55,   60.41,   63.40,   55.43
25/12/2013 18:52:00,   57.42,   61.56,   52.33,   58.94,   62.44,   54.77
25/12/2013 18:57:00,   58.15,   61.60,   53.85,   60.21,   63.41,   55.89
25/12/2013 19:02:00,   57.35,   61.03,   52.71,   59.31,   62.31,   54.84
25/12/2013 19:07:00,   57.80,   61.20,   53.00,   59.41,   62.73,   55.00
25/12/2013 19:12:00,   58.84,   61.82,   54.72,   60.40,   63.34,   56.54
25/12/2013 19:17:00,   57.58,   60.92,   52.58,   59.46,   62.70,   54.82
25/12/2013 19:22:00,   58.77,   61.98,   54.49,   60.01,   62.64,   56.14
25/12/2013 19:27:00,   59.10,   62.52,   55.42,   61.11,   64.12,   57.50
25/12/2013 19:32:00,   58.31,   61.87,   53.44,   59.95,   62.83,   55.61
25/12/2013 19:37:00,   58.11,   61.28,   54.16,   59.95,   62.79,   56.25
25/12/2013 19:42:00,   59.24,   62.05,   54.49,   60.86,   63.25,   56.51
25/12/2013 19:47:00,   58.45,   61.50,   53.62,   60.18,   62.92,   56.01
25/12/2013 19:52:00,   58.99,   62.27,   53.27,   60.98,   64.26,   55.49
25/12/2013 19:57:00,   58.50,   61.66,   54.14,   60.46,   63.47,   56.31
25/12/2013 20:02:00,   58.33,   61.49,   54.31,   59.84,   62.60,   56.31
25/12/2013 20:07:00,   58.06,   61.40,   53.49,   59.68,   62.49,   55.59
25/12/2013 20:12:00,   58.11,   61.10,   53.72,   59.50,   62.17,   55.88
25/12/2013 20:17:00,   58.23,   61.26,   53.57,   60.06,   62.64,   55.92
25/12/2013 20:22:00,   57.87,   61.79,   52.19,   59.81,   63.82,   54.79
25/12/2013 20:27:00,   58.67,   62.55,   54.04,   60.10,   63.51,   55.99
25/12/2013 20:32:00,   58.59,   62.05,   55.09,   60.18,   63.10,   56.96
25/12/2013 20:37:00,   58.97,   61.76,   55.02,   60.37,   63.07,   56.97
25/12/2013 20:42:00,   58.21,   61.52,   53.79,   59.65,   62.55,   56.06
25/12/2013 20:47:00,   57.37,   60.82,   52.48,   58.77,   61.56,   54.76
25/12/2013 20:52:00,   58.05,   61.53,   53.56,   59.38,   62.48,   55.16
25/12/2013 20:57:00,   57.89,   61.53,   53.27,   59.40,   62.66,   55.33
25/12/2013 21:02:00,   58.16,   61.14,   54.03,   59.67,   62.34,   56.28
25/12/2013 21:07:00,   56.97,   59.61,   52.83,   58.62,   61.37,   54.56
25/12/2013 21:12:00,   58.23,   61.93,   52.46,   59.53,   62.99,   54.37
25/12/2013 21:17:00,   56.46,   59.68,   52.02,   58.14,   61.03,   54.04
25/12/2013 21:22:00,   56.92,   61.31,   51.36,   58.58,   62.97,   53.57
25/12/2013 21:27:00,   57.90,   61.74,   52.16,   59.16,   62.67,   53.90
25/12/2013 21:32:00,   58.00,   61.50,   52.75,   59.18,   62.37,   54.75
25/12/2013 21:37:00,   57.49,   62.10,   51.47,   58.70,   62.78,   53.96
25/12/2013 21:42:00,   57.84,   61.34,   52.09,   59.23,   62.58,   54.36
25/12/2013 21:47:00,   57.43,   60.63,   51.74,   59.18,   62.10,   53.66
25/12/2013 21:52:00,   57.58,   61.77,   51.70,   59.08,   62.78,   54.09
25/12/2013 21:57:00,   55.46,   59.21,   50.35,   57.31,   60.94,   52.61
25/12/2013 22:02:00,   57.88,   61.37,   52.31,   59.31,   62.35,   54.57
25/12/2013 22:07:00,   58.14,   61.44,   52.35,   59.47,   62.52,   54.21
25/12/2013 22:12:00,   56.43,   60.88,   49.99,   58.02,   62.07,   52.57
25/12/2013 22:17:00,   57.61,   61.26,   50.82,   58.88,   62.14,   53.50
25/12/2013 22:22:00,   56.97,   60.60,   52.46,   58.75,   62.13,   54.62
25/12/2013 22:27:00,   56.52,   60.70,   50.60,   58.52,   61.77,   52.63
25/12/2013 22:32:00,   57.63,   60.97,   52.48,   58.91,   61.92,   54.36
25/12/2013 22:37:00,   56.92,   59.48,   51.63,   58.53,   60.89,   53.84
25/12/2013 22:42:00,   57.62,   60.80,   51.76,   58.82,   61.51,   53.74
25/12/2013 22:47:00,   55.79,   58.91,   50.24,   57.76,   60.84,   52.68
25/12/2013 22:52:00,   55.97,   60.52,   51.15,   57.29,   61.21,   53.28
25/12/2013 22:57:00,   56.27,   60.19,   50.05,   58.20,   61.95,   52.24
25/12/2013 23:02:00,   56.57,   61.41,   50.46,   57.72,   61.78,   52.38
25/12/2013 23:07:00,   54.11,   57.67,   49.64,   56.07,   59.57,   52.10
25/12/2013 23:12:00,   54.49,   58.32,   48.09,   56.03,   59.47,   50.31
25/12/2013 23:17:00,   54.57,   58.22,   47.60,   56.69,   60.68,   50.44
25/12/2013 23:22:00,   54.81,   59.19,   49.03,   56.17,   60.36,   51.05
25/12/2013 23:27:00,   54.21,   58.32,   47.19,   55.72,   59.13,   49.46
25/12/2013 23:32:00,   53.01,   57.60,   48.45,   55.00,   59.32,   51.07
25/12/2013 23:37:00,   55.15,   60.66,   48.86,   56.39,   61.03,   50.89
25/12/2013 23:42:00,   54.57,   58.81,   48.21,   56.11,   60.44,   50.43
25/12/2013 23:47:00,   54.83,   58.92,   48.70,   56.18,   59.84,   50.87
25/12/2013 23:52:00,   54.43,   58.68,   48.30,   55.97,   59.82,   50.53
25/12/2013 23:57:00,   53.89,   58.95,   47.51,   55.68,   60.21,   50.25

