# noise_analysis run from DCC-NOISE-001003 at Thu Mar 14 00:00:00 2013
# Monitoring unit located at 53.342609N 6.340721W
# logfile   = /home/root/noise_analysis.log
# cfg_dir   = /home/root/config
# outputdir = /home/root/noise
# Sensitivity = -26.271103
# Gain = 1.000000
# Time should be in local format (i.e. daylight savings time)
# dd/mm/yyyy hh:mm:ss, A Leq,   A L10,   A L95,   C Leq,   C L10,   C L95
14/03/2013 00:05:00,   55.10,   58.36,   49.85,   57.63,   60.63,   52.97
14/03/2013 00:10:00,   54.30,   58.90,   47.46,   56.94,   60.79,   52.13
14/03/2013 00:15:00,   54.48,   59.42,   47.74,   56.95,   61.19,   52.28
14/03/2013 00:20:00,   53.69,   57.76,   48.22,   55.86,   59.40,   51.85
14/03/2013 00:25:00,   52.87,   57.54,   46.16,   55.15,   58.85,   50.52
14/03/2013 00:30:00,   52.38,   56.98,   47.04,   54.61,   58.13,   50.44
14/03/2013 00:35:00,   53.75,   58.56,   47.54,   55.74,   59.91,   50.88
14/03/2013 00:40:00,   54.19,   58.75,   47.88,   55.80,   59.44,   51.03
14/03/2013 00:45:00,   52.24,   55.90,   47.72,   54.64,   57.81,   51.13
14/03/2013 00:50:00,   52.64,   58.90,   46.82,   55.58,   60.88,   50.89
14/03/2013 00:55:00,   53.16,   58.61,   46.90,   55.04,   59.85,   50.95
14/03/2013 01:00:00,   52.58,   56.96,   46.40,   54.88,   58.73,   50.46
14/03/2013 01:05:00,   51.92,   57.63,   46.22,   54.40,   58.44,   50.47
14/03/2013 01:10:00,   51.24,   55.63,   46.64,   53.98,   57.48,   50.59
14/03/2013 01:15:00,   52.04,   57.58,   45.75,   54.98,   59.76,   50.86
14/03/2013 01:20:00,   52.51,   57.47,   46.99,   55.15,   58.85,   51.48
14/03/2013 01:25:00,   52.12,   57.69,   46.23,   55.40,   59.23,   51.12
14/03/2013 01:30:00,   52.68,   57.62,   46.35,   55.25,   59.14,   51.22
14/03/2013 01:35:00,   48.97,   51.52,   44.77,   53.92,   56.51,   50.41
14/03/2013 01:40:00,   51.24,   57.50,   45.66,   54.66,   58.93,   51.07
14/03/2013 01:45:00,   50.09,   55.61,   45.47,   54.00,   57.14,   50.55
14/03/2013 01:50:00,   52.70,   57.87,   47.04,   55.21,   59.39,   50.68
14/03/2013 01:55:00,   51.88,   56.47,   45.43,   54.34,   58.05,   49.69
14/03/2013 02:00:00,   47.93,   53.58,   43.21,   51.78,   56.22,   48.33
14/03/2013 02:05:00,   49.41,   53.45,   44.66,   52.88,   55.33,   49.56
14/03/2013 02:10:00,   50.84,   56.51,   45.08,   53.18,   57.25,   49.23
14/03/2013 02:15:00,   49.57,   55.54,   44.18,   52.61,   56.79,   49.00
14/03/2013 02:20:00,   49.72,   55.79,   44.52,   52.94,   57.35,   48.66
14/03/2013 02:25:00,   46.59,   47.64,   42.97,   50.72,   52.08,   48.22
14/03/2013 02:30:00,   44.47,   45.98,   42.17,   48.92,   50.28,   46.78
14/03/2013 02:35:00,   47.97,   52.54,   42.82,   51.31,   54.75,   47.58
14/03/2013 02:40:00,   51.99,   57.44,   43.63,   54.02,   58.50,   47.82
14/03/2013 02:45:00,   50.29,   55.78,   43.86,   53.63,   58.77,   48.17
14/03/2013 02:50:00,   45.27,   46.90,   42.73,   50.00,   51.70,   47.79
14/03/2013 02:55:00,   49.49,   53.52,   42.94,   52.82,   55.92,   48.43
14/03/2013 03:00:00,   49.33,   53.32,   43.28,   52.40,   56.14,   47.93
14/03/2013 03:05:00,   53.18,   56.78,   44.28,   53.77,   56.08,   48.74
14/03/2013 03:10:00,   49.09,   51.63,   45.03,   52.40,   54.13,   49.49
14/03/2013 03:15:00,   49.61,   53.39,   44.41,   52.74,   55.73,   48.84
14/03/2013 03:20:00,   49.07,   53.85,   44.20,   52.48,   56.44,   48.89
14/03/2013 03:25:00,   50.89,   56.27,   45.07,   53.68,   58.42,   49.56
14/03/2013 03:30:00,   51.05,   57.40,   43.90,   53.71,   58.74,   48.89
14/03/2013 03:35:00,   50.98,   57.06,   44.48,   53.74,   58.36,   48.97
14/03/2013 03:40:00,   51.45,   54.94,   46.51,   54.85,   57.24,   51.64
14/03/2013 03:45:00,   48.31,   51.30,   45.61,   51.79,   53.63,   49.92
14/03/2013 03:50:00,   49.21,   52.01,   45.54,   52.87,   55.01,   49.66
14/03/2013 03:55:00,   50.29,   55.21,   44.01,   53.08,   56.91,   48.46
14/03/2013 04:00:00,   51.01,   56.14,   45.81,   53.75,   57.54,   50.04
14/03/2013 04:05:00,   49.54,   52.16,   44.93,   53.47,   55.16,   50.01
14/03/2013 04:10:00,   51.45,   57.09,   45.28,   54.27,   58.03,   50.26
14/03/2013 04:15:00,   50.05,   51.65,   44.37,   53.62,   54.89,   49.81
14/03/2013 04:20:00,   49.62,   52.56,   44.72,   52.85,   54.96,   49.75
14/03/2013 04:25:00,   49.21,   51.23,   45.54,   52.97,   54.83,   49.85
14/03/2013 04:30:00,   51.30,   55.97,   46.25,   53.95,   57.68,   50.62
14/03/2013 04:35:00,   53.53,   58.11,   47.56,   56.21,   60.02,   51.75
14/03/2013 04:40:00,   51.26,   53.74,   47.83,   54.71,   56.37,   52.11
14/03/2013 04:45:00,   51.91,   56.08,   47.51,   55.59,   58.79,   51.75
14/03/2013 04:50:00,   52.77,   57.37,   48.62,   55.92,   59.23,   52.92
14/03/2013 04:55:00,   50.95,   53.15,   48.11,   54.42,   56.03,   52.10
14/03/2013 05:00:00,   54.84,   59.80,   48.73,   57.01,   61.06,   52.43
14/03/2013 05:05:00,   52.42,   55.73,   49.51,   55.46,   57.68,   53.22
14/03/2013 05:10:00,   53.59,   56.72,   50.50,   57.06,   59.31,   54.32
14/03/2013 05:15:00,   54.12,   58.42,   49.50,   57.37,   60.43,   52.75
14/03/2013 05:20:00,   55.55,   60.09,   51.05,   58.08,   61.78,   54.52
14/03/2013 05:25:00,   52.17,   55.70,   48.73,   55.41,   58.21,   52.54
14/03/2013 05:30:00,   53.30,   56.79,   50.10,   56.75,   59.79,   53.86
14/03/2013 05:35:00,   53.87,   57.08,   50.43,   56.87,   59.28,   54.11
14/03/2013 05:40:00,   55.09,   58.15,   51.43,   57.55,   60.18,   54.90
14/03/2013 05:45:00,   55.84,   60.07,   51.11,   58.28,   61.75,   54.84
14/03/2013 05:50:00,   55.58,   59.00,   51.99,   58.58,   61.23,   55.87
14/03/2013 05:55:00,   57.16,   61.82,   51.96,   59.61,   63.39,   55.32
14/03/2013 06:00:00,   55.65,   58.52,   52.53,   58.72,   61.01,   56.17
14/03/2013 06:05:00,   55.49,   58.41,   52.51,   58.58,   61.35,   55.98
14/03/2013 06:10:00,   57.09,   61.48,   53.00,   59.85,   64.03,   56.15
14/03/2013 06:15:00,   57.44,   60.27,   54.06,   60.65,   63.34,   57.65
14/03/2013 06:20:00,   57.87,   61.65,   54.46,   61.71,   66.12,   58.20
14/03/2013 06:25:00,   58.83,   62.20,   55.47,   61.81,   64.61,   58.84
14/03/2013 06:30:00,   57.76,   60.52,   55.68,   60.93,   63.27,   59.04
14/03/2013 06:35:00,   58.92,   62.93,   54.39,   61.88,   65.62,   57.59
14/03/2013 06:40:00,   57.33,   59.66,   54.69,   60.83,   63.05,   58.14
14/03/2013 06:45:00,   59.34,   62.40,   55.53,   63.21,   67.16,   58.82
14/03/2013 06:50:00,   58.62,   61.65,   55.65,   61.74,   63.80,   59.11
14/03/2013 06:55:00,   59.24,   61.40,   56.57,   62.43,   64.41,   59.77
14/03/2013 07:00:00,   59.65,   62.21,   56.87,   63.60,   66.04,   60.53
14/03/2013 07:05:00,   60.48,   63.84,   57.33,   64.19,   67.44,   61.11
14/03/2013 07:10:00,   59.95,   62.43,   56.26,   62.67,   64.88,   59.88
14/03/2013 07:15:00,   61.42,   64.73,   56.36,   65.83,   70.65,   60.16
14/03/2013 07:20:00,   60.69,   63.39,   57.37,   63.39,   65.52,   60.49
14/03/2013 07:25:00,   61.05,   63.69,   57.62,   63.57,   66.02,   60.98
14/03/2013 07:30:00,   59.87,   62.05,   57.33,   62.52,   64.08,   60.26
14/03/2013 07:35:00,   62.05,   64.28,   58.31,   65.85,   69.54,   61.71
14/03/2013 07:40:00,   60.65,   63.12,   58.02,   63.91,   66.32,   61.34
14/03/2013 07:45:00,   61.22,   63.76,   57.98,   64.67,   67.00,   61.44
14/03/2013 07:50:00,   61.78,   64.84,   57.94,   65.59,   68.94,   62.01
14/03/2013 07:55:00,   60.97,   63.43,   58.15,   64.06,   66.16,   61.55
14/03/2013 08:00:00,   61.39,   63.89,   58.22,   65.50,   67.97,   62.34
14/03/2013 08:05:00,   60.97,   63.66,   57.51,   64.52,   66.32,   60.87
14/03/2013 08:10:00,   60.01,   62.35,   57.27,   63.98,   65.94,   61.48
14/03/2013 08:15:00,   59.95,   62.53,   56.73,   63.50,   65.62,   60.59
14/03/2013 08:20:00,   61.52,   64.27,   57.67,   66.67,   69.36,   62.90
14/03/2013 08:25:00,   60.19,   62.76,   56.39,   64.08,   66.95,   60.50
14/03/2013 08:30:00,   60.39,   62.85,   56.48,   63.96,   66.12,   60.47
14/03/2013 08:35:00,   59.59,   61.67,   56.35,   63.74,   66.20,   60.63
14/03/2013 08:40:00,   60.12,   62.81,   56.75,   64.75,   67.76,   61.61
14/03/2013 08:45:00,   60.15,   62.53,   56.30,   64.28,   66.53,   60.74
14/03/2013 08:50:00,   60.06,   62.43,   57.23,   65.16,   68.34,   61.59
14/03/2013 08:55:00,   60.20,   62.55,   56.89,   64.49,   66.93,   61.23
14/03/2013 09:00:00,   60.43,   62.77,   57.03,   65.22,   67.66,   61.49
14/03/2013 09:05:00,   60.03,   63.08,   56.87,   64.22,   66.79,   60.99
14/03/2013 09:10:00,   60.31,   62.99,   55.97,   64.41,   66.64,   60.38
14/03/2013 09:15:00,   59.91,   62.62,   55.21,   63.86,   66.03,   60.47
14/03/2013 09:20:00,   59.80,   62.28,   55.96,   64.44,   66.79,   60.48
14/03/2013 09:25:00,   59.16,   62.05,   55.58,   63.56,   66.28,   60.64
14/03/2013 09:30:00,   59.39,   61.93,   56.24,   63.66,   66.32,   59.84
14/03/2013 09:35:00,   60.44,   63.47,   55.33,   63.63,   65.98,   58.63
14/03/2013 09:40:00,   59.43,   61.74,   55.76,   64.21,   66.62,   60.20
14/03/2013 09:45:00,   58.57,   61.81,   54.63,   63.25,   66.76,   59.43
14/03/2013 09:50:00,   62.00,   66.96,   55.86,   66.16,   71.21,   59.98
14/03/2013 09:55:00,   59.87,   62.61,   55.46,   64.47,   67.19,   60.08
14/03/2013 10:00:00,   59.13,   61.83,   53.51,   63.85,   66.56,   58.57
14/03/2013 10:05:00,   59.31,   61.79,   55.74,   64.92,   68.89,   60.56
14/03/2013 10:10:00,   59.53,   62.13,   55.93,   64.20,   67.18,   59.37
14/03/2013 10:15:00,   58.98,   61.52,   54.73,   63.69,   67.74,   58.37
14/03/2013 10:20:00,   60.00,   62.70,   55.52,   63.59,   66.35,   59.18
14/03/2013 10:25:00,   59.61,   61.51,   55.95,   64.25,   67.41,   59.92
14/03/2013 10:30:00,   59.09,   61.74,   54.57,   62.67,   65.04,   59.52
14/03/2013 10:35:00,   58.92,   61.44,   54.84,   62.27,   64.85,   58.55
14/03/2013 10:40:00,   58.28,   60.81,   54.47,   62.00,   64.08,   58.63
14/03/2013 10:45:00,   59.29,   61.49,   55.25,   64.30,   66.64,   60.00
14/03/2013 10:50:00,   58.93,   61.26,   54.97,   63.82,   66.27,   59.85
14/03/2013 10:55:00,   65.33,   70.95,   55.51,   71.35,   76.78,   59.96
14/03/2013 11:00:00,   68.82,   72.27,   63.25,   74.38,   78.37,   69.06
14/03/2013 11:05:00,   70.71,   74.82,   63.99,   76.47,   80.74,   69.51
14/03/2013 11:10:00,   72.11,   78.24,   56.17,   77.67,   83.19,   66.19
14/03/2013 11:15:00,   67.06,   74.69,   55.30,   72.40,   79.03,   61.85
14/03/2013 11:20:00,   74.67,   80.96,   65.80,   79.59,   85.38,   71.24
14/03/2013 11:25:00,   72.31,   81.42,   60.69,   77.12,   85.75,   66.87
14/03/2013 11:30:00,   62.88,   65.94,   58.69,   67.97,   70.19,   63.96
14/03/2013 11:35:00,   63.38,   67.39,   57.98,   68.89,   72.36,   64.65
14/03/2013 11:40:00,   63.12,   66.61,   58.26,   68.90,   71.90,   64.48
14/03/2013 11:45:00,   62.98,   65.56,   58.39,   68.58,   71.09,   65.32
14/03/2013 11:50:00,   62.35,   64.95,   58.80,   67.97,   70.27,   64.76
14/03/2013 11:55:00,   61.88,   66.29,   55.52,   66.99,   72.36,   59.21
14/03/2013 12:00:00,   64.80,   67.87,   60.39,   70.41,   73.65,   65.83
14/03/2013 12:05:00,   64.06,   66.94,   60.12,   70.23,   72.57,   66.13
14/03/2013 12:10:00,   62.08,   65.57,   56.21,   68.59,   72.71,   61.10
14/03/2013 12:15:00,   59.28,   61.82,   55.20,   65.19,   68.78,   60.12
14/03/2013 12:20:00,   58.92,   60.87,   55.50,   63.53,   65.98,   59.99
14/03/2013 12:25:00,   59.17,   61.60,   55.46,   63.72,   66.63,   58.84
14/03/2013 12:30:00,   58.72,   60.58,   54.37,   64.14,   67.32,   57.96
14/03/2013 12:35:00,   59.58,   61.97,   53.71,   64.47,   68.13,   59.73
14/03/2013 12:40:00,   59.11,   61.44,   55.64,   63.43,   65.56,   59.61
14/03/2013 12:45:00,   58.89,   61.35,   55.05,   62.77,   65.18,   59.17
14/03/2013 12:50:00,   59.95,   63.84,   54.95,   64.96,   69.31,   59.21
14/03/2013 12:55:00,   59.14,   61.91,   55.62,   62.72,   65.75,   59.07
14/03/2013 13:00:00,   58.66,   60.58,   55.45,   62.64,   64.97,   59.12
14/03/2013 13:05:00,   58.88,   60.83,   55.94,   64.06,   67.62,   59.92
14/03/2013 13:10:00,   59.79,   61.83,   55.81,   65.89,   70.69,   60.21
14/03/2013 13:15:00,   58.97,   61.24,   55.34,   64.18,   67.60,   60.28
14/03/2013 13:20:00,   60.35,   63.30,   55.64,   64.98,   69.15,   59.56
14/03/2013 13:25:00,   59.88,   62.13,   55.42,   65.03,   69.26,   59.22
14/03/2013 13:30:00,   58.98,   61.34,   54.34,   62.62,   65.37,   58.41
14/03/2013 13:35:00,   59.53,   62.40,   54.77,   65.72,   69.36,   59.16
14/03/2013 13:40:00,   59.67,   61.56,   56.17,   64.83,   68.50,   60.99
14/03/2013 13:45:00,   59.66,   61.51,   56.00,   66.25,   70.31,   60.82
14/03/2013 13:50:00,   61.20,   63.39,   56.61,   68.40,   73.10,   61.87
14/03/2013 13:55:00,   58.69,   60.65,   54.83,   65.02,   69.46,   58.84
14/03/2013 14:00:00,   59.90,   61.65,   56.77,   65.97,   69.56,   60.97
14/03/2013 14:05:00,   60.85,   63.36,   57.35,   64.31,   66.62,   60.76
14/03/2013 14:10:00,   61.26,   62.79,   58.59,   64.76,   67.71,   61.18
14/03/2013 14:15:00,   63.35,   63.89,   59.69,   65.12,   66.53,   60.86
14/03/2013 14:20:00,   61.46,   63.29,   58.25,   65.30,   68.33,   61.10
14/03/2013 14:25:00,   61.77,   64.62,   56.63,   65.28,   68.61,   59.99
14/03/2013 14:30:00,   60.20,   62.32,   56.51,   64.51,   67.06,   60.36
14/03/2013 14:35:00,   60.63,   63.01,   56.69,   64.10,   67.49,   59.77
14/03/2013 14:40:00,   59.33,   62.06,   55.63,   64.42,   68.69,   58.92
14/03/2013 14:45:00,   59.73,   61.97,   55.81,   63.85,   66.36,   60.15
14/03/2013 14:50:00,   60.36,   62.86,   56.72,   63.26,   65.50,   60.20
14/03/2013 14:55:00,   62.23,   64.02,   58.36,   63.58,   65.32,   60.83
14/03/2013 15:00:00,   60.88,   63.15,   55.96,   63.45,   66.08,   58.87
14/03/2013 15:05:00,   58.96,   60.57,   55.26,   63.21,   65.21,   58.88
14/03/2013 15:10:00,   58.69,   60.95,   55.65,   63.31,   65.95,   59.29
14/03/2013 15:15:00,   59.18,   61.68,   55.20,   63.70,   66.65,   59.56
14/03/2013 15:20:00,   59.65,   61.80,   56.83,   63.95,   66.60,   61.13
14/03/2013 15:25:00,   59.28,   62.01,   54.86,   63.47,   66.01,   59.09
14/03/2013 15:30:00,   58.37,   60.81,   54.35,   62.43,   64.92,   58.43
14/03/2013 15:35:00,   59.12,   61.67,   54.94,   63.82,   67.69,   58.85
14/03/2013 15:40:00,   59.13,   61.29,   55.99,   62.81,   64.42,   60.39
14/03/2013 15:45:00,   59.43,   61.94,   55.29,   62.23,   64.42,   58.89
14/03/2013 15:50:00,   60.68,   62.81,   56.95,   64.18,   66.18,   61.15
14/03/2013 15:55:00,   60.01,   62.82,   55.27,   64.02,   68.19,   58.64
14/03/2013 16:00:00,   60.10,   62.27,   55.00,   64.16,   66.96,   59.39
14/03/2013 16:05:00,   60.64,   62.43,   57.44,   64.93,   69.01,   60.42
14/03/2013 16:10:00,   59.99,   62.42,   56.29,   63.56,   65.89,   59.82
14/03/2013 16:15:00,   60.96,   62.38,   57.63,   64.12,   66.65,   60.53
14/03/2013 16:20:00,   59.98,   62.04,   56.48,   64.49,   67.41,   60.19
14/03/2013 16:25:00,   60.05,   62.23,   56.36,   64.98,   68.51,   60.43
14/03/2013 16:30:00,   59.27,   61.81,   55.72,   64.88,   68.21,   60.05
14/03/2013 16:35:00,   59.16,   60.70,   55.54,   64.71,   67.66,   60.54
14/03/2013 16:40:00,   60.37,   63.40,   55.43,   64.70,   68.55,   59.17
14/03/2013 16:45:00,   59.95,   62.15,   55.94,   63.06,   64.98,   60.07
14/03/2013 16:50:00,   60.03,   62.49,   55.62,   62.84,   65.05,   59.18
14/03/2013 16:55:00,   59.83,   62.07,   56.28,   63.33,   65.65,   60.02
14/03/2013 17:00:00,   61.23,   63.16,   58.31,   64.08,   66.75,   60.70
14/03/2013 17:05:00,   59.57,   61.57,   56.23,   62.98,   64.99,   59.78
14/03/2013 17:10:00,   60.84,   63.92,   56.92,   64.76,   68.58,   60.79
14/03/2013 17:15:00,   60.13,   62.32,   55.71,   63.20,   65.52,   59.62
14/03/2013 17:20:00,   60.33,   62.29,   55.53,   63.06,   64.89,   58.49
14/03/2013 17:25:00,   59.17,   61.56,   55.02,   62.73,   65.33,   58.50
14/03/2013 17:30:00,   60.04,   62.51,   55.02,   63.22,   65.32,   59.57
14/03/2013 17:35:00,   57.95,   60.12,   54.78,   62.16,   64.75,   59.37
14/03/2013 17:40:00,   59.91,   61.95,   55.76,   63.75,   65.86,   59.37
14/03/2013 17:45:00,   59.48,   62.62,   55.10,   61.93,   64.53,   58.55
14/03/2013 17:50:00,   59.40,   61.62,   55.26,   62.80,   64.70,   59.10
14/03/2013 17:55:00,   59.59,   61.75,   55.92,   63.10,   65.07,   60.05
14/03/2013 18:00:00,   59.74,   62.28,   55.92,   62.64,   64.57,   59.56
14/03/2013 18:05:00,   59.89,   62.23,   55.10,   62.32,   64.84,   58.34
14/03/2013 18:10:00,   59.40,   61.63,   55.83,   62.41,   64.34,   59.19
14/03/2013 18:15:00,   59.98,   62.42,   55.71,   63.09,   65.34,   59.00
14/03/2013 18:20:00,   60.72,   63.13,   56.82,   62.84,   64.85,   59.76
14/03/2013 18:25:00,   60.05,   62.26,   56.54,   62.77,   64.69,   59.74
14/03/2013 18:30:00,   59.39,   61.86,   56.13,   62.53,   64.77,   59.28
14/03/2013 18:35:00,   59.62,   61.95,   55.95,   62.80,   65.08,   59.21
14/03/2013 18:40:00,   59.65,   61.62,   56.42,   62.87,   65.07,   59.55
14/03/2013 18:45:00,   60.15,   62.39,   56.06,   63.14,   65.20,   59.29
14/03/2013 18:50:00,   59.16,   61.11,   56.26,   62.33,   64.20,   59.33
14/03/2013 18:55:00,   59.07,   61.41,   55.50,   62.59,   64.71,   59.06
14/03/2013 19:00:00,   59.53,   61.74,   55.85,   63.31,   65.91,   60.13
14/03/2013 19:05:00,   59.29,   61.22,   55.34,   62.71,   64.63,   59.29
14/03/2013 19:10:00,   59.35,   61.95,   56.58,   63.84,   66.24,   60.13
14/03/2013 19:15:00,   59.26,   61.67,   54.81,   62.79,   65.10,   58.32
14/03/2013 19:20:00,   60.22,   62.45,   56.71,   63.91,   66.42,   60.37
14/03/2013 19:25:00,   60.62,   63.06,   55.82,   64.54,   67.97,   59.51
14/03/2013 19:30:00,   59.95,   62.29,   56.45,   62.98,   65.16,   59.62
14/03/2013 19:35:00,   59.40,   61.84,   54.62,   62.59,   64.91,   57.87
14/03/2013 19:40:00,   58.93,   61.69,   54.78,   61.82,   63.78,   58.42
14/03/2013 19:45:00,   58.13,   60.60,   54.21,   61.24,   63.14,   57.12
14/03/2013 19:50:00,   58.57,   61.05,   54.84,   61.83,   64.42,   58.11
14/03/2013 19:55:00,   59.03,   62.16,   55.19,   61.64,   64.19,   58.38
14/03/2013 20:00:00,   59.15,   61.85,   55.55,   62.28,   64.84,   58.81
14/03/2013 20:05:00,   58.81,   61.62,   55.02,   62.00,   64.74,   57.96
14/03/2013 20:10:00,   59.07,   61.58,   55.94,   61.91,   63.89,   58.98
14/03/2013 20:15:00,   58.30,   60.75,   55.20,   61.65,   63.82,   58.65
14/03/2013 20:20:00,   58.35,   60.66,   54.69,   61.76,   64.19,   57.46
14/03/2013 20:25:00,   59.25,   62.09,   54.92,   61.71,   64.27,   57.90
14/03/2013 20:30:00,   58.76,   61.39,   54.48,   61.66,   64.71,   57.90
14/03/2013 20:35:00,   58.99,   61.65,   55.38,   61.50,   63.78,   58.28
14/03/2013 20:40:00,   57.74,   60.30,   54.05,   60.63,   63.03,   57.31
14/03/2013 20:45:00,   58.18,   61.30,   54.08,   60.59,   63.62,   56.81
14/03/2013 20:50:00,   58.73,   61.55,   53.90,   61.34,   63.54,   57.07
14/03/2013 20:55:00,   58.00,   60.99,   54.09,   62.01,   64.56,   57.59
14/03/2013 21:00:00,   58.11,   60.81,   53.82,   61.02,   63.33,   56.98
14/03/2013 21:05:00,   58.22,   61.86,   54.02,   60.97,   63.74,   57.03
14/03/2013 21:10:00,   59.07,   61.84,   55.10,   61.72,   64.13,   58.27
14/03/2013 21:15:00,   57.38,   60.35,   53.76,   60.71,   63.29,   57.26
14/03/2013 21:20:00,   58.12,   61.42,   53.83,   61.92,   64.84,   57.17
14/03/2013 21:25:00,   58.74,   62.47,   53.76,   61.29,   64.38,   57.09
14/03/2013 21:30:00,   58.57,   62.55,   52.63,   61.94,   66.63,   55.74
14/03/2013 21:35:00,   57.49,   60.22,   53.06,   60.51,   62.79,   56.28
14/03/2013 21:40:00,   57.27,   60.00,   52.61,   60.38,   62.92,   56.19
14/03/2013 21:45:00,   57.08,   59.78,   53.02,   59.64,   62.04,   56.02
14/03/2013 21:50:00,   57.91,   60.92,   54.00,   60.68,   63.42,   56.77
14/03/2013 21:55:00,   57.89,   60.74,   52.91,   59.95,   62.68,   56.20
14/03/2013 22:00:00,   57.28,   59.73,   52.38,   60.24,   62.50,   55.58
14/03/2013 22:05:00,   58.32,   60.70,   54.12,   61.90,   64.57,   56.97
14/03/2013 22:10:00,   57.19,   59.77,   52.64,   60.64,   63.35,   56.27
14/03/2013 22:15:00,   56.28,   59.45,   51.89,   59.26,   61.99,   55.35
14/03/2013 22:20:00,   57.10,   60.71,   51.48,   59.43,   62.38,   54.41
14/03/2013 22:25:00,   56.63,   60.09,   51.29,   59.36,   62.52,   54.50
14/03/2013 22:30:00,   56.03,   60.09,   51.46,   59.04,   62.40,   54.56
14/03/2013 22:35:00,   56.55,   59.96,   51.65,   60.32,   63.88,   55.55
14/03/2013 22:40:00,   55.86,   59.18,   50.31,   58.16,   61.16,   53.37
14/03/2013 22:45:00,   54.97,   59.49,   49.89,   58.07,   61.70,   54.03
14/03/2013 22:50:00,   55.84,   59.67,   50.90,   58.66,   61.92,   54.42
14/03/2013 22:55:00,   56.43,   60.34,   51.18,   59.43,   63.04,   54.39
14/03/2013 23:00:00,   55.91,   59.64,   50.26,   59.27,   62.70,   53.74
14/03/2013 23:05:00,   55.48,   59.04,   50.52,   59.11,   62.61,   54.07
14/03/2013 23:10:00,   55.07,   59.31,   50.09,   57.83,   61.30,   53.04
14/03/2013 23:15:00,   56.27,   59.95,   51.60,   59.68,   63.09,   54.81
14/03/2013 23:20:00,   54.82,   58.92,   49.56,   58.21,   61.59,   53.38
14/03/2013 23:25:00,   54.07,   58.18,   49.68,   57.60,   61.03,   53.28
14/03/2013 23:30:00,   55.56,   59.81,   48.99,   59.65,   63.94,   53.27
14/03/2013 23:35:00,   55.17,   59.62,   49.60,   58.57,   62.67,   53.14
14/03/2013 23:40:00,   53.21,   57.56,   48.12,   58.28,   62.45,   52.21
14/03/2013 23:45:00,   54.13,   58.61,   48.89,   58.16,   62.04,   52.42
14/03/2013 23:50:00,   54.34,   58.89,   48.78,   58.17,   61.91,   52.53
14/03/2013 23:56:00,   53.07,   56.90,   47.59,   56.61,   60.07,   51.35

