# noise_analysis run from DCC-NOISE-001003 at Mon Jul 29 00:00:00 2013
# Monitoring unit located at 53.342609N 6.340721W
# logfile   = /home/root/noise_analysis.log
# cfg_dir   = /home/root/config
# outputdir = /home/root/noise
# Sensitivity = -26.271103
# Gain = 1.000000
# Time should be in local format (i.e. daylight savings time)
# dd/mm/yyyy hh:mm:ss, A Leq,   A L10,   A L95,   C Leq,   C L10,   C L95
29/07/2013 00:05:00,   52.08,   56.95,   44.09,   54.50,   58.70,   47.81
29/07/2013 00:10:00,   53.34,   58.09,   44.89,   56.04,   60.58,   48.49
29/07/2013 00:15:00,   52.50,   58.15,   44.00,   55.54,   60.76,   47.29
29/07/2013 00:20:00,   51.87,   57.57,   43.34,   54.35,   59.47,   47.00
29/07/2013 00:25:00,   50.84,   55.94,   43.02,   52.99,   57.72,   46.19
29/07/2013 00:30:00,   53.05,   57.87,   44.13,   55.10,   59.35,   47.65
29/07/2013 00:35:00,   52.88,   58.47,   43.12,   54.83,   60.25,   45.89
29/07/2013 00:40:00,   50.64,   56.54,   42.20,   53.52,   58.92,   45.59
29/07/2013 00:45:00,   51.83,   57.33,   42.29,   55.52,   59.42,   45.50
29/07/2013 00:50:00,   52.56,   57.74,   43.01,   54.41,   59.31,   46.57
29/07/2013 00:55:00,   51.10,   57.46,   42.51,   53.47,   59.16,   46.56
29/07/2013 01:00:00,   48.34,   55.17,   39.77,   50.69,   56.79,   43.88
29/07/2013 01:05:00,   46.72,   51.50,   39.85,   48.89,   53.34,   43.55
29/07/2013 01:10:00,   48.01,   55.30,   39.22,   50.56,   56.23,   44.28
29/07/2013 01:15:00,   48.42,   54.49,   39.85,   50.82,   56.02,   43.90
29/07/2013 01:20:00,   48.86,   57.14,   38.50,   51.14,   58.38,   42.54
29/07/2013 01:25:00,   48.22,   56.20,   38.36,   51.36,   58.69,   42.32
29/07/2013 01:30:00,   46.42,   52.19,   39.65,   48.96,   53.93,   43.67
29/07/2013 01:35:00,   48.72,   55.77,   38.63,   50.82,   57.46,   42.84
29/07/2013 01:40:00,   47.95,   55.70,   38.54,   51.19,   57.91,   42.77
29/07/2013 01:45:00,   47.90,   56.03,   39.22,   50.28,   57.48,   43.72
29/07/2013 01:50:00,   48.14,   54.47,   39.80,   50.32,   56.22,   43.62
29/07/2013 01:55:00,   45.73,   51.81,   38.81,   48.72,   53.61,   42.90
29/07/2013 02:00:00,   45.31,   51.97,   37.70,   47.69,   53.09,   41.74
29/07/2013 02:05:00,   47.28,   53.10,   39.57,   50.49,   56.12,   43.83
29/07/2013 02:10:00,   48.00,   55.41,   38.01,   51.73,   58.99,   42.59
29/07/2013 02:15:00,   44.88,   50.25,   38.47,   47.67,   52.69,   42.79
29/07/2013 02:20:00,   48.48,   54.66,   40.06,   52.29,   58.22,   44.62
29/07/2013 02:25:00,   45.05,   51.19,   38.22,   47.89,   52.90,   42.77
29/07/2013 02:30:00,   47.10,   52.99,   37.99,   49.66,   54.74,   42.37
29/07/2013 02:35:00,   44.09,   47.84,   37.81,   47.04,   49.29,   42.38
29/07/2013 02:40:00,   44.65,   51.13,   36.02,   47.92,   52.95,   40.75
29/07/2013 02:45:00,   46.57,   53.61,   39.53,   48.73,   54.98,   43.50
29/07/2013 02:50:00,   46.09,   52.18,   39.93,   49.65,   55.36,   43.86
29/07/2013 02:55:00,   45.94,   50.23,   39.95,   48.57,   51.88,   44.03
29/07/2013 03:00:00,   42.37,   45.35,   36.64,   45.70,   48.34,   41.54
29/07/2013 03:05:00,   48.50,   56.26,   38.60,   50.81,   58.15,   42.64
29/07/2013 03:10:00,   46.29,   52.73,   38.45,   49.45,   54.63,   42.90
29/07/2013 03:15:00,   42.93,   44.55,   38.36,   46.38,   47.66,   42.83
29/07/2013 03:20:00,   44.22,   49.47,   38.69,   48.33,   52.92,   43.03
29/07/2013 03:25:00,   45.85,   52.61,   38.61,   48.18,   53.55,   42.16
29/07/2013 03:30:00,   47.81,   52.34,   41.82,   50.98,   57.57,   45.06
29/07/2013 03:35:00,   47.24,   52.95,   40.72,   49.28,   54.52,   44.12
29/07/2013 03:40:00,   47.06,   51.63,   41.14,   49.82,   54.20,   45.10
29/07/2013 03:45:00,   44.33,   48.24,   40.09,   48.20,   51.33,   44.27
29/07/2013 03:50:00,   46.22,   51.57,   40.65,   48.44,   52.86,   44.23
29/07/2013 03:55:00,   47.24,   53.49,   41.03,   50.08,   55.07,   45.16
29/07/2013 04:00:00,   48.01,   53.46,   41.94,   54.87,   61.45,   45.99
29/07/2013 04:05:00,   47.97,   53.14,   41.87,   53.73,   60.79,   45.88
29/07/2013 04:10:00,   47.29,   52.56,   41.89,   52.03,   56.55,   45.82
29/07/2013 04:15:00,   49.34,   54.74,   42.99,   53.92,   59.38,   47.03
29/07/2013 04:20:00,   47.31,   52.89,   41.48,   50.00,   55.00,   45.82
29/07/2013 04:25:00,   47.44,   54.02,   41.15,   50.07,   56.03,   45.42
29/07/2013 04:30:00,   46.82,   50.71,   43.54,   49.66,   52.89,   47.06
29/07/2013 04:35:00,   47.09,   51.14,   42.53,   49.43,   53.12,   46.17
29/07/2013 04:40:00,   48.48,   54.46,   42.82,   52.54,   56.78,   46.88
29/07/2013 04:45:00,   49.50,   55.51,   42.19,   52.31,   58.60,   46.67
29/07/2013 04:50:00,   48.09,   53.01,   42.97,   50.58,   54.53,   47.01
29/07/2013 04:55:00,   48.24,   54.55,   42.33,   50.90,   56.67,   46.41
29/07/2013 05:00:00,   53.04,   58.55,   45.04,   56.61,   62.19,   48.95
29/07/2013 05:05:00,   51.21,   56.51,   45.11,   53.19,   57.43,   48.61
29/07/2013 05:10:00,   53.18,   58.10,   46.89,   57.43,   62.91,   50.54
29/07/2013 05:15:00,   50.60,   55.26,   45.84,   53.17,   57.35,   49.34
29/07/2013 05:20:00,   51.34,   56.21,   45.64,   53.98,   57.90,   49.22
29/07/2013 05:25:00,   52.62,   58.70,   45.69,   56.30,   62.27,   49.49
29/07/2013 05:30:00,   52.55,   57.85,   45.80,   55.18,   60.14,   49.61
29/07/2013 05:35:00,   53.75,   59.48,   45.69,   56.98,   61.48,   50.15
29/07/2013 05:40:00,   51.06,   55.43,   45.07,   54.00,   58.47,   48.70
29/07/2013 05:45:00,   51.12,   55.72,   45.23,   54.18,   58.30,   48.78
29/07/2013 05:50:00,   51.27,   56.56,   45.34,   54.29,   58.86,   49.16
29/07/2013 05:55:00,   52.16,   55.51,   44.98,   57.12,   61.26,   49.34
29/07/2013 06:00:00,   52.66,   58.05,   46.75,   56.30,   60.80,   51.14
29/07/2013 06:05:00,   52.77,   57.25,   46.99,   57.61,   62.26,   51.20
29/07/2013 06:10:00,   51.96,   57.06,   46.19,   57.14,   62.45,   50.84
29/07/2013 06:15:00,   54.62,   58.50,   49.23,   59.08,   62.74,   54.04
29/07/2013 06:20:00,   54.50,   59.16,   47.65,   59.98,   64.55,   53.63
29/07/2013 06:25:00,   56.38,   61.32,   49.47,   60.52,   64.88,   53.84
29/07/2013 06:30:00,   52.55,   56.51,   46.54,   56.06,   58.84,   51.50
29/07/2013 06:35:00,   54.03,   58.48,   45.59,   57.95,   62.39,   50.80
29/07/2013 06:40:00,   53.71,   57.88,   47.74,   56.28,   59.82,   51.59
29/07/2013 06:45:00,   53.95,   58.98,   47.02,   56.85,   60.90,   50.92
29/07/2013 06:50:00,   55.99,   59.83,   49.68,   59.17,   62.36,   54.64
29/07/2013 06:55:00,   55.07,   58.86,   49.37,   59.69,   63.17,   54.57
29/07/2013 07:00:00,   54.45,   59.54,   47.60,   58.63,   62.43,   51.70
29/07/2013 07:05:00,   55.65,   58.69,   50.47,   58.94,   61.75,   54.17
29/07/2013 07:10:00,   56.26,   59.26,   49.44,   60.04,   63.58,   53.57
29/07/2013 07:15:00,   55.78,   59.56,   48.67,   59.87,   63.16,   53.19
29/07/2013 07:20:00,   55.23,   59.00,   47.14,   58.25,   61.61,   51.43
29/07/2013 07:25:00,   55.26,   60.04,   49.04,   59.76,   62.75,   54.73
29/07/2013 07:30:00,   54.26,   58.65,   48.07,   59.06,   62.54,   53.71
29/07/2013 07:35:00,   53.67,   57.22,   47.55,   58.37,   61.70,   53.07
29/07/2013 07:40:00,   55.02,   59.09,   49.09,   59.46,   62.80,   54.37
29/07/2013 07:45:00,   56.12,   60.71,   48.83,   60.97,   65.60,   54.43
29/07/2013 07:50:00,   54.65,   59.37,   46.06,   60.08,   63.59,   52.10
29/07/2013 07:55:00,   55.17,   58.19,   48.76,   59.44,   63.26,   52.85
29/07/2013 08:00:00,   54.94,   59.43,   48.25,   59.23,   63.49,   52.82
29/07/2013 08:05:00,   55.18,   58.73,   49.08,   59.70,   63.34,   54.01
29/07/2013 08:10:00,   53.52,   57.95,   47.32,   57.15,   60.74,   52.08
29/07/2013 08:15:00,   54.97,   58.45,   49.34,   58.72,   61.67,   54.47
29/07/2013 08:20:00,   55.79,   58.66,   50.18,   60.41,   63.47,   55.26
29/07/2013 08:25:00,   55.53,   58.46,   50.95,   59.49,   62.35,   54.90
29/07/2013 08:30:00,   55.60,   59.30,   50.24,   59.82,   62.62,   55.71
29/07/2013 08:35:00,   55.00,   58.36,   49.53,   60.10,   63.73,   53.68
29/07/2013 08:40:00,   55.83,   59.76,   48.98,   59.77,   63.85,   52.91
29/07/2013 08:45:00,   57.85,   60.45,   53.27,   62.17,   65.06,   58.35
29/07/2013 08:50:00,   55.80,   59.26,   51.12,   60.26,   63.38,   55.44
29/07/2013 08:55:00,   54.91,   58.44,   49.68,   59.48,   62.32,   54.49
29/07/2013 09:00:00,   55.51,   57.74,   51.17,   60.01,   62.76,   55.58
29/07/2013 09:05:00,   54.77,   57.91,   49.55,   60.09,   63.03,   55.30
29/07/2013 09:10:00,   55.37,   58.40,   51.30,   60.01,   62.83,   55.36
29/07/2013 09:15:00,   55.00,   58.44,   50.32,   60.49,   63.14,   54.87
29/07/2013 09:20:00,   57.72,   60.39,   50.89,   61.23,   63.61,   54.44
29/07/2013 09:25:00,   56.69,   59.58,   51.80,   63.26,   68.02,   57.22
29/07/2013 09:30:00,   55.08,   58.15,   50.38,   60.42,   63.15,   56.07
29/07/2013 09:35:00,   54.74,   57.33,   49.68,   60.52,   63.29,   54.65
29/07/2013 09:40:00,   54.72,   57.89,   50.07,   59.00,   61.47,   55.09
29/07/2013 09:45:00,   54.87,   57.75,   49.95,   58.94,   61.58,   54.11
29/07/2013 09:50:00,   54.84,   58.31,   49.29,   60.63,   64.31,   55.37
29/07/2013 09:55:00,   55.92,   57.61,   49.97,   60.69,   62.90,   55.79
29/07/2013 10:00:00,   55.17,   58.56,   49.11,   60.33,   65.09,   53.50
29/07/2013 10:05:00,   55.21,   58.31,   49.78,   59.67,   62.44,   54.49
29/07/2013 10:10:00,   54.66,   58.15,   49.62,   59.49,   62.42,   54.94
29/07/2013 10:15:00,   55.55,   58.22,   50.06,   60.21,   62.97,   54.66
29/07/2013 10:20:00,   54.93,   58.03,   50.02,   59.44,   62.47,   55.48
29/07/2013 10:25:00,   55.16,   58.56,   49.35,   60.36,   63.40,   55.27
29/07/2013 10:30:00,   55.04,   58.19,   49.49,   59.94,   62.93,   55.16
29/07/2013 10:35:00,   53.49,   56.88,   48.61,   58.73,   62.18,   53.43
29/07/2013 10:40:00,   53.70,   57.21,   49.07,   58.88,   62.35,   54.30
29/07/2013 10:45:00,   53.62,   57.38,   48.89,   58.58,   61.36,   54.93
29/07/2013 10:50:00,   54.44,   57.55,   49.73,   59.42,   61.88,   55.41
29/07/2013 10:55:00,   55.19,   58.30,   50.06,   60.73,   64.32,   55.36
29/07/2013 11:00:00,   55.41,   58.33,   50.41,   59.35,   61.75,   54.97
29/07/2013 11:05:00,   56.27,   58.99,   50.91,   63.03,   67.38,   55.96
29/07/2013 11:10:00,   57.91,   60.47,   53.85,   61.31,   64.70,   57.16
29/07/2013 11:15:00,   57.22,   60.26,   52.33,   61.40,   65.09,   56.56
29/07/2013 11:20:00,   57.41,   61.04,   50.58,   63.49,   67.04,   57.14
29/07/2013 11:25:00,   56.77,   59.34,   51.24,   62.00,   64.80,   56.65
29/07/2013 11:30:00,   55.77,   58.78,   50.04,   60.33,   63.29,   54.53
29/07/2013 11:35:00,   57.00,   60.52,   52.27,   61.49,   65.41,   56.49
29/07/2013 11:40:00,   55.42,   58.62,   51.26,   60.16,   62.95,   56.85
29/07/2013 11:45:00,   55.22,   58.20,   50.43,   59.06,   61.71,   55.31
29/07/2013 11:50:00,   56.02,   59.11,   50.31,   60.85,   64.47,   55.18
29/07/2013 11:55:00,   57.25,   60.43,   51.98,   62.12,   66.51,   56.78
29/07/2013 12:00:00,   56.41,   59.28,   50.98,   60.53,   64.18,   55.11
29/07/2013 12:05:00,   55.07,   58.42,   49.74,   60.02,   62.93,   54.64
29/07/2013 12:10:00,   54.32,   58.24,   48.69,   59.57,   63.19,   54.17
29/07/2013 12:15:00,   55.63,   58.98,   51.17,   60.55,   64.21,   56.42
29/07/2013 12:20:00,   55.28,   58.14,   49.76,   59.71,   62.66,   53.96
29/07/2013 12:25:00,   55.59,   57.88,   51.66,   60.12,   63.84,   55.22
29/07/2013 12:30:00,   55.69,   58.88,   50.45,   60.48,   63.69,   55.18
29/07/2013 12:35:00,   55.79,   58.13,   50.79,   59.34,   61.47,   54.77
29/07/2013 12:40:00,   55.82,   58.64,   51.34,   60.54,   63.17,   57.00
29/07/2013 12:45:00,   54.81,   57.94,   50.73,   59.69,   62.50,   55.26
29/07/2013 12:50:00,   55.66,   57.79,   52.40,   59.24,   61.53,   56.91
29/07/2013 12:55:00,   56.37,   58.47,   52.23,   61.57,   65.31,   56.41
29/07/2013 13:00:00,   56.29,   59.12,   52.70,   60.23,   62.70,   56.64
29/07/2013 13:05:00,   56.64,   59.28,   52.57,   61.27,   63.85,   57.62
29/07/2013 13:10:00,   56.45,   58.77,   52.74,   60.10,   61.93,   56.80
29/07/2013 13:15:00,   58.33,   60.72,   54.96,   61.62,   64.26,   58.32
29/07/2013 13:20:00,   60.19,   62.90,   56.47,   62.51,   64.89,   59.01
29/07/2013 13:25:00,   59.92,   63.16,   55.60,   62.54,   64.60,   59.39
29/07/2013 13:30:00,   59.41,   61.82,   55.15,   62.82,   65.78,   58.53
29/07/2013 13:35:00,   58.76,   61.49,   54.65,   62.55,   65.42,   59.04
29/07/2013 13:40:00,   57.61,   60.36,   53.89,   61.19,   63.78,   57.96
29/07/2013 13:45:00,   57.49,   60.13,   53.40,   60.72,   63.27,   57.29
29/07/2013 13:50:00,   62.33,   62.52,   53.21,   64.57,   66.82,   57.09
29/07/2013 13:55:00,   58.02,   60.73,   53.88,   62.34,   64.79,   58.38
29/07/2013 14:00:00,   58.48,   61.40,   54.46,   62.05,   64.00,   58.54
29/07/2013 14:05:00,   56.48,   59.36,   52.46,   61.89,   65.76,   57.25
29/07/2013 14:10:00,   56.24,   59.00,   51.40,   60.78,   63.42,   56.46
29/07/2013 14:15:00,   56.46,   59.82,   52.08,   60.43,   62.92,   56.32
29/07/2013 14:20:00,   64.10,   62.60,   52.71,   66.28,   68.27,   57.45
29/07/2013 14:25:00,   56.39,   59.03,   52.25,   61.13,   63.85,   57.37
29/07/2013 14:30:00,   56.11,   59.01,   51.31,   60.27,   62.91,   55.87
29/07/2013 14:35:00,   55.34,   58.42,   51.28,   60.46,   63.33,   56.01
29/07/2013 14:40:00,   55.82,   58.26,   51.86,   60.20,   62.60,   55.98
29/07/2013 14:45:00,   55.26,   57.96,   51.37,   59.75,   62.37,   55.87
29/07/2013 14:50:00,   55.02,   58.09,   50.56,   58.85,   62.04,   54.48
29/07/2013 14:55:00,   56.22,   58.66,   51.44,   60.79,   63.48,   56.07
29/07/2013 15:00:00,   54.91,   58.37,   49.09,   59.64,   62.68,   54.91
29/07/2013 15:05:00,   54.59,   57.69,   49.94,   58.82,   61.58,   54.29
29/07/2013 15:10:00,   54.79,   57.01,   51.42,   60.06,   62.97,   55.94
29/07/2013 15:15:00,   55.54,   58.18,   51.27,   60.46,   63.19,   55.78
29/07/2013 15:20:00,   64.38,   70.01,   53.04,   64.95,   69.67,   56.06
29/07/2013 15:25:00,   62.32,   64.65,   57.26,   64.26,   66.21,   58.28
29/07/2013 15:30:00,   60.87,   63.78,   56.00,   63.83,   67.19,   58.32
29/07/2013 15:35:00,   58.36,   61.75,   53.96,   61.56,   64.89,   57.54
29/07/2013 15:40:00,   58.74,   62.06,   54.54,   62.09,   65.40,   58.21
29/07/2013 15:45:00,   62.16,   65.18,   57.43,   63.91,   66.40,   60.57
29/07/2013 15:50:00,   59.49,   62.65,   54.58,   61.96,   64.15,   58.00
29/07/2013 15:55:00,   58.97,   61.32,   55.05,   62.66,   64.86,   58.95
29/07/2013 16:00:00,   58.41,   61.26,   54.60,   61.90,   64.45,   58.79
29/07/2013 16:05:00,   57.87,   60.16,   54.29,   61.73,   63.78,   58.53
29/07/2013 16:10:00,   57.11,   60.38,   52.66,   60.51,   63.08,   56.88
29/07/2013 16:15:00,   57.16,   59.67,   53.47,   61.20,   63.73,   57.68
29/07/2013 16:20:00,   56.83,   60.21,   51.63,   61.49,   64.60,   56.58
29/07/2013 16:25:00,   56.81,   59.78,   50.14,   60.80,   63.32,   54.62
29/07/2013 16:30:00,   56.28,   59.38,   51.84,   59.73,   62.46,   55.82
29/07/2013 16:35:00,   57.32,   59.73,   52.63,   60.42,   62.74,   56.50
29/07/2013 16:40:00,   59.61,   61.95,   55.42,   64.19,   67.54,   59.86
29/07/2013 16:45:00,   58.67,   61.37,   54.86,   62.65,   65.48,   58.11
29/07/2013 16:50:00,   57.89,   60.21,   54.73,   62.50,   65.10,   58.67
29/07/2013 16:55:00,   57.57,   60.17,   54.25,   61.34,   63.96,   57.97
29/07/2013 17:00:00,   56.66,   59.61,   52.39,   60.66,   62.89,   56.47
29/07/2013 17:05:00,   56.77,   59.68,   51.58,   59.89,   62.57,   55.60
29/07/2013 17:10:00,   57.58,   59.80,   54.25,   61.35,   63.65,   57.92
29/07/2013 17:15:00,   56.88,   59.41,   52.87,   60.16,   63.26,   55.94
29/07/2013 17:20:00,   58.28,   60.86,   54.59,   61.80,   64.22,   57.96
29/07/2013 17:25:00,   58.20,   60.28,   54.29,   61.47,   63.68,   57.69
29/07/2013 17:30:00,   56.01,   58.57,   52.29,   59.49,   61.94,   55.60
29/07/2013 17:35:00,   56.85,   59.25,   52.20,   59.98,   62.25,   56.26
29/07/2013 17:40:00,   55.76,   58.51,   52.06,   59.86,   62.28,   55.47
29/07/2013 17:45:00,   56.65,   59.08,   52.20,   60.35,   63.21,   55.66
29/07/2013 17:50:00,   56.86,   60.15,   50.87,   61.23,   64.79,   54.37
29/07/2013 17:55:00,   56.09,   59.16,   51.11,   60.38,   62.89,   56.06
29/07/2013 18:00:00,   55.88,   59.11,   50.76,   60.28,   63.86,   55.19
29/07/2013 18:05:00,   56.53,   59.70,   51.32,   61.05,   65.98,   55.23
29/07/2013 18:10:00,   56.34,   59.13,   51.38,   59.55,   62.32,   55.25
29/07/2013 18:15:00,   56.03,   59.51,   51.16,   59.58,   62.41,   55.57
29/07/2013 18:20:00,   57.13,   59.73,   52.07,   60.82,   63.97,   56.50
29/07/2013 18:25:00,   56.63,   59.79,   51.65,   61.13,   63.62,   56.83
29/07/2013 18:30:00,   55.25,   58.29,   50.68,   58.94,   61.43,   55.11
29/07/2013 18:35:00,   55.69,   58.33,   51.23,   58.97,   60.96,   54.99
29/07/2013 18:40:00,   61.55,   64.12,   50.46,   62.81,   64.67,   55.37
29/07/2013 18:45:00,   56.00,   59.28,   51.47,   60.51,   63.38,   55.95
29/07/2013 18:50:00,   56.85,   58.83,   51.62,   60.75,   62.94,   54.61
29/07/2013 18:55:00,   54.31,   58.19,   49.98,   57.91,   61.03,   53.59
29/07/2013 19:00:00,   57.53,   59.04,   51.89,   61.15,   63.47,   56.35
29/07/2013 19:05:00,   55.04,   58.35,   50.05,   59.17,   61.82,   54.45
29/07/2013 19:10:00,   55.25,   57.91,   51.09,   59.47,   62.31,   55.62
29/07/2013 19:15:00,   56.32,   59.06,   51.95,   60.49,   63.15,   56.19
29/07/2013 19:20:00,   56.41,   60.05,   51.48,   60.66,   65.40,   55.12
29/07/2013 19:25:00,   55.65,   58.28,   50.81,   59.49,   62.06,   54.43
29/07/2013 19:30:00,   55.99,   59.07,   50.72,   58.96,   61.77,   54.53
29/07/2013 19:35:00,   56.58,   59.65,   51.59,   60.09,   62.85,   55.24
29/07/2013 19:40:00,   56.73,   59.98,   51.53,   59.91,   63.24,   55.03
29/07/2013 19:45:00,   55.98,   58.79,   51.73,   59.97,   62.93,   55.58
29/07/2013 19:50:00,   57.39,   60.89,   52.42,   60.93,   64.24,   55.89
29/07/2013 19:55:00,   55.68,   59.33,   49.48,   60.03,   63.34,   54.51
29/07/2013 20:00:00,   54.69,   58.16,   50.52,   58.76,   61.70,   53.65
29/07/2013 20:05:00,   55.83,   58.75,   51.47,   60.22,   63.89,   54.73
29/07/2013 20:10:00,   56.80,   59.68,   51.85,   62.93,   68.51,   55.35
29/07/2013 20:15:00,   55.59,   58.53,   50.56,   59.21,   62.33,   54.23
29/07/2013 20:20:00,   55.79,   58.94,   51.41,   59.81,   62.84,   55.69
29/07/2013 20:25:00,   56.31,   59.55,   51.09,   61.52,   66.15,   55.54
29/07/2013 20:30:00,   55.45,   58.48,   51.74,   59.26,   63.32,   55.04
29/07/2013 20:35:00,   56.93,   59.96,   52.02,   60.34,   62.46,   56.53
29/07/2013 20:40:00,   56.69,   60.21,   50.07,   61.47,   65.21,   54.07
29/07/2013 20:45:00,   54.40,   57.30,   49.42,   57.75,   60.77,   53.53
29/07/2013 20:50:00,   54.80,   58.53,   49.97,   57.94,   60.97,   53.82
29/07/2013 20:55:00,   56.68,   59.75,   51.98,   60.60,   64.56,   55.29
29/07/2013 21:00:00,   55.63,   59.82,   49.67,   59.52,   63.34,   53.38
29/07/2013 21:05:00,   54.89,   58.24,   49.61,   60.46,   63.61,   55.42
29/07/2013 21:10:00,   54.08,   57.83,   49.21,   57.36,   60.51,   52.80
29/07/2013 21:15:00,   54.06,   57.91,   49.10,   57.45,   60.50,   53.21
29/07/2013 21:20:00,   54.93,   58.19,   50.89,   58.19,   61.01,   53.95
29/07/2013 21:25:00,   55.11,   58.13,   49.96,   57.98,   60.82,   53.61
29/07/2013 21:30:00,   54.06,   57.76,   49.03,   57.52,   61.03,   53.03
29/07/2013 21:35:00,   54.44,   57.78,   50.11,   57.58,   60.24,   53.54
29/07/2013 21:40:00,   54.42,   58.03,   49.48,   57.91,   61.22,   53.23
29/07/2013 21:45:00,   54.33,   58.28,   49.81,   58.33,   61.94,   53.72
29/07/2013 21:50:00,   53.69,   57.15,   48.97,   56.98,   60.03,   52.81
29/07/2013 21:55:00,   53.62,   57.36,   49.54,   56.35,   59.96,   52.72
29/07/2013 22:00:00,   53.98,   58.24,   48.79,   58.91,   64.12,   52.76
29/07/2013 22:05:00,   54.86,   57.72,   49.72,   58.19,   61.33,   53.24
29/07/2013 22:10:00,   55.52,   59.02,   50.25,   59.31,   63.05,   53.36
29/07/2013 22:15:00,   53.84,   57.43,   48.72,   56.59,   59.56,   53.12
29/07/2013 22:20:00,   52.91,   57.17,   48.13,   55.73,   59.36,   51.41
29/07/2013 22:25:00,   53.53,   57.76,   47.69,   57.48,   60.86,   52.28
29/07/2013 22:30:00,   54.54,   58.53,   48.64,   57.06,   59.74,   52.23
29/07/2013 22:35:00,   54.87,   58.27,   50.06,   58.86,   62.86,   53.53
29/07/2013 22:40:00,   55.20,   59.13,   50.08,   59.08,   63.06,   53.41
29/07/2013 22:45:00,   54.33,   57.59,   48.71,   57.27,   59.94,   52.20
29/07/2013 22:50:00,   52.65,   56.83,   47.04,   55.27,   59.08,   50.41
29/07/2013 22:55:00,   52.25,   57.04,   46.78,   54.67,   58.45,   50.15
29/07/2013 23:00:00,   52.64,   57.02,   46.84,   55.79,   59.86,   50.67
29/07/2013 23:05:00,   51.26,   54.94,   46.11,   55.35,   59.88,   49.97
29/07/2013 23:10:00,   52.82,   57.56,   47.83,   55.36,   59.46,   51.24
29/07/2013 23:15:00,   52.34,   56.61,   46.00,   57.11,   62.46,   50.19
29/07/2013 23:20:00,   51.89,   55.29,   46.26,   55.68,   59.62,   50.35
29/07/2013 23:25:00,   52.03,   56.22,   45.86,   55.33,   58.47,   49.91
29/07/2013 23:30:00,   50.16,   54.51,   46.24,   53.43,   57.12,   49.83
29/07/2013 23:35:00,   50.91,   55.11,   46.67,   53.61,   57.11,   50.06
29/07/2013 23:40:00,   53.15,   57.22,   48.04,   55.54,   59.21,   51.22
29/07/2013 23:45:00,   51.26,   55.91,   45.59,   54.82,   59.25,   49.83
29/07/2013 23:50:00,   51.18,   55.84,   45.64,   53.65,   57.74,   49.02
29/07/2013 23:55:00,   51.71,   55.94,   46.87,   53.99,   57.19,   49.74

