# noise_analysis run from DCC-NOISE-001003 at Sun Dec  8 00:00:00 2013
# Monitoring unit located at 53.342609N 6.340721W
# logfile   = /home/root/noise_analysis.log
# cfg_dir   = /home/root/config
# outputdir = /home/root/noise
# Sensitivity = -26.271103
# Gain = 1.000000
# Time should be in local format (i.e. daylight savings time)
# dd/mm/yyyy hh:mm:ss, A Leq,   A L10,   A L95,   C Leq,   C L10,   C L95
08/12/2013 00:05:00,   56.22,   59.93,   49.04,   58.67,   61.73,   51.52
08/12/2013 00:10:00,   55.09,   59.26,   49.05,   57.54,   61.10,   51.99
08/12/2013 00:15:00,   55.71,   59.60,   49.80,   58.64,   62.27,   52.73
08/12/2013 00:20:00,   56.05,   60.66,   49.06,   57.63,   61.61,   51.49
08/12/2013 00:25:00,   54.65,   58.84,   48.91,   56.91,   60.78,   51.57
08/12/2013 00:30:00,   56.59,   61.42,   50.08,   58.27,   62.57,   52.77
08/12/2013 00:35:00,   54.58,   59.54,   48.23,   56.67,   61.28,   50.67
08/12/2013 00:40:00,   54.68,   58.93,   49.27,   56.61,   60.25,   51.87
08/12/2013 00:45:00,   57.31,   61.60,   49.46,   58.87,   62.48,   52.36
08/12/2013 00:50:00,   55.51,   60.22,   48.77,   57.16,   60.98,   51.41
08/12/2013 00:55:00,   55.31,   59.35,   48.89,   57.20,   60.77,   51.57
08/12/2013 01:00:00,   57.02,   61.21,   49.59,   58.57,   62.69,   52.01
08/12/2013 01:05:00,   58.17,   61.46,   53.29,   60.31,   62.79,   55.56
08/12/2013 01:10:00,   55.42,   59.92,   49.61,   57.26,   61.18,   52.24
08/12/2013 01:15:00,   57.02,   60.61,   50.94,   58.79,   62.13,   53.29
08/12/2013 01:20:00,   55.18,   59.88,   47.91,   57.28,   61.14,   50.87
08/12/2013 01:25:00,   54.39,   58.93,   47.85,   56.44,   60.29,   50.65
08/12/2013 01:30:00,   56.33,   60.53,   49.05,   58.15,   62.13,   51.46
08/12/2013 01:35:00,   55.12,   60.21,   47.92,   57.45,   61.68,   50.44
08/12/2013 01:40:00,   56.67,   61.14,   49.35,   58.45,   62.24,   52.13
08/12/2013 01:45:00,   56.23,   61.13,   49.11,   58.26,   62.65,   51.44
08/12/2013 01:50:00,   55.96,   60.54,   47.89,   57.93,   61.92,   51.22
08/12/2013 01:55:00,   55.86,   60.20,   49.25,   58.09,   61.56,   51.74
08/12/2013 02:00:00,   56.70,   60.79,   47.36,   58.74,   62.82,   50.28
08/12/2013 02:05:00,   55.29,   59.27,   48.77,   57.85,   61.33,   51.89
08/12/2013 02:10:00,   56.60,   60.11,   49.61,   58.29,   61.86,   52.30
08/12/2013 02:15:00,   55.54,   59.56,   49.04,   57.85,   61.33,   52.07
08/12/2013 02:20:00,   55.34,   59.30,   48.02,   57.78,   61.87,   51.06
08/12/2013 02:25:00,   55.44,   59.72,   48.95,   57.76,   62.03,   51.68
08/12/2013 02:30:00,   56.28,   61.22,   48.96,   58.47,   62.82,   52.21
08/12/2013 02:35:00,   59.90,   62.03,   48.35,   61.05,   63.20,   50.92
08/12/2013 02:40:00,   56.76,   61.67,   50.01,   58.29,   62.96,   52.56
08/12/2013 02:45:00,   57.14,   60.96,   50.85,   59.63,   63.38,   53.32
08/12/2013 02:50:00,   55.93,   60.30,   48.40,   58.45,   62.67,   51.54
08/12/2013 02:55:00,   57.41,   61.64,   51.68,   59.85,   63.61,   53.57
08/12/2013 03:00:00,   55.22,   59.79,   49.27,   57.51,   61.59,   52.16
08/12/2013 03:05:00,   53.56,   58.40,   47.32,   55.73,   59.74,   50.39
08/12/2013 03:10:00,   55.49,   60.20,   47.65,   57.45,   61.53,   50.59
08/12/2013 03:15:00,   55.96,   60.88,   49.01,   57.63,   62.34,   51.67
08/12/2013 03:20:00,   56.94,   61.22,   50.40,   59.09,   63.61,   53.03
08/12/2013 03:25:00,   54.57,   59.36,   46.88,   56.83,   61.07,   50.37
08/12/2013 03:30:00,   54.36,   60.03,   47.68,   57.80,   63.12,   50.92
08/12/2013 03:35:00,   54.73,   59.04,   46.62,   56.81,   60.61,   49.53
08/12/2013 03:40:00,   55.20,   59.08,   48.99,   57.96,   61.32,   51.21
08/12/2013 03:45:00,   56.50,   60.48,   49.54,   59.49,   62.78,   52.73
08/12/2013 03:50:00,   53.52,   58.15,   47.12,   56.74,   61.16,   50.54
08/12/2013 03:55:00,   53.73,   58.25,   47.54,   56.78,   60.73,   51.34
08/12/2013 04:00:00,   53.89,   58.90,   47.41,   56.19,   61.12,   50.27
08/12/2013 04:05:00,   55.11,   59.64,   47.22,   57.16,   61.52,   50.75
08/12/2013 04:10:00,   54.85,   58.97,   47.37,   57.59,   60.84,   51.08
08/12/2013 04:15:00,   53.91,   58.81,   47.57,   56.57,   60.59,   50.83
08/12/2013 04:20:00,   54.79,   59.28,   49.03,   58.64,   63.74,   52.44
08/12/2013 04:25:00,   53.44,   58.30,   46.69,   55.87,   59.60,   49.97
08/12/2013 04:30:00,   53.48,   57.90,   47.59,   57.05,   60.19,   51.23
08/12/2013 04:35:00,   53.39,   59.17,   45.86,   57.41,   62.10,   49.10
08/12/2013 04:40:00,   54.57,   59.26,   47.17,   56.60,   60.93,   50.06
08/12/2013 04:45:00,   54.05,   59.34,   46.71,   56.54,   61.41,   49.64
08/12/2013 04:50:00,   52.56,   57.39,   46.48,   55.89,   60.80,   50.01
08/12/2013 04:55:00,   51.95,   57.48,   44.27,   55.38,   59.24,   48.29
08/12/2013 05:00:00,   53.77,   59.64,   44.52,   56.63,   61.14,   48.54
08/12/2013 05:05:00,   52.11,   58.44,   45.51,   55.50,   60.10,   49.63
08/12/2013 05:10:00,   51.54,   56.87,   45.28,   56.19,   61.84,   49.12
08/12/2013 05:15:00,   52.19,   58.44,   45.35,   56.17,   62.00,   48.64
08/12/2013 05:20:00,   52.95,   58.34,   45.79,   55.66,   60.60,   49.00
08/12/2013 05:25:00,   54.20,   59.41,   47.80,   56.32,   61.11,   50.48
08/12/2013 05:30:00,   49.09,   54.47,   43.38,   54.34,   58.81,   47.38
08/12/2013 05:35:00,   54.00,   58.44,   46.54,   55.92,   59.90,   49.43
08/12/2013 05:40:00,   52.38,   58.24,   45.58,   56.16,   61.28,   49.76
08/12/2013 05:45:00,   52.68,   57.98,   44.51,   55.13,   59.62,   48.38
08/12/2013 05:50:00,   53.52,   58.89,   46.82,   55.86,   60.74,   49.96
08/12/2013 05:55:00,   51.31,   57.19,   44.69,   55.19,   60.28,   48.60
08/12/2013 06:00:00,   51.00,   56.76,   45.33,   53.64,   58.55,   48.96
08/12/2013 06:05:00,   51.41,   57.08,   43.91,   54.35,   58.86,   48.37
08/12/2013 06:10:00,   52.71,   58.39,   45.15,   57.13,   63.04,   49.82
08/12/2013 06:15:00,   51.49,   55.86,   45.67,   55.88,   60.50,   49.52
08/12/2013 06:20:00,   49.33,   53.41,   43.88,   52.76,   56.86,   47.72
08/12/2013 06:25:00,   52.09,   56.15,   46.64,   55.86,   59.78,   50.44
08/12/2013 06:30:00,   51.69,   56.18,   45.74,   54.49,   58.59,   49.06
08/12/2013 06:35:00,   55.14,   59.97,   47.72,   57.36,   61.62,   50.72
08/12/2013 06:40:00,   54.69,   58.54,   48.81,   58.25,   61.46,   51.87
08/12/2013 06:45:00,   53.35,   58.27,   47.02,   56.61,   60.94,   50.85
08/12/2013 06:50:00,   54.16,   59.50,   47.99,   57.93,   62.47,   51.83
08/12/2013 06:55:00,   55.12,   60.63,   48.00,   58.71,   63.09,   51.74
08/12/2013 07:00:00,   53.66,   58.42,   47.84,   58.16,   62.75,   51.57
08/12/2013 07:05:00,   56.00,   61.21,   48.79,   60.78,   65.29,   53.10
08/12/2013 07:10:00,   55.21,   61.22,   47.69,   59.90,   65.70,   52.34
08/12/2013 07:15:00,   52.72,   57.41,   46.69,   57.47,   62.14,   51.29
08/12/2013 07:20:00,   54.99,   60.40,   48.67,   57.30,   61.50,   52.38
08/12/2013 07:25:00,   53.07,   57.48,   45.86,   58.08,   63.44,   49.97
08/12/2013 07:30:00,   53.97,   58.65,   48.10,   57.36,   60.63,   52.24
08/12/2013 07:35:00,   55.48,   59.75,   49.50,   58.57,   62.61,   53.09
08/12/2013 07:40:00,   54.69,   59.45,   49.10,   57.83,   61.09,   52.61
08/12/2013 07:45:00,   55.26,   59.39,   49.84,   58.59,   62.23,   53.54
08/12/2013 07:50:00,   56.50,   60.23,   50.46,   60.33,   63.99,   54.05
08/12/2013 07:55:00,   54.63,   59.25,   48.37,   57.00,   60.96,   51.52
08/12/2013 08:00:00,   54.64,   59.25,   47.89,   58.87,   63.82,   52.85
08/12/2013 08:05:00,   54.99,   60.45,   49.08,   57.39,   62.74,   52.27
08/12/2013 08:10:00,   54.62,   59.29,   49.04,   57.43,   61.73,   51.74
08/12/2013 08:15:00,   54.34,   59.02,   48.29,   56.30,   60.92,   51.08
08/12/2013 08:20:00,   54.58,   59.48,   48.53,   56.43,   60.83,   51.20
08/12/2013 08:25:00,   54.17,   58.02,   48.65,   56.99,   60.67,   51.36
08/12/2013 08:30:00,   54.38,   57.57,   49.09,   56.53,   59.42,   52.24
08/12/2013 08:35:00,   54.97,   60.10,   49.78,   59.80,   65.09,   52.85
08/12/2013 08:40:00,   55.74,   60.11,   50.75,   58.38,   62.15,   53.47
08/12/2013 08:45:00,   56.49,   59.36,   51.61,   57.93,   60.92,   54.03
08/12/2013 08:50:00,   60.33,   62.65,   56.55,   60.79,   63.29,   57.45
08/12/2013 08:55:00,   58.60,   61.46,   52.26,   60.27,   63.09,   54.29
08/12/2013 09:00:00,   58.11,   61.25,   53.63,   60.05,   62.61,   55.73
08/12/2013 09:05:00,   56.59,   60.84,   50.97,   59.78,   63.49,   53.84
08/12/2013 09:10:00,   58.59,   62.03,   52.79,   60.80,   63.93,   54.63
08/12/2013 09:15:00,   57.50,   60.56,   52.84,   59.30,   62.24,   55.55
08/12/2013 09:20:00,   56.65,   60.87,   51.45,   58.86,   62.59,   54.86
08/12/2013 09:25:00,   59.18,   62.22,   53.25,   61.39,   64.36,   55.95
08/12/2013 09:30:00,   58.42,   61.23,   53.67,   62.77,   67.00,   56.05
08/12/2013 09:35:00,   57.82,   61.05,   53.73,   59.99,   62.61,   55.86
08/12/2013 09:40:00,   58.14,   61.84,   53.62,   60.99,   64.45,   56.45
08/12/2013 09:45:00,   58.85,   62.00,   53.44,   61.98,   65.15,   56.35
08/12/2013 09:50:00,   57.70,   60.43,   53.90,   61.17,   64.28,   57.18
08/12/2013 09:55:00,   58.86,   61.90,   53.98,   61.62,   64.42,   56.96
08/12/2013 10:00:00,   58.63,   61.47,   54.77,   61.46,   63.72,   57.79
08/12/2013 10:05:00,   59.27,   62.09,   54.97,   63.75,   66.84,   58.90
08/12/2013 10:10:00,   58.01,   61.28,   53.67,   62.02,   65.29,   57.21
08/12/2013 10:15:00,   57.73,   60.82,   53.59,   61.11,   63.45,   56.97
08/12/2013 10:20:00,   59.78,   62.30,   55.85,   63.67,   66.21,   59.47
08/12/2013 10:25:00,   59.56,   62.19,   55.54,   61.58,   63.64,   58.30
08/12/2013 10:30:00,   57.69,   60.84,   53.12,   62.06,   65.91,   56.09
08/12/2013 10:35:00,   58.38,   61.09,   53.78,   61.34,   64.03,   56.72
08/12/2013 10:40:00,   58.07,   60.36,   54.92,   61.83,   64.04,   57.93
08/12/2013 10:45:00,   58.20,   60.56,   54.95,   62.65,   66.65,   58.01
08/12/2013 10:50:00,   58.93,   61.82,   55.41,   62.45,   64.97,   58.91
08/12/2013 10:55:00,   58.95,   61.54,   55.03,   64.26,   66.99,   58.53
08/12/2013 11:00:00,   58.83,   61.45,   54.42,   62.47,   66.05,   57.61
08/12/2013 11:05:00,   59.62,   61.78,   56.08,   63.68,   65.52,   59.39
08/12/2013 11:10:00,   59.80,   62.89,   56.20,   63.09,   65.70,   58.77
08/12/2013 11:15:00,   59.14,   61.50,   54.77,   62.68,   66.16,   57.73
08/12/2013 11:20:00,   60.05,   62.86,   56.49,   62.29,   64.52,   59.02
08/12/2013 11:25:00,   61.13,   63.48,   56.55,   64.43,   66.90,   59.19
08/12/2013 11:30:00,   61.02,   63.33,   56.55,   64.81,   68.27,   59.78
08/12/2013 11:35:00,   60.80,   63.19,   57.05,   64.71,   67.20,   60.05
08/12/2013 11:40:00,   60.39,   62.95,   55.72,   66.92,   70.84,   59.82
08/12/2013 11:45:00,   60.72,   63.30,   57.60,   65.31,   68.22,   61.24
08/12/2013 11:50:00,   62.03,   63.86,   59.17,   66.48,   69.66,   61.83
08/12/2013 11:55:00,   59.85,   62.14,   56.18,   64.52,   67.52,   59.32
08/12/2013 12:00:00,   60.80,   63.18,   56.91,   66.30,   71.06,   60.30
08/12/2013 12:05:00,   59.50,   61.64,   56.28,   63.65,   66.60,   60.19
08/12/2013 12:10:00,   60.81,   62.79,   57.34,   67.16,   72.40,   60.34
08/12/2013 12:15:00,   60.28,   62.33,   56.57,   65.63,   69.72,   59.47
08/12/2013 12:20:00,   60.00,   62.19,   56.49,   64.23,   67.04,   59.90
08/12/2013 12:25:00,   59.90,   61.70,   57.17,   63.91,   66.71,   59.83
08/12/2013 12:30:00,   60.13,   62.34,   56.56,   64.61,   68.56,   59.60
08/12/2013 12:35:00,   59.62,   62.18,   56.69,   63.05,   65.20,   59.49
08/12/2013 12:40:00,   59.64,   62.18,   56.85,   63.95,   66.45,   59.95
08/12/2013 12:45:00,   60.31,   62.26,   56.45,   64.43,   66.88,   59.28
08/12/2013 12:50:00,   63.70,   64.76,   60.33,   64.43,   66.06,   61.18
08/12/2013 12:55:00,   62.73,   64.65,   59.67,   64.67,   66.95,   61.19
08/12/2013 13:00:00,   61.41,   63.30,   57.93,   64.23,   66.43,   60.77
08/12/2013 13:05:00,   60.59,   62.65,   57.62,   64.36,   68.00,   59.89
08/12/2013 13:10:00,   61.78,   63.75,   58.39,   63.71,   65.84,   60.31
08/12/2013 13:15:00,   60.30,   62.42,   57.16,   62.27,   64.09,   59.52
08/12/2013 13:20:00,   60.66,   62.61,   57.47,   63.55,   65.94,   59.75
08/12/2013 13:25:00,   60.16,   62.35,   56.43,   63.89,   66.30,   59.94
08/12/2013 13:30:00,   59.86,   62.30,   56.26,   63.08,   65.82,   58.88
08/12/2013 13:35:00,   62.19,   63.90,   59.90,   64.48,   67.04,   61.00
08/12/2013 13:40:00,   60.63,   62.63,   57.52,   63.94,   66.67,   60.12
08/12/2013 13:45:00,   60.29,   61.78,   57.89,   63.32,   65.25,   60.59
08/12/2013 13:50:00,   59.93,   62.30,   56.07,   63.26,   65.40,   58.83
08/12/2013 13:55:00,   59.66,   61.78,   56.66,   64.61,   67.54,   59.64
08/12/2013 14:00:00,   60.16,   61.60,   57.48,   63.44,   65.26,   59.83
08/12/2013 14:05:00,   59.54,   61.77,   55.45,   62.98,   64.98,   59.16
08/12/2013 14:10:00,   59.80,   61.91,   56.85,   63.03,   65.33,   59.68
08/12/2013 14:15:00,   59.67,   61.95,   56.12,   63.65,   67.04,   58.90
08/12/2013 14:20:00,   60.54,   62.36,   57.04,   63.40,   65.59,   59.47
08/12/2013 14:25:00,   60.98,   62.81,   57.16,   63.36,   65.20,   59.91
08/12/2013 14:30:00,   59.99,   61.83,   57.32,   62.36,   64.48,   59.52
08/12/2013 14:35:00,   60.73,   63.00,   57.60,   63.42,   65.12,   60.08
08/12/2013 14:40:00,   61.37,   63.27,   59.13,   63.39,   65.22,   60.58
08/12/2013 14:45:00,   62.33,   63.75,   59.80,   63.74,   64.98,   60.89
08/12/2013 14:50:00,   61.14,   62.85,   58.13,   63.39,   65.58,   59.98
08/12/2013 14:55:00,   59.70,   61.96,   56.69,   62.42,   65.14,   58.68
08/12/2013 15:00:00,   59.62,   62.13,   56.23,   62.74,   64.23,   59.49
08/12/2013 15:05:00,   60.66,   63.33,   56.35,   63.80,   67.26,   59.29
08/12/2013 15:10:00,   59.70,   61.83,   56.17,   63.46,   65.23,   59.82
08/12/2013 15:15:00,   60.90,   62.94,   57.17,   63.23,   65.17,   60.20
08/12/2013 15:20:00,   62.70,   64.12,   60.19,   64.94,   66.37,   61.44
08/12/2013 15:25:00,   62.01,   63.70,   58.15,   64.41,   66.40,   60.76
08/12/2013 15:30:00,   61.92,   63.62,   59.76,   63.80,   65.97,   61.37
08/12/2013 15:35:00,   60.68,   62.96,   56.12,   63.88,   66.08,   60.16
08/12/2013 15:40:00,   59.82,   61.49,   56.17,   64.30,   66.84,   59.71
08/12/2013 15:45:00,   59.35,   62.02,   55.24,   62.81,   65.16,   59.16
08/12/2013 15:50:00,   59.56,   61.79,   56.26,   63.36,   65.80,   60.20
08/12/2013 15:55:00,   59.37,   61.73,   55.56,   63.95,   67.55,   59.02
08/12/2013 16:00:00,   59.32,   61.61,   55.90,   62.81,   65.33,   59.31
08/12/2013 16:05:00,   60.11,   62.26,   54.44,   64.24,   67.17,   58.75
08/12/2013 16:10:00,   59.10,   61.33,   55.46,   62.41,   64.34,   59.01
08/12/2013 16:15:00,   60.10,   62.43,   55.53,   65.68,   69.33,   59.05
08/12/2013 16:20:00,   59.63,   61.82,   55.89,   64.19,   67.21,   59.28
08/12/2013 16:25:00,   60.50,   62.79,   56.10,   66.94,   71.63,   59.74
08/12/2013 16:30:00,   58.77,   61.65,   55.04,   62.43,   64.89,   58.24
08/12/2013 16:35:00,   58.48,   60.74,   54.91,   63.13,   66.23,   59.15
08/12/2013 16:40:00,   58.96,   61.54,   55.32,   64.04,   66.98,   59.20
08/12/2013 16:45:00,   60.31,   62.69,   56.48,   65.37,   68.73,   60.37
08/12/2013 16:50:00,   58.32,   61.08,   54.87,   62.90,   66.34,   58.12
08/12/2013 16:55:00,   58.63,   60.68,   54.99,   62.84,   65.13,   58.66
08/12/2013 17:00:00,   59.31,   61.73,   55.84,   62.69,   64.73,   59.19
08/12/2013 17:05:00,   58.71,   61.28,   55.45,   62.59,   65.36,   58.45
08/12/2013 17:10:00,   59.09,   61.50,   55.59,   63.52,   66.33,   59.74
08/12/2013 17:15:00,   59.12,   61.20,   54.60,   62.42,   64.49,   58.64
08/12/2013 17:20:00,   58.24,   60.64,   55.40,   63.16,   67.00,   58.87
08/12/2013 17:25:00,   58.45,   60.86,   54.90,   62.57,   65.26,   58.82
08/12/2013 17:30:00,   59.63,   61.42,   56.33,   63.81,   66.78,   59.60
08/12/2013 17:35:00,   58.41,   60.95,   54.45,   62.40,   65.67,   57.70
08/12/2013 17:40:00,   59.02,   61.75,   55.35,   62.73,   65.90,   58.47
08/12/2013 17:45:00,   58.85,   61.05,   55.70,   62.46,   65.00,   58.82
08/12/2013 17:50:00,   59.10,   61.79,   55.30,   63.04,   66.48,   58.96
08/12/2013 17:55:00,   59.39,   61.92,   55.32,   63.71,   66.91,   58.93
08/12/2013 18:00:00,   59.54,   61.96,   56.02,   63.68,   66.14,   59.31
08/12/2013 18:05:00,   59.30,   61.49,   56.18,   62.87,   65.47,   59.26
08/12/2013 18:10:00,   59.07,   61.47,   55.00,   62.76,   64.41,   59.16
08/12/2013 18:15:00,   58.77,   60.86,   54.89,   62.24,   64.58,   58.18
08/12/2013 18:20:00,   58.92,   61.57,   55.25,   62.92,   66.64,   58.18
08/12/2013 18:25:00,   59.27,   61.99,   54.84,   62.92,   66.77,   58.42
08/12/2013 18:30:00,   59.39,   62.08,   55.95,   63.17,   65.49,   59.10
08/12/2013 18:35:00,   59.28,   61.60,   54.07,   63.16,   66.39,   57.87
08/12/2013 18:40:00,   59.16,   61.57,   55.22,   62.84,   65.57,   59.51
08/12/2013 18:45:00,   58.51,   60.54,   55.89,   61.55,   63.43,   58.72
08/12/2013 18:50:00,   58.58,   61.49,   55.07,   62.27,   65.56,   58.16
08/12/2013 18:55:00,   58.32,   60.64,   55.05,   61.96,   65.05,   58.27
08/12/2013 19:00:00,   59.71,   62.08,   55.41,   62.76,   64.85,   58.83
08/12/2013 19:05:00,   58.67,   61.35,   53.65,   61.74,   64.08,   56.48
08/12/2013 19:10:00,   59.11,   61.51,   55.94,   63.17,   65.70,   58.99
08/12/2013 19:15:00,   58.90,   61.02,   55.73,   62.09,   64.19,   58.43
08/12/2013 19:20:00,   57.84,   60.68,   54.05,   61.46,   64.22,   57.18
08/12/2013 19:25:00,   58.93,   60.81,   55.41,   62.29,   64.82,   58.15
08/12/2013 19:30:00,   58.20,   60.62,   53.88,   61.23,   63.44,   57.67
08/12/2013 19:35:00,   62.98,   68.61,   54.39,   66.41,   72.77,   57.68
08/12/2013 19:40:00,   58.80,   61.01,   53.89,   62.87,   66.17,   57.67
08/12/2013 19:45:00,   58.60,   61.46,   54.33,   61.55,   63.50,   57.32
08/12/2013 19:50:00,   58.72,   61.18,   54.08,   61.56,   63.74,   56.93
08/12/2013 19:55:00,   60.67,   62.42,   52.79,   63.55,   66.19,   55.62
08/12/2013 20:00:00,   59.85,   62.31,   53.62,   62.88,   66.42,   56.75
08/12/2013 20:05:00,   57.42,   59.32,   54.09,   60.54,   62.28,   57.25
08/12/2013 20:10:00,   59.58,   63.55,   53.96,   63.49,   69.16,   57.22
08/12/2013 20:15:00,   58.95,   61.61,   54.80,   62.68,   65.11,   58.16
08/12/2013 20:20:00,   58.35,   61.30,   54.12,   61.82,   65.36,   57.44
08/12/2013 20:25:00,   58.35,   61.39,   54.93,   62.05,   64.89,   57.96
08/12/2013 20:30:00,   58.48,   61.07,   54.18,   61.31,   64.11,   57.35
08/12/2013 20:35:00,   57.93,   60.77,   53.71,   60.74,   63.27,   57.05
08/12/2013 20:40:00,   59.73,   62.28,   55.15,   64.62,   68.80,   58.37
08/12/2013 20:45:00,   58.35,   61.86,   52.90,   62.47,   66.03,   56.31
08/12/2013 20:50:00,   57.86,   61.32,   53.61,   62.04,   66.07,   57.31
08/12/2013 20:55:00,   58.34,   61.41,   53.16,   61.59,   64.40,   57.35
08/12/2013 21:00:00,   57.39,   61.00,   53.43,   60.40,   63.43,   56.75
08/12/2013 21:05:00,   58.07,   61.18,   53.69,   61.47,   64.66,   56.99
08/12/2013 21:10:00,   58.19,   61.03,   53.87,   62.05,   65.28,   57.51
08/12/2013 21:15:00,   57.68,   60.55,   53.57,   61.61,   64.65,   56.87
08/12/2013 21:20:00,   58.21,   60.81,   53.18,   61.96,   65.51,   55.99
08/12/2013 21:25:00,   58.66,   61.56,   53.10,   64.54,   68.69,   57.05
08/12/2013 21:30:00,   56.99,   60.93,   52.14,   62.41,   67.99,   55.45
08/12/2013 21:35:00,   57.61,   60.89,   53.09,   61.28,   64.59,   56.80
08/12/2013 21:40:00,   57.43,   60.62,   53.08,   62.64,   65.21,   56.62
08/12/2013 21:45:00,   57.80,   60.90,   53.46,   62.98,   64.90,   56.88
08/12/2013 21:50:00,   56.10,   59.83,   51.39,   59.85,   63.18,   55.09
08/12/2013 21:55:00,   56.26,   59.48,   51.90,   60.64,   63.47,   55.60
08/12/2013 22:00:00,   56.46,   60.05,   51.77,   60.52,   63.65,   55.28
08/12/2013 22:05:00,   58.08,   61.82,   52.33,   63.15,   68.67,   56.00
08/12/2013 22:10:00,   56.90,   60.17,   51.83,   60.75,   63.40,   55.44
08/12/2013 22:15:00,   57.70,   60.04,   54.23,   61.89,   64.01,   57.59
08/12/2013 22:20:00,   57.02,   60.27,   51.50,   60.30,   63.68,   54.00
08/12/2013 22:25:00,   55.20,   58.88,   50.20,   59.77,   62.99,   53.62
08/12/2013 22:30:00,   56.12,   60.02,   50.65,   60.69,   63.96,   53.85
08/12/2013 22:35:00,   57.22,   60.75,   52.71,   62.57,   65.88,   55.85
08/12/2013 22:40:00,   56.97,   60.33,   50.12,   61.32,   64.00,   53.26
08/12/2013 22:45:00,   56.85,   61.13,   51.26,   60.73,   65.11,   54.55
08/12/2013 22:50:00,   55.46,   59.03,   50.32,   59.42,   62.76,   54.10
08/12/2013 22:55:00,   56.12,   59.71,   51.28,   60.64,   64.96,   54.65
08/12/2013 23:00:00,   55.55,   58.46,   50.81,   59.61,   62.60,   53.92
08/12/2013 23:05:00,   57.66,   61.20,   51.49,   61.89,   65.77,   55.08
08/12/2013 23:10:00,   54.54,   58.32,   49.57,   58.24,   62.16,   52.89
08/12/2013 23:15:00,   57.30,   61.30,   50.54,   60.65,   64.47,   55.48
08/12/2013 23:20:00,   56.44,   60.31,   50.63,   62.31,   66.13,   54.63
08/12/2013 23:25:00,   55.97,   60.01,   50.41,   59.22,   63.48,   53.60
08/12/2013 23:30:00,   54.99,   59.15,   49.90,   58.32,   62.05,   53.65
08/12/2013 23:35:00,   55.60,   60.16,   48.79,   59.54,   64.28,   52.27
08/12/2013 23:40:00,   53.79,   57.31,   48.39,   58.57,   62.50,   52.17
08/12/2013 23:45:00,   55.36,   59.72,   49.29,   58.96,   62.69,   52.24
08/12/2013 23:50:00,   55.15,   59.10,   49.38,   59.53,   63.34,   52.39
08/12/2013 23:55:00,   55.92,   59.92,   48.89,   59.49,   63.17,   52.87

