# noise_analysis run from DCC-NOISE-001003 at Mon Jan  7 00:00:00 2013
# Monitoring unit located at 53.342609N 6.340721W
# logfile   = /home/root/noise_analysis.log
# cfg_dir   = /home/root/config
# outputdir = /home/root/noise
# Sensitivity = -25.869366
# Gain = 1.000000
# Time should be in local format (i.e. daylight savings time)
# dd/mm/yyyy hh:mm:ss, A Leq,   A L10,   A L95,   C Leq,   C L10,   C L95
07/01/2013 00:05:00,   52.27,   57.92,   42.26,   55.82,   61.04,   46.38
07/01/2013 00:10:00,   53.01,   58.71,   43.53,   54.54,   59.41,   46.86
07/01/2013 00:15:00,   52.33,   58.06,   42.74,   54.08,   59.78,   45.39
07/01/2013 00:20:00,   54.28,   59.67,   44.28,   55.77,   60.80,   47.38
07/01/2013 00:25:00,   52.70,   57.87,   43.16,   54.08,   59.11,   46.29
07/01/2013 00:30:00,   53.99,   59.03,   42.99,   55.85,   60.80,   45.32
07/01/2013 00:35:00,   54.78,   59.06,   45.38,   56.89,   60.93,   47.68
07/01/2013 00:40:00,   53.40,   59.06,   43.80,   55.45,   60.05,   47.84
07/01/2013 00:45:00,   54.22,   59.23,   45.71,   57.23,   61.71,   48.90
07/01/2013 00:50:00,   52.32,   57.58,   43.27,   55.33,   60.21,   46.59
07/01/2013 00:55:00,   51.84,   56.94,   43.42,   54.55,   59.49,   46.49
07/01/2013 01:00:00,   52.88,   58.54,   44.45,   55.31,   60.40,   47.16
07/01/2013 01:05:00,   52.25,   57.45,   43.59,   53.70,   58.24,   46.70
07/01/2013 01:10:00,   50.24,   55.67,   39.13,   51.99,   56.93,   42.22
07/01/2013 01:15:00,   51.98,   58.15,   42.31,   53.69,   59.10,   44.57
07/01/2013 01:20:00,   52.59,   59.42,   43.55,   53.74,   60.02,   45.29
07/01/2013 01:25:00,   52.95,   58.49,   41.99,   54.20,   59.34,   45.51
07/01/2013 01:30:00,   50.35,   58.15,   40.15,   51.39,   58.71,   42.50
07/01/2013 01:35:00,   50.33,   56.46,   40.62,   51.70,   57.62,   42.85
07/01/2013 01:40:00,   47.61,   54.78,   38.85,   49.14,   55.81,   41.14
07/01/2013 01:45:00,   50.97,   57.48,   41.08,   52.49,   58.71,   43.50
07/01/2013 01:50:00,   50.10,   57.64,   38.37,   51.60,   58.29,   41.93
07/01/2013 01:55:00,   48.66,   56.31,   38.12,   49.77,   57.41,   40.90
07/01/2013 02:00:00,   47.76,   53.46,   39.53,   48.39,   54.55,   40.66
07/01/2013 02:05:00,   47.54,   55.09,   37.04,   48.67,   55.85,   39.33
07/01/2013 02:10:00,   46.28,   53.84,   37.19,   47.63,   55.35,   39.47
07/01/2013 02:15:00,   47.86,   55.94,   40.14,   48.49,   56.78,   40.41
07/01/2013 02:20:00,   48.43,   55.24,   40.26,   49.87,   57.27,   41.03
07/01/2013 02:25:00,   47.96,   55.14,   38.29,   49.22,   56.04,   39.38
07/01/2013 02:30:00,   44.99,   52.73,   36.58,   47.63,   54.21,   39.57
07/01/2013 02:35:00,   46.37,   52.94,   38.36,   47.29,   54.06,   39.68
07/01/2013 02:40:00,   42.63,   45.38,   38.18,   43.99,   46.87,   39.11
07/01/2013 02:45:00,   47.65,   55.53,   38.34,   48.70,   56.60,   39.93
07/01/2013 02:50:00,   44.57,   50.46,   36.46,   45.75,   51.24,   38.74
07/01/2013 02:55:00,   49.97,   58.41,   36.36,   50.98,   58.78,   39.39
07/01/2013 03:00:00,   48.08,   56.35,   37.33,   48.88,   56.69,   40.14
07/01/2013 03:05:00,   41.30,   45.16,   35.79,   44.52,   47.47,   41.31
07/01/2013 03:10:00,   43.67,   51.12,   35.10,   45.80,   51.85,   39.93
07/01/2013 03:15:00,   43.70,   49.63,   35.17,   45.29,   50.44,   38.99
07/01/2013 03:20:00,   40.14,   39.81,   35.16,   43.48,   43.43,   39.47
07/01/2013 03:25:00,   41.97,   46.69,   36.46,   44.89,   50.09,   40.56
07/01/2013 03:30:00,   44.97,   51.68,   36.34,   47.46,   55.02,   40.24
07/01/2013 03:35:00,   42.48,   44.78,   36.39,   44.82,   47.46,   40.08
07/01/2013 03:40:00,   46.73,   54.32,   37.55,   48.20,   55.42,   40.31
07/01/2013 03:45:00,   40.17,   43.23,   35.47,   42.72,   45.43,   39.54
07/01/2013 03:50:00,   41.60,   42.20,   36.33,   43.65,   43.41,   40.15
07/01/2013 03:55:00,   48.67,   56.91,   36.70,   50.14,   56.88,   39.79
07/01/2013 04:00:00,   43.82,   47.21,   37.38,   45.91,   48.39,   40.76
07/01/2013 04:05:00,   37.06,   39.53,   34.51,   41.46,   42.83,   39.93
07/01/2013 04:10:00,   42.92,   48.93,   35.39,   45.95,   51.97,   40.48
07/01/2013 04:15:00,   43.98,   51.08,   35.80,   46.43,   52.41,   40.59
07/01/2013 04:20:00,   47.47,   54.49,   37.35,   49.97,   56.18,   42.56
07/01/2013 04:25:00,   42.79,   48.59,   35.86,   45.72,   50.46,   40.95
07/01/2013 04:30:00,   41.24,   43.48,   35.20,   46.20,   48.99,   40.63
07/01/2013 04:35:00,   42.64,   48.37,   36.93,   45.81,   50.09,   41.88
07/01/2013 04:40:00,   46.73,   54.81,   38.59,   48.85,   55.70,   43.20
07/01/2013 04:45:00,   44.44,   51.08,   38.48,   48.38,   54.05,   43.85
07/01/2013 04:50:00,   44.99,   48.30,   40.05,   51.34,   57.32,   44.87
07/01/2013 04:55:00,   44.64,   50.34,   39.13,   48.80,   53.32,   43.91
07/01/2013 05:00:00,   44.17,   47.68,   39.36,   47.38,   51.56,   43.48
07/01/2013 05:05:00,   46.93,   53.75,   40.33,   49.46,   55.10,   45.02
07/01/2013 05:10:00,   43.60,   48.92,   38.70,   47.30,   51.33,   43.91
07/01/2013 05:15:00,   47.85,   54.15,   39.71,   50.63,   55.55,   44.75
07/01/2013 05:20:00,   48.56,   56.03,   41.36,   52.40,   58.22,   46.51
07/01/2013 05:25:00,   43.18,   44.78,   40.89,   47.56,   48.26,   45.81
07/01/2013 05:30:00,   50.75,   57.23,   41.23,   53.26,   59.10,   45.87
07/01/2013 05:35:00,   50.50,   58.44,   41.68,   54.70,   59.66,   46.39
07/01/2013 05:40:00,   47.62,   55.27,   40.99,   50.90,   56.86,   45.70
07/01/2013 05:45:00,   49.82,   56.05,   41.23,   52.37,   57.59,   46.00
07/01/2013 05:50:00,   50.41,   56.44,   42.51,   53.79,   59.17,   46.86
07/01/2013 05:55:00,   52.45,   59.90,   42.26,   54.19,   60.50,   46.77
07/01/2013 06:00:00,   50.25,   55.78,   42.80,   52.98,   57.43,   47.83
07/01/2013 06:05:00,   52.72,   58.05,   44.08,   55.18,   60.02,   48.55
07/01/2013 06:10:00,   52.99,   57.81,   45.85,   55.72,   60.25,   50.58
07/01/2013 06:15:00,   53.57,   60.26,   44.92,   56.72,   62.36,   49.71
07/01/2013 06:20:00,   52.82,   58.11,   44.86,   55.59,   59.97,   49.45
07/01/2013 06:25:00,   53.25,   57.72,   46.00,   55.78,   59.99,   49.96
07/01/2013 06:30:00,   52.86,   58.27,   44.78,   55.97,   60.74,   49.21
07/01/2013 06:35:00,   53.80,   59.60,   45.82,   56.52,   61.50,   50.09
07/01/2013 06:40:00,   52.64,   57.01,   45.45,   55.38,   59.49,   50.04
07/01/2013 06:45:00,   52.96,   57.64,   47.47,   56.28,   59.56,   51.81
07/01/2013 06:50:00,   56.06,   61.13,   48.98,   58.81,   63.11,   53.19
07/01/2013 06:55:00,   54.24,   58.73,   48.71,   57.28,   61.70,   52.49
07/01/2013 07:00:00,   56.44,   61.54,   50.01,   59.18,   63.48,   54.00
07/01/2013 07:05:00,   56.50,   60.00,   52.31,   58.52,   61.39,   55.09
07/01/2013 07:10:00,   56.78,   59.59,   52.88,   59.85,   62.19,   56.35
07/01/2013 07:15:00,   57.04,   61.12,   51.67,   59.59,   63.34,   55.33
07/01/2013 07:20:00,   57.27,   60.58,   54.02,   59.92,   63.01,   56.96
07/01/2013 07:25:00,   58.55,   62.50,   54.16,   62.29,   66.06,   57.30
07/01/2013 07:30:00,   57.60,   61.32,   52.91,   60.40,   63.89,   56.28
07/01/2013 07:35:00,   58.03,   61.55,   53.44,   60.64,   63.53,   56.70
07/01/2013 07:40:00,   58.61,   61.57,   53.70,   61.51,   65.06,   56.67
07/01/2013 07:45:00,   57.95,   61.17,   52.81,   60.27,   63.05,   56.62
07/01/2013 07:50:00,   58.12,   61.48,   53.86,   60.97,   63.47,   57.65
07/01/2013 07:55:00,   58.15,   61.44,   53.36,   61.07,   64.27,   56.55
07/01/2013 08:00:00,   59.24,   63.13,   54.00,   62.62,   66.02,   57.96
07/01/2013 08:05:00,   58.75,   61.86,   53.52,   61.40,   64.13,   57.23
07/01/2013 08:10:00,   57.48,   60.80,   53.27,   60.02,   62.86,   56.62
07/01/2013 08:15:00,   57.96,   61.63,   53.54,   61.93,   64.99,   57.96
07/01/2013 08:20:00,   58.71,   62.02,   53.18,   62.92,   65.92,   58.44
07/01/2013 08:25:00,   57.15,   60.72,   52.86,   61.78,   64.52,   57.69
07/01/2013 08:30:00,   56.47,   59.17,   52.99,   61.08,   63.41,   58.16
07/01/2013 08:35:00,   58.26,   61.42,   54.77,   63.07,   65.72,   59.56
07/01/2013 08:40:00,   57.60,   59.60,   54.29,   61.66,   63.47,   58.56
07/01/2013 08:45:00,   57.96,   60.88,   54.15,   62.17,   64.97,   58.62
07/01/2013 08:50:00,   57.72,   59.92,   55.00,   61.69,   63.64,   59.49
07/01/2013 08:55:00,   61.77,   64.19,   55.88,   65.99,   68.43,   60.56
07/01/2013 09:00:00,   59.28,   61.69,   55.11,   62.73,   64.75,   59.42
07/01/2013 09:05:00,   58.41,   60.61,   54.83,   62.34,   64.48,   59.53
07/01/2013 09:10:00,   59.66,   62.40,   55.61,   63.12,   65.15,   59.81
07/01/2013 09:15:00,   60.09,   62.99,   56.25,   63.33,   65.80,   60.16
07/01/2013 09:20:00,   59.15,   62.32,   54.34,   62.58,   65.96,   57.78
07/01/2013 09:25:00,   59.13,   62.21,   53.62,   61.79,   64.41,   57.87
07/01/2013 09:30:00,   59.58,   62.03,   54.46,   62.18,   64.49,   58.09
07/01/2013 09:35:00,   59.23,   62.27,   54.40,   62.70,   65.44,   58.11
07/01/2013 09:40:00,   58.75,   62.47,   54.17,   62.34,   65.53,   58.09
07/01/2013 09:45:00,   58.06,   61.55,   53.49,   60.92,   63.72,   56.93
07/01/2013 09:50:00,   59.20,   61.78,   54.66,   61.94,   64.32,   58.72
07/01/2013 09:55:00,   60.51,   63.77,   54.48,   64.40,   68.19,   57.69
07/01/2013 10:00:00,   59.08,   62.11,   55.17,   62.10,   64.54,   59.57
07/01/2013 10:05:00,   58.37,   61.86,   53.94,   61.76,   64.94,   57.94
07/01/2013 10:10:00,   60.74,   64.64,   53.71,   65.32,   70.16,   57.63
07/01/2013 10:15:00,   60.00,   63.34,   54.66,   63.80,   67.54,   58.47
07/01/2013 10:20:00,   59.27,   62.14,   54.37,   62.99,   65.33,   59.20
07/01/2013 10:25:00,   59.50,   62.65,   54.77,   63.80,   67.40,   58.71
07/01/2013 10:30:00,   59.39,   62.62,   54.15,   62.56,   65.42,   58.32
07/01/2013 10:35:00,   58.62,   61.61,   54.09,   61.71,   63.96,   58.16
07/01/2013 10:40:00,   59.21,   61.50,   55.38,   62.86,   65.42,   59.40
07/01/2013 10:45:00,   59.04,   61.57,   54.43,   61.51,   63.54,   58.00
07/01/2013 10:50:00,   59.11,   62.15,   55.27,   62.85,   65.35,   58.93
07/01/2013 10:55:00,   58.52,   61.81,   53.82,   62.47,   64.89,   58.49
07/01/2013 11:00:00,   60.24,   62.91,   56.06,   64.97,   68.34,   59.67
07/01/2013 11:05:00,   58.91,   61.72,   53.58,   62.03,   64.86,   57.53
07/01/2013 11:10:00,   58.83,   61.97,   54.39,   62.41,   65.25,   58.07
07/01/2013 11:15:00,   59.12,   61.64,   54.62,   62.67,   65.21,   58.77
07/01/2013 11:20:00,   58.08,   61.31,   53.65,   61.47,   63.92,   57.81
07/01/2013 11:25:00,   57.86,   60.24,   53.80,   61.53,   64.13,   57.54
07/01/2013 11:30:00,   58.80,   61.38,   54.28,   62.39,   65.71,   58.32
07/01/2013 11:35:00,   59.25,   61.89,   54.45,   62.56,   65.29,   58.22
07/01/2013 11:40:00,   60.37,   63.01,   56.26,   64.28,   67.06,   60.51
07/01/2013 11:45:00,   60.08,   62.27,   56.02,   63.74,   65.87,   60.11
07/01/2013 11:50:00,   60.71,   63.30,   57.24,   64.02,   66.62,   60.78
07/01/2013 11:55:00,   59.28,   62.06,   54.92,   61.83,   64.32,   58.63
07/01/2013 12:00:00,   60.70,   63.60,   56.28,   63.83,   66.29,   59.57
07/01/2013 12:05:00,   61.77,   63.41,   55.69,   65.74,   66.71,   59.68
07/01/2013 12:10:00,   60.36,   62.86,   56.08,   64.57,   67.32,   59.52
07/01/2013 12:15:00,   59.08,   61.65,   54.60,   62.44,   64.77,   58.20
07/01/2013 12:20:00,   60.32,   62.86,   55.96,   64.19,   67.36,   59.85
07/01/2013 12:25:00,   59.68,   62.71,   55.79,   62.85,   65.63,   59.12
07/01/2013 12:30:00,   59.38,   62.03,   55.33,   62.06,   64.12,   58.96
07/01/2013 12:35:00,   59.35,   62.02,   55.87,   62.49,   64.81,   59.40
07/01/2013 12:40:00,   60.13,   62.80,   55.46,   63.17,   65.95,   59.23
07/01/2013 12:45:00,   59.08,   61.96,   54.12,   63.30,   65.76,   57.19
07/01/2013 12:50:00,   57.95,   61.01,   53.98,   60.66,   63.07,   57.44
07/01/2013 12:55:00,   59.02,   61.72,   53.61,   61.76,   63.77,   56.98
07/01/2013 13:00:00,   58.94,   61.20,   55.15,   62.06,   64.18,   58.74
07/01/2013 13:05:00,   58.47,   61.39,   54.18,   62.28,   64.77,   57.98
07/01/2013 13:10:00,   59.89,   62.61,   54.67,   62.94,   65.15,   58.31
07/01/2013 13:15:00,   59.50,   62.25,   55.81,   62.42,   64.75,   58.97
07/01/2013 13:20:00,   59.55,   61.95,   56.09,   62.04,   64.49,   58.37
07/01/2013 13:25:00,   60.00,   61.95,   55.79,   63.01,   65.57,   59.08
07/01/2013 13:30:00,   59.38,   62.65,   54.36,   62.93,   66.44,   57.64
07/01/2013 13:35:00,   59.14,   61.86,   55.30,   63.52,   66.62,   58.71
07/01/2013 13:40:00,   60.13,   63.10,   55.31,   63.72,   66.49,   59.08
07/01/2013 13:45:00,   59.13,   61.49,   55.89,   62.48,   64.52,   59.11
07/01/2013 13:50:00,   60.44,   62.72,   56.82,   64.04,   66.41,   60.88
07/01/2013 13:55:00,   60.30,   62.62,   55.89,   63.80,   65.93,   58.64
07/01/2013 14:00:00,   58.74,   61.71,   54.16,   63.36,   66.54,   57.98
07/01/2013 14:05:00,   60.65,   62.98,   56.58,   64.07,   66.64,   60.01
07/01/2013 14:10:00,   61.62,   62.37,   54.96,   64.70,   66.56,   59.13
07/01/2013 14:15:00,   57.97,   60.29,   55.33,   63.09,   66.00,   59.10
07/01/2013 14:20:00,   59.54,   61.91,   55.78,   64.85,   67.95,   59.86
07/01/2013 14:25:00,   59.06,   61.91,   54.17,   63.98,   67.41,   57.65
07/01/2013 14:30:00,   57.98,   60.76,   54.25,   62.29,   64.75,   59.38
07/01/2013 14:35:00,   61.39,   64.04,   54.47,   64.35,   66.91,   58.44
07/01/2013 14:40:00,   59.56,   62.44,   54.27,   65.17,   69.25,   58.61
07/01/2013 14:45:00,   59.09,   61.52,   54.45,   63.11,   66.07,   58.51
07/01/2013 14:50:00,   59.32,   61.84,   56.12,   63.67,   66.26,   60.08
07/01/2013 14:55:00,   59.30,   61.54,   55.20,   62.78,   64.82,   59.58
07/01/2013 15:00:00,   59.39,   61.89,   55.58,   63.62,   67.29,   59.32
07/01/2013 15:05:00,   59.16,   61.67,   54.22,   62.33,   64.66,   58.36
07/01/2013 15:10:00,   58.93,   61.12,   54.93,   63.09,   65.63,   59.03
07/01/2013 15:15:00,   60.49,   62.96,   56.05,   64.53,   66.93,   60.73
07/01/2013 15:20:00,   60.41,   63.13,   55.71,   65.01,   68.02,   59.42
07/01/2013 15:25:00,   60.20,   62.30,   57.23,   64.63,   67.98,   61.02
07/01/2013 15:30:00,   60.93,   63.31,   56.50,   63.99,   66.23,   60.11
07/01/2013 15:35:00,   60.52,   63.53,   56.45,   63.84,   66.95,   59.82
07/01/2013 15:40:00,   59.92,   62.47,   55.28,   63.58,   66.59,   59.40
07/01/2013 15:45:00,   58.53,   61.04,   54.11,   62.37,   64.57,   58.54
07/01/2013 15:50:00,   60.18,   62.99,   56.31,   64.16,   66.87,   59.47
07/01/2013 15:55:00,   59.49,   62.11,   55.01,   63.19,   65.52,   58.78
07/01/2013 16:00:00,   59.34,   61.64,   54.23,   62.32,   64.23,   58.34
07/01/2013 16:05:00,   58.67,   61.42,   54.98,   61.91,   64.42,   58.26
07/01/2013 16:10:00,   59.76,   61.81,   56.17,   62.97,   64.95,   59.61
07/01/2013 16:15:00,   58.73,   60.52,   54.61,   61.89,   63.69,   58.70
07/01/2013 16:20:00,   58.58,   61.16,   54.90,   63.45,   67.34,   58.46
07/01/2013 16:25:00,   59.55,   62.12,   55.30,   63.15,   65.43,   59.54
07/01/2013 16:30:00,   59.07,   61.45,   55.42,   63.10,   65.63,   59.13
07/01/2013 16:35:00,   59.36,   62.20,   54.24,   62.29,   65.19,   57.87
07/01/2013 16:40:00,   59.49,   62.82,   54.18,   63.85,   67.61,   57.94
07/01/2013 16:45:00,   60.28,   62.69,   54.97,   64.16,   68.60,   58.13
07/01/2013 16:50:00,   60.45,   63.00,   56.12,   63.87,   66.33,   60.09
07/01/2013 16:55:00,   59.69,   62.45,   55.37,   62.78,   65.69,   58.81
07/01/2013 17:00:00,   59.26,   61.94,   53.76,   62.50,   64.89,   57.65
07/01/2013 17:05:00,   59.69,   62.24,   55.59,   62.73,   64.96,   59.11
07/01/2013 17:10:00,   59.99,   61.83,   55.73,   64.70,   67.53,   59.56
07/01/2013 17:15:00,   60.23,   63.71,   54.92,   65.22,   69.97,   58.76
07/01/2013 17:20:00,   60.35,   62.90,   55.77,   64.90,   69.35,   59.48
07/01/2013 17:25:00,   59.70,   62.07,   53.69,   62.81,   65.53,   57.84
07/01/2013 17:30:00,   59.45,   62.17,   53.56,   63.10,   65.77,   58.07
07/01/2013 17:35:00,   59.24,   61.28,   55.42,   62.58,   64.00,   59.31
07/01/2013 17:40:00,   58.96,   61.35,   54.35,   62.59,   65.07,   58.14
07/01/2013 17:45:00,   59.77,   62.28,   54.54,   63.00,   65.38,   58.55
07/01/2013 17:50:00,   60.06,   62.01,   55.63,   63.40,   65.61,   59.64
07/01/2013 17:55:00,   59.47,   61.94,   54.88,   62.52,   64.83,   58.65
07/01/2013 18:00:00,   59.61,   62.65,   53.84,   62.52,   65.07,   57.21
07/01/2013 18:05:00,   59.18,   62.48,   53.90,   61.77,   64.60,   57.47
07/01/2013 18:10:00,   59.43,   61.93,   53.17,   61.80,   64.03,   56.83
07/01/2013 18:15:00,   58.71,   61.93,   53.47,   61.37,   64.82,   56.36
07/01/2013 18:20:00,   59.08,   61.81,   53.80,   62.40,   64.95,   57.75
07/01/2013 18:25:00,   58.96,   61.86,   53.68,   61.60,   63.83,   56.61
07/01/2013 18:30:00,   57.69,   61.29,   53.00,   61.12,   64.39,   56.62
07/01/2013 18:35:00,   58.36,   61.80,   52.15,   61.13,   63.87,   55.80
07/01/2013 18:40:00,   59.15,   62.92,   53.52,   63.21,   66.82,   57.32
07/01/2013 18:45:00,   58.50,   61.83,   53.29,   61.45,   64.67,   56.55
07/01/2013 18:50:00,   58.33,   61.15,   53.66,   61.04,   63.54,   57.13
07/01/2013 18:55:00,   58.80,   61.66,   54.54,   61.55,   64.38,   58.01
07/01/2013 19:00:00,   57.96,   60.92,   53.19,   60.82,   63.16,   56.00
07/01/2013 19:05:00,   57.61,   61.17,   52.61,   60.44,   63.22,   55.73
07/01/2013 19:10:00,   58.71,   61.99,   53.83,   61.26,   64.42,   57.17
07/01/2013 19:15:00,   57.73,   60.80,   53.71,   60.91,   63.57,   57.27
07/01/2013 19:20:00,   58.64,   61.40,   53.55,   63.11,   66.90,   57.76
07/01/2013 19:25:00,   58.49,   61.76,   53.56,   61.11,   63.71,   56.71
07/01/2013 19:30:00,   58.12,   61.68,   52.45,   63.23,   68.58,   56.56
07/01/2013 19:35:00,   57.92,   61.39,   52.46,   60.33,   63.02,   55.67
07/01/2013 19:40:00,   58.92,   62.10,   53.64,   62.03,   65.52,   56.82
07/01/2013 19:45:00,   57.94,   61.08,   53.20,   60.76,   64.00,   56.08
07/01/2013 19:50:00,   57.63,   60.85,   52.34,   60.04,   62.57,   55.64
07/01/2013 19:55:00,   58.12,   61.58,   53.25,   60.06,   63.23,   55.99
07/01/2013 20:00:00,   57.81,   61.41,   51.97,   59.81,   62.79,   54.44
07/01/2013 20:05:00,   58.49,   61.84,   53.30,   61.55,   64.77,   56.12
07/01/2013 20:10:00,   58.42,   61.10,   53.80,   62.10,   65.40,   57.49
07/01/2013 20:15:00,   57.81,   61.44,   51.97,   61.11,   64.43,   56.13
07/01/2013 20:20:00,   57.78,   61.04,   51.75,   62.01,   65.81,   55.20
07/01/2013 20:25:00,   58.12,   61.08,   53.06,   61.27,   63.95,   56.67
07/01/2013 20:30:00,   57.40,   60.99,   52.19,   61.04,   64.87,   55.11
07/01/2013 20:35:00,   57.65,   60.78,   52.28,   61.37,   64.56,   55.76
07/01/2013 20:40:00,   57.67,   61.52,   51.53,   62.22,   64.77,   56.31
07/01/2013 20:45:00,   57.34,   60.63,   51.61,   59.94,   62.41,   54.34
07/01/2013 20:50:00,   55.91,   60.22,   49.21,   58.55,   61.97,   52.76
07/01/2013 20:55:00,   57.41,   61.01,   49.98,   61.42,   64.70,   54.48
07/01/2013 21:00:00,   57.49,   60.65,   52.41,   62.54,   65.52,   57.77
07/01/2013 21:05:00,   56.71,   59.66,   51.79,   61.25,   64.23,   54.79
07/01/2013 21:10:00,   56.92,   60.46,   51.91,   59.38,   62.94,   55.05
07/01/2013 21:15:00,   56.33,   60.65,   49.42,   60.27,   63.89,   53.50
07/01/2013 21:20:00,   56.83,   59.90,   51.04,   59.23,   62.15,   54.74
07/01/2013 21:25:00,   57.10,   60.99,   50.96,   60.61,   63.37,   54.83
07/01/2013 21:30:00,   57.82,   60.84,   51.91,   61.22,   64.38,   54.74
07/01/2013 21:35:00,   56.23,   60.06,   49.58,   58.57,   62.55,   52.76
07/01/2013 21:40:00,   56.74,   60.91,   50.51,   59.15,   62.63,   54.34
07/01/2013 21:45:00,   56.00,   59.50,   50.12,   58.63,   61.88,   53.51
07/01/2013 21:50:00,   56.94,   60.06,   51.00,   59.87,   62.59,   54.68
07/01/2013 21:55:00,   56.55,   60.33,   50.08,   59.58,   63.71,   53.15
07/01/2013 22:00:00,   55.48,   59.54,   49.09,   58.52,   61.58,   52.99
07/01/2013 22:05:00,   56.31,   60.20,   49.65,   58.33,   61.77,   52.90
07/01/2013 22:10:00,   56.55,   60.03,   49.45,   59.16,   62.31,   52.86
07/01/2013 22:15:00,   55.59,   59.02,   49.81,   58.70,   62.03,   53.00
07/01/2013 22:20:00,   56.42,   60.56,   49.38,   58.68,   62.23,   52.92
07/01/2013 22:25:00,   55.37,   58.84,   50.10,   58.31,   61.75,   53.35
07/01/2013 22:30:00,   55.58,   59.25,   48.83,   59.80,   63.47,   52.95
07/01/2013 22:35:00,   54.28,   58.35,   49.19,   57.15,   60.79,   52.34
07/01/2013 22:40:00,   56.21,   59.93,   49.22,   59.54,   62.95,   53.39
07/01/2013 22:45:00,   55.92,   60.36,   48.67,   59.78,   65.31,   52.03
07/01/2013 22:50:00,   53.84,   58.26,   47.03,   58.02,   61.60,   50.94
07/01/2013 22:55:00,   53.67,   58.59,   46.20,   58.92,   64.90,   50.64
07/01/2013 23:00:00,   54.64,   60.64,   46.04,   58.85,   64.70,   50.29
07/01/2013 23:05:00,   55.05,   59.39,   46.81,   58.63,   62.37,   51.05
07/01/2013 23:10:00,   54.39,   58.93,   46.85,   57.20,   61.30,   50.58
07/01/2013 23:15:00,   53.35,   57.88,   47.34,   56.88,   60.72,   51.18
07/01/2013 23:20:00,   54.72,   59.84,   46.30,   58.19,   62.76,   49.91
07/01/2013 23:25:00,   53.70,   58.07,   45.96,   58.67,   63.44,   50.30
07/01/2013 23:30:00,   53.56,   58.01,   46.81,   57.40,   61.54,   51.07
07/01/2013 23:35:00,   53.84,   57.93,   46.26,   57.81,   62.08,   50.08
07/01/2013 23:40:00,   56.18,   60.05,   46.79,   60.24,   63.58,   52.06
07/01/2013 23:45:00,   54.31,   59.71,   43.61,   58.16,   62.94,   47.85
07/01/2013 23:50:00,   52.61,   57.84,   44.22,   54.85,   59.44,   48.15
07/01/2013 23:55:00,   53.05,   57.83,   43.80,   56.06,   60.12,   48.13

