# noise_analysis run from DCC-NOISE-001003 at Tue Aug  6 00:00:00 2013
# Monitoring unit located at 53.342609N 6.340721W
# logfile   = /home/root/noise_analysis.log
# cfg_dir   = /home/root/config
# outputdir = /home/root/noise
# Sensitivity = -26.271103
# Gain = 1.000000
# Time should be in local format (i.e. daylight savings time)
# dd/mm/yyyy hh:mm:ss, A Leq,   A L10,   A L95,   C Leq,   C L10,   C L95
06/08/2013 00:05:00,   50.28,   56.21,   40.28,   52.41,   57.88,   43.45
06/08/2013 00:10:00,   49.83,   56.15,   40.90,   52.20,   57.67,   44.28
06/08/2013 00:15:00,   49.07,   55.81,   40.40,   51.60,   57.48,   44.43
06/08/2013 00:20:00,   52.04,   55.96,   43.86,   55.17,   59.23,   47.18
06/08/2013 00:25:00,   51.27,   55.93,   43.80,   53.83,   58.01,   46.95
06/08/2013 00:30:00,   50.95,   56.79,   42.33,   54.66,   60.65,   46.72
06/08/2013 00:35:00,   51.08,   56.62,   43.19,   53.75,   58.68,   47.38
06/08/2013 00:40:00,   50.31,   55.61,   42.30,   52.86,   57.71,   45.46
06/08/2013 00:45:00,   50.13,   55.85,   39.87,   52.97,   58.14,   43.88
06/08/2013 00:50:00,   48.58,   54.43,   40.66,   51.26,   56.66,   44.22
06/08/2013 00:55:00,   47.00,   53.76,   39.95,   50.09,   56.14,   44.60
06/08/2013 01:00:00,   46.94,   53.54,   39.09,   49.17,   54.96,   42.91
06/08/2013 01:05:00,   52.10,   57.75,   39.39,   56.43,   64.45,   44.03
06/08/2013 01:10:00,   49.03,   55.69,   36.81,   50.84,   56.99,   41.77
06/08/2013 01:15:00,   42.62,   47.61,   36.13,   46.39,   51.46,   41.68
06/08/2013 01:20:00,   47.83,   54.45,   38.13,   50.28,   56.48,   43.13
06/08/2013 01:25:00,   43.65,   49.51,   37.13,   47.25,   53.37,   41.92
06/08/2013 01:30:00,   45.70,   53.40,   37.06,   48.57,   54.71,   42.61
06/08/2013 01:35:00,   47.13,   52.82,   40.29,   49.58,   54.68,   44.11
06/08/2013 01:40:00,   45.28,   51.42,   38.06,   49.83,   55.42,   42.64
06/08/2013 01:45:00,   45.29,   53.22,   37.43,   48.21,   55.01,   41.85
06/08/2013 01:50:00,   43.36,   50.72,   37.19,   47.30,   52.40,   42.74
06/08/2013 01:55:00,   44.22,   48.67,   37.66,   47.33,   50.28,   43.14
06/08/2013 02:00:00,   42.98,   46.79,   36.66,   45.92,   48.49,   40.84
06/08/2013 02:05:00,   45.06,   51.13,   37.95,   47.85,   53.80,   42.04
06/08/2013 02:10:00,   48.13,   54.41,   40.48,   50.87,   56.84,   43.96
06/08/2013 02:15:00,   48.14,   53.51,   38.62,   50.56,   55.73,   43.29
06/08/2013 02:20:00,   42.15,   46.05,   36.39,   45.57,   47.98,   41.84
06/08/2013 02:25:00,   44.91,   50.99,   38.49,   48.02,   53.04,   43.31
06/08/2013 02:30:00,   40.49,   42.09,   36.89,   44.23,   45.47,   41.78
06/08/2013 02:35:00,   41.95,   46.19,   36.87,   45.69,   48.42,   41.78
06/08/2013 02:40:00,   44.70,   47.34,   38.56,   48.03,   51.15,   43.20
06/08/2013 02:45:00,   45.50,   53.71,   37.53,   47.70,   54.80,   41.95
06/08/2013 02:50:00,   42.20,   44.41,   36.83,   45.39,   48.49,   40.86
06/08/2013 02:55:00,   44.91,   49.64,   37.35,   47.93,   51.74,   41.54
06/08/2013 03:00:00,   38.06,   39.81,   35.64,   42.19,   43.90,   40.18
06/08/2013 03:05:00,   43.30,   49.27,   37.64,   46.61,   51.35,   41.78
06/08/2013 03:10:00,   45.01,   51.05,   38.88,   48.33,   54.38,   43.10
06/08/2013 03:15:00,   47.79,   51.95,   39.13,   50.46,   53.72,   42.70
06/08/2013 03:20:00,   44.25,   50.48,   38.20,   48.17,   54.35,   42.94
06/08/2013 03:25:00,   45.87,   51.41,   40.03,   49.22,   54.31,   44.11
06/08/2013 03:30:00,   46.22,   52.85,   40.03,   49.07,   54.59,   43.94
06/08/2013 03:35:00,   44.48,   49.21,   39.32,   47.54,   52.23,   43.44
06/08/2013 03:40:00,   46.97,   53.27,   38.36,   50.37,   56.21,   42.00
06/08/2013 03:45:00,   46.24,   51.49,   39.86,   48.45,   53.10,   43.17
06/08/2013 03:50:00,   46.65,   52.18,   40.81,   50.45,   56.54,   44.49
06/08/2013 03:55:00,   44.63,   50.38,   39.07,   47.73,   51.90,   43.22
06/08/2013 04:00:00,   44.08,   50.03,   39.31,   47.23,   52.90,   42.78
06/08/2013 04:05:00,   46.66,   52.50,   39.50,   49.13,   54.72,   43.20
06/08/2013 04:10:00,   44.02,   47.50,   39.32,   46.45,   49.10,   42.76
06/08/2013 04:15:00,   50.31,   57.10,   41.15,   52.46,   58.72,   44.55
06/08/2013 04:20:00,   45.70,   51.72,   39.88,   47.98,   53.36,   43.25
06/08/2013 04:25:00,   45.38,   48.94,   40.77,   48.02,   51.89,   43.88
06/08/2013 04:30:00,   47.80,   53.51,   41.27,   49.91,   54.35,   44.64
06/08/2013 04:35:00,   50.50,   56.19,   43.76,   52.58,   57.80,   46.98
06/08/2013 04:40:00,   49.22,   55.11,   42.34,   51.75,   57.43,   45.88
06/08/2013 04:45:00,   47.93,   52.78,   42.54,   50.56,   55.26,   46.28
06/08/2013 04:50:00,   48.78,   53.95,   42.38,   51.35,   55.68,   45.76
06/08/2013 04:55:00,   49.78,   54.76,   44.11,   51.91,   56.36,   47.23
06/08/2013 05:00:00,   49.51,   54.21,   43.46,   52.43,   56.81,   46.98
06/08/2013 05:05:00,   52.52,   57.31,   45.88,   55.08,   59.53,   49.45
06/08/2013 05:10:00,   53.93,   58.68,   44.02,   58.00,   63.66,   47.49
06/08/2013 05:15:00,   52.25,   58.01,   44.21,   54.95,   59.28,   47.75
06/08/2013 05:20:00,   51.96,   57.04,   44.53,   54.04,   58.68,   47.88
06/08/2013 05:25:00,   50.78,   55.48,   44.72,   53.67,   58.55,   48.43
06/08/2013 05:30:00,   52.07,   57.02,   46.46,   55.16,   59.73,   50.26
06/08/2013 05:35:00,   52.01,   57.46,   45.45,   55.04,   60.08,   49.06
06/08/2013 05:40:00,   51.71,   56.66,   46.12,   56.26,   59.92,   50.01
06/08/2013 05:45:00,   52.34,   56.58,   46.93,   56.53,   61.29,   50.69
06/08/2013 05:50:00,   52.72,   57.70,   47.16,   55.58,   60.08,   50.11
06/08/2013 05:55:00,   55.05,   59.05,   49.80,   58.88,   63.53,   52.92
06/08/2013 06:00:00,   55.59,   59.51,   48.20,   60.06,   62.71,   51.40
06/08/2013 06:05:00,   53.30,   57.37,   47.87,   56.97,   60.88,   51.48
06/08/2013 06:10:00,   54.29,   58.03,   47.73,   57.30,   61.20,   51.23
06/08/2013 06:15:00,   55.09,   58.38,   49.68,   58.51,   61.24,   53.92
06/08/2013 06:20:00,   53.79,   56.85,   48.40,   57.35,   60.93,   52.44
06/08/2013 06:25:00,   54.72,   58.42,   48.95,   58.80,   62.85,   52.91
06/08/2013 06:30:00,   55.36,   59.12,   48.34,   59.39,   62.96,   52.44
06/08/2013 06:35:00,   56.34,   59.57,   50.79,   60.08,   62.96,   55.71
06/08/2013 06:40:00,   55.58,   59.28,   51.35,   60.15,   63.79,   55.36
06/08/2013 06:45:00,   56.03,   59.83,   50.48,   61.07,   64.89,   54.25
06/08/2013 06:50:00,   55.74,   59.68,   51.26,   59.66,   62.44,   56.04
06/08/2013 06:55:00,   56.46,   61.17,   49.36,   61.20,   66.41,   54.34
06/08/2013 07:00:00,   55.35,   58.70,   50.61,   59.08,   61.47,   55.12
06/08/2013 07:05:00,   55.77,   59.41,   50.17,   60.15,   63.48,   54.75
06/08/2013 07:10:00,   55.85,   59.18,   51.25,   59.47,   61.93,   55.97
06/08/2013 07:15:00,   55.98,   59.11,   51.70,   60.18,   62.78,   56.63
06/08/2013 07:20:00,   55.66,   58.96,   50.93,   60.44,   62.72,   55.89
06/08/2013 07:25:00,   56.88,   59.64,   51.77,   62.05,   65.12,   57.17
06/08/2013 07:30:00,   55.21,   59.00,   49.50,   60.01,   63.40,   54.15
06/08/2013 07:35:00,   55.51,   59.27,   50.89,   59.81,   63.21,   55.61
06/08/2013 07:40:00,   56.63,   60.35,   51.02,   60.13,   63.16,   55.57
06/08/2013 07:45:00,   56.38,   60.28,   50.45,   60.18,   63.98,   55.00
06/08/2013 07:50:00,   57.62,   61.18,   49.66,   60.33,   64.10,   53.66
06/08/2013 07:55:00,   61.53,   70.24,   51.54,   62.79,   69.18,   55.33
06/08/2013 08:00:00,   56.33,   59.37,   51.95,   61.71,   65.48,   56.99
06/08/2013 08:05:00,   56.21,   59.41,   50.83,   60.38,   63.66,   55.99
06/08/2013 08:10:00,   55.78,   59.14,   51.51,   58.96,   61.91,   55.46
06/08/2013 08:15:00,   55.46,   59.39,   51.07,   60.16,   63.27,   55.69
06/08/2013 08:20:00,   55.64,   59.15,   50.49,   59.27,   62.04,   54.53
06/08/2013 08:25:00,   56.28,   59.19,   51.28,   60.43,   63.78,   56.12
06/08/2013 08:30:00,   56.08,   58.73,   51.94,   59.85,   62.37,   55.99
06/08/2013 08:35:00,   56.93,   59.96,   51.63,   62.24,   65.82,   56.88
06/08/2013 08:40:00,   55.84,   59.36,   50.79,   59.19,   61.82,   54.76
06/08/2013 08:45:00,   55.90,   58.73,   51.51,   60.02,   62.46,   56.08
06/08/2013 08:50:00,   59.96,   63.25,   50.52,   63.08,   67.48,   55.86
06/08/2013 08:55:00,   56.41,   60.25,   50.55,   60.70,   64.36,   55.57
06/08/2013 09:00:00,   55.73,   59.27,   49.19,   59.79,   63.56,   54.37
06/08/2013 09:05:00,   57.30,   61.61,   49.87,   62.33,   68.86,   54.96
06/08/2013 09:10:00,   55.94,   59.17,   47.81,   60.53,   64.00,   52.10
06/08/2013 09:15:00,   56.06,   59.29,   50.48,   59.89,   62.88,   55.40
06/08/2013 09:20:00,   55.42,   58.68,   49.84,   60.99,   64.56,   54.89
06/08/2013 09:25:00,   55.74,   59.22,   50.26,   60.28,   64.04,   54.77
06/08/2013 09:30:00,   55.52,   59.05,   50.09,   59.74,   62.63,   55.50
06/08/2013 09:35:00,   55.98,   58.92,   48.55,   60.07,   63.40,   54.13
06/08/2013 09:40:00,   54.19,   57.31,   49.85,   58.52,   60.92,   54.17
06/08/2013 09:45:00,   54.93,   58.33,   49.92,   60.87,   65.06,   55.51
06/08/2013 09:50:00,   54.33,   58.35,   49.62,   59.12,   62.03,   54.99
06/08/2013 09:55:00,   55.61,   58.86,   49.46,   61.58,   65.21,   55.33
06/08/2013 10:00:00,   55.32,   59.40,   48.44,   60.27,   63.61,   54.80
06/08/2013 10:05:00,   55.30,   58.33,   48.94,   59.73,   62.79,   54.85
06/08/2013 10:10:00,   55.62,   59.08,   47.55,   58.83,   61.80,   52.95
06/08/2013 10:15:00,   54.66,   57.91,   49.12,   57.89,   60.72,   53.23
06/08/2013 10:20:00,   55.71,   58.63,   49.24,   60.91,   64.74,   54.39
06/08/2013 10:25:00,   54.40,   57.90,   48.12,   58.25,   61.23,   53.13
06/08/2013 10:30:00,   54.75,   57.76,   48.43,   58.42,   61.16,   53.73
06/08/2013 10:35:00,   55.79,   59.10,   48.76,   60.82,   64.48,   55.45
06/08/2013 10:40:00,   56.37,   60.32,   50.18,   60.99,   66.24,   54.72
06/08/2013 10:45:00,   54.89,   57.64,   49.53,   58.91,   60.99,   55.24
06/08/2013 10:50:00,   54.82,   58.00,   49.58,   60.17,   63.76,   53.96
06/08/2013 10:55:00,   57.50,   58.74,   49.95,   61.65,   62.57,   55.06
06/08/2013 11:00:00,   54.91,   58.43,   48.88,   60.08,   63.18,   53.19
06/08/2013 11:05:00,   54.19,   57.53,   49.36,   59.28,   62.36,   55.17
06/08/2013 11:10:00,   55.17,   58.40,   49.90,   59.04,   61.78,   54.52
06/08/2013 11:15:00,   57.03,   59.74,   51.60,   61.41,   64.20,   55.67
06/08/2013 11:20:00,   55.36,   58.79,   48.95,   59.51,   62.82,   54.13
06/08/2013 11:25:00,   55.66,   58.52,   49.09,   60.83,   63.45,   54.35
06/08/2013 11:30:00,   54.51,   57.52,   49.41,   59.98,   63.03,   54.12
06/08/2013 11:35:00,   54.89,   58.03,   49.61,   60.71,   64.03,   56.21
06/08/2013 11:40:00,   56.07,   58.77,   50.68,   60.27,   62.79,   55.78
06/08/2013 11:45:00,   54.93,   57.92,   49.93,   59.17,   62.20,   55.06
06/08/2013 11:50:00,   55.51,   58.28,   50.91,   59.70,   62.65,   54.64
06/08/2013 11:55:00,   54.88,   58.04,   47.28,   58.85,   62.05,   52.95
06/08/2013 12:00:00,   55.27,   58.59,   49.27,   59.38,   62.63,   53.33
06/08/2013 12:05:00,   55.59,   58.36,   50.39,   60.02,   62.90,   55.21
06/08/2013 12:10:00,   55.63,   58.09,   51.09,   61.06,   63.12,   55.96
06/08/2013 12:15:00,   55.67,   58.78,   50.70,   59.98,   62.76,   55.38
06/08/2013 12:20:00,   54.36,   57.31,   49.41,   59.29,   62.41,   55.00
06/08/2013 12:25:00,   55.79,   59.03,   49.90,   60.80,   64.53,   54.98
06/08/2013 12:30:00,   56.62,   59.06,   50.08,   60.61,   63.31,   55.94
06/08/2013 12:35:00,   54.43,   57.82,   49.21,   58.91,   61.69,   54.15
06/08/2013 12:40:00,   53.47,   56.89,   48.18,   58.86,   61.62,   54.41
06/08/2013 12:45:00,   56.44,   59.85,   48.23,   60.41,   63.52,   54.78
06/08/2013 12:50:00,   55.25,   58.74,   48.42,   59.23,   61.77,   53.61
06/08/2013 12:55:00,   55.85,   59.20,   48.09,   61.66,   64.94,   52.89
06/08/2013 13:00:00,   54.65,   57.69,   48.34,   59.06,   62.37,   54.27
06/08/2013 13:05:00,   54.54,   57.47,   49.43,   58.30,   60.74,   53.49
06/08/2013 13:10:00,   54.25,   57.59,   49.02,   59.73,   63.89,   54.33
06/08/2013 13:15:00,   55.68,   58.20,   49.13,   60.10,   62.51,   54.77
06/08/2013 13:20:00,   55.57,   58.06,   50.46,   59.78,   62.22,   55.29
06/08/2013 13:25:00,   55.49,   58.90,   47.84,   59.43,   62.27,   53.78
06/08/2013 13:30:00,   55.61,   58.89,   49.95,   60.06,   62.86,   55.61
06/08/2013 13:35:00,   54.81,   58.29,   48.70,   58.79,   61.41,   54.10
06/08/2013 13:40:00,   55.12,   57.77,   50.27,   60.26,   62.16,   55.48
06/08/2013 13:45:00,   55.43,   58.98,   50.34,   60.20,   63.71,   55.67
06/08/2013 13:50:00,   54.86,   57.79,   49.09,   60.95,   64.13,   55.20
06/08/2013 13:55:00,   54.15,   57.60,   48.74,   59.38,   62.34,   54.51
06/08/2013 14:00:00,   54.24,   57.18,   49.15,   59.56,   62.42,   54.63
06/08/2013 14:05:00,   54.24,   57.18,   49.59,   58.71,   61.02,   54.78
06/08/2013 14:10:00,   56.82,   60.36,   50.84,   62.04,   66.81,   56.62
06/08/2013 14:15:00,   54.67,   58.02,   48.99,   59.61,   63.36,   54.19
06/08/2013 14:20:00,   55.86,   59.10,   49.63,   59.43,   62.26,   54.21
06/08/2013 14:25:00,   54.08,   58.08,   48.83,   58.57,   61.56,   54.44
06/08/2013 14:30:00,   53.69,   57.57,   48.29,   58.84,   63.02,   53.27
06/08/2013 14:35:00,   55.21,   58.46,   49.70,   59.47,   62.69,   54.04
06/08/2013 14:40:00,   54.46,   57.56,   46.96,   59.28,   62.23,   52.51
06/08/2013 14:45:00,   55.43,   60.00,   49.06,   60.74,   66.53,   54.68
06/08/2013 14:50:00,   53.53,   56.60,   47.45,   58.90,   61.95,   53.12
06/08/2013 14:55:00,   53.71,   57.09,   47.09,   57.92,   60.60,   52.64
06/08/2013 15:00:00,   53.77,   56.83,   47.82,   58.71,   62.30,   53.60
06/08/2013 15:05:00,   55.61,   58.42,   50.04,   61.31,   64.69,   55.64
06/08/2013 15:10:00,   54.75,   57.87,   48.97,   58.60,   61.30,   53.33
06/08/2013 15:15:00,   54.78,   57.70,   47.76,   59.74,   62.54,   54.59
06/08/2013 15:20:00,   54.91,   57.78,   49.55,   59.80,   62.72,   55.32
06/08/2013 15:25:00,   54.01,   57.74,   46.87,   57.59,   60.84,   51.50
06/08/2013 15:30:00,   55.05,   58.20,   48.96,   58.83,   61.39,   54.54
06/08/2013 15:35:00,   54.80,   58.10,   49.07,   59.17,   61.82,   54.04
06/08/2013 15:40:00,   55.76,   58.47,   50.88,   61.02,   64.63,   56.13
06/08/2013 15:45:00,   55.81,   58.70,   49.73,   60.29,   64.23,   55.16
06/08/2013 15:50:00,   54.76,   58.49,   47.97,   58.43,   61.22,   52.19
06/08/2013 15:55:00,   55.10,   58.21,   48.83,   59.05,   61.81,   53.28
06/08/2013 16:00:00,   54.66,   57.64,   49.04,   59.21,   62.31,   54.87
06/08/2013 16:05:00,   55.46,   58.52,   49.84,   59.32,   62.12,   54.98
06/08/2013 16:10:00,   56.34,   59.03,   50.75,   60.31,   62.95,   56.08
06/08/2013 16:15:00,   55.20,   57.87,   48.47,   59.23,   61.66,   53.60
06/08/2013 16:20:00,   54.05,   57.45,   48.42,   59.75,   62.04,   56.08
06/08/2013 16:25:00,   55.96,   58.48,   49.54,   59.83,   62.44,   54.23
06/08/2013 16:30:00,   55.32,   58.10,   50.41,   59.33,   61.45,   55.06
06/08/2013 16:35:00,   55.45,   58.35,   48.82,   59.88,   62.14,   55.53
06/08/2013 16:40:00,   54.65,   58.28,   47.82,   58.95,   62.05,   53.72
06/08/2013 16:45:00,   55.69,   58.51,   49.34,   59.23,   61.82,   53.01
06/08/2013 16:50:00,   56.71,   59.36,   50.82,   60.24,   62.17,   55.75
06/08/2013 16:55:00,   55.81,   58.29,   49.48,   59.54,   62.13,   54.72
06/08/2013 17:00:00,   56.01,   58.74,   51.15,   59.61,   61.98,   55.72
06/08/2013 17:05:00,   55.02,   57.72,   49.09,   58.28,   60.93,   52.68
06/08/2013 17:10:00,   56.37,   58.90,   50.42,   59.79,   62.44,   54.46
06/08/2013 17:15:00,   55.48,   58.58,   49.56,   59.25,   62.22,   54.90
06/08/2013 17:20:00,   55.46,   58.62,   48.17,   58.95,   61.80,   53.34
06/08/2013 17:25:00,   56.43,   59.32,   49.84,   60.07,   62.33,   54.65
06/08/2013 17:30:00,   56.09,   58.78,   49.49,   59.33,   61.65,   54.78
06/08/2013 17:35:00,   55.55,   58.64,   49.83,   58.80,   61.45,   54.06
06/08/2013 17:40:00,   55.49,   58.78,   47.77,   60.36,   64.03,   52.71
06/08/2013 17:45:00,   55.08,   58.21,   48.77,   58.93,   61.77,   52.91
06/08/2013 17:50:00,   55.59,   58.53,   49.29,   59.70,   61.67,   54.54
06/08/2013 17:55:00,   53.93,   56.99,   46.72,   58.21,   61.27,   51.16
06/08/2013 18:00:00,   54.99,   58.34,   48.87,   58.31,   60.88,   52.99
06/08/2013 18:05:00,   53.73,   57.40,   48.79,   57.81,   60.70,   53.54
06/08/2013 18:10:00,   55.04,   58.14,   48.78,   58.61,   61.59,   52.87
06/08/2013 18:15:00,   54.98,   57.41,   50.00,   58.74,   61.32,   53.82
06/08/2013 18:20:00,   54.80,   57.73,   49.18,   58.28,   61.03,   54.65
06/08/2013 18:25:00,   54.93,   58.10,   49.88,   58.43,   61.34,   53.46
06/08/2013 18:30:00,   55.32,   57.95,   49.70,   59.39,   62.41,   54.57
06/08/2013 18:35:00,   56.42,   59.31,   49.67,   60.05,   63.24,   53.30
06/08/2013 18:40:00,   56.22,   59.04,   50.82,   59.10,   61.82,   54.51
06/08/2013 18:45:00,   55.19,   58.60,   49.26,   58.73,   61.42,   53.42
06/08/2013 18:50:00,   54.88,   59.28,   47.12,   59.43,   61.73,   51.09
06/08/2013 18:55:00,   55.10,   58.63,   48.29,   58.19,   61.22,   52.94
06/08/2013 19:00:00,   55.64,   59.42,   48.51,   60.92,   64.04,   52.68
06/08/2013 19:05:00,   54.90,   57.92,   49.00,   59.66,   62.58,   53.95
06/08/2013 19:10:00,   55.04,   58.62,   49.04,   58.51,   61.61,   53.39
06/08/2013 19:15:00,   54.23,   57.64,   48.81,   57.12,   60.16,   52.44
06/08/2013 19:20:00,   54.09,   57.27,   47.53,   57.21,   60.38,   52.09
06/08/2013 19:25:00,   54.13,   57.91,   47.91,   57.57,   60.84,   50.76
06/08/2013 19:30:00,   53.75,   57.68,   46.18,   56.97,   60.15,   51.40
06/08/2013 19:35:00,   53.04,   57.62,   45.66,   56.32,   59.64,   49.48
06/08/2013 19:40:00,   53.97,   57.56,   47.48,   57.21,   61.32,   50.39
06/08/2013 19:45:00,   55.33,   58.64,   46.45,   57.93,   60.94,   50.49
06/08/2013 19:50:00,   55.33,   58.51,   47.91,   57.44,   60.39,   51.87
06/08/2013 19:55:00,   55.16,   58.54,   48.85,   57.46,   60.03,   52.04
06/08/2013 20:00:00,   54.05,   57.90,   48.28,   57.24,   60.57,   52.22
06/08/2013 20:05:00,   55.77,   58.68,   48.86,   58.73,   61.23,   53.27
06/08/2013 20:10:00,   55.27,   60.09,   47.50,   57.48,   60.69,   51.54
06/08/2013 20:15:00,   56.15,   59.43,   49.46,   58.26,   61.33,   53.20
06/08/2013 20:20:00,   53.68,   57.03,   48.35,   57.13,   59.47,   51.87
06/08/2013 20:25:00,   54.75,   58.02,   48.07,   58.30,   61.44,   53.03
06/08/2013 20:30:00,   54.25,   57.88,   48.87,   57.42,   60.22,   52.65
06/08/2013 20:35:00,   53.89,   57.77,   47.34,   58.34,   62.40,   51.34
06/08/2013 20:40:00,   54.07,   57.79,   48.36,   57.70,   60.68,   53.11
06/08/2013 20:45:00,   55.91,   59.10,   49.83,   60.30,   63.67,   54.16
06/08/2013 20:50:00,   55.34,   58.70,   49.43,   58.92,   62.84,   53.73
06/08/2013 20:55:00,   53.66,   57.05,   47.92,   57.29,   60.59,   51.31
06/08/2013 21:00:00,   53.90,   57.60,   48.32,   59.13,   63.54,   52.07
06/08/2013 21:05:00,   54.50,   57.59,   48.27,   57.62,   59.96,   51.20
06/08/2013 21:10:00,   54.08,   58.59,   46.81,   57.19,   60.89,   50.60
06/08/2013 21:15:00,   53.87,   57.97,   47.69,   57.18,   60.54,   51.59
06/08/2013 21:20:00,   54.06,   57.66,   48.32,   57.02,   60.13,   51.84
06/08/2013 21:25:00,   54.68,   57.91,   49.82,   58.03,   60.66,   53.60
06/08/2013 21:30:00,   53.89,   58.31,   45.18,   57.92,   61.67,   49.26
06/08/2013 21:35:00,   52.61,   57.35,   46.02,   55.73,   59.55,   49.61
06/08/2013 21:40:00,   52.01,   56.41,   44.75,   55.07,   59.09,   49.15
06/08/2013 21:45:00,   53.22,   57.52,   46.33,   56.32,   60.16,   50.29
06/08/2013 21:50:00,   52.51,   56.82,   45.85,   55.47,   59.16,   49.84
06/08/2013 21:55:00,   51.97,   55.89,   44.95,   54.61,   58.26,   48.82
06/08/2013 22:00:00,   50.97,   55.42,   44.70,   54.55,   58.44,   48.64
06/08/2013 22:05:00,   53.07,   57.92,   45.59,   56.10,   60.33,   49.66
06/08/2013 22:10:00,   51.43,   55.98,   44.92,   54.30,   58.34,   49.26
06/08/2013 22:15:00,   53.47,   57.81,   44.42,   55.81,   60.21,   48.67
06/08/2013 22:20:00,   52.20,   56.89,   43.99,   55.36,   59.46,   48.37
06/08/2013 22:25:00,   52.35,   57.20,   43.63,   55.34,   59.13,   47.35
06/08/2013 22:30:00,   51.98,   56.53,   43.35,   55.15,   59.21,   47.31
06/08/2013 22:35:00,   52.53,   57.59,   44.36,   54.68,   58.76,   48.22
06/08/2013 22:40:00,   52.59,   57.46,   44.34,   54.91,   59.56,   48.09
06/08/2013 22:45:00,   50.31,   55.53,   42.37,   52.91,   57.29,   46.51
06/08/2013 22:50:00,   50.96,   56.24,   43.11,   53.88,   58.06,   47.21
06/08/2013 22:55:00,   49.48,   55.43,   41.15,   52.35,   57.50,   44.99
06/08/2013 23:00:00,   50.72,   55.77,   42.00,   53.01,   57.85,   45.55
06/08/2013 23:05:00,   49.87,   56.08,   39.47,   52.13,   57.72,   43.96
06/08/2013 23:10:00,   47.80,   53.60,   39.10,   50.68,   56.34,   43.25
06/08/2013 23:15:00,   50.23,   56.38,   39.84,   52.89,   58.21,   44.22
06/08/2013 23:20:00,   50.51,   56.41,   40.21,   52.88,   58.48,   44.89
06/08/2013 23:25:00,   49.06,   54.59,   40.78,   52.12,   57.30,   44.60
06/08/2013 23:30:00,   48.34,   54.07,   40.15,   51.53,   56.91,   44.19
06/08/2013 23:35:00,   45.94,   51.85,   39.03,   49.36,   54.61,   43.29
06/08/2013 23:40:00,   48.75,   54.83,   40.54,   51.53,   56.79,   44.85
06/08/2013 23:45:00,   49.03,   54.36,   40.41,   51.55,   56.04,   45.13
06/08/2013 23:50:00,   51.67,   56.64,   41.69,   54.16,   58.66,   45.38
06/08/2013 23:55:00,   48.31,   53.82,   39.72,   51.35,   56.34,   43.90

