# noise_analysis run from DCC-NOISE-001003 at Thu Dec  5 00:00:00 2013
# Monitoring unit located at 53.342609N 6.340721W
# logfile   = /home/root/noise_analysis.log
# cfg_dir   = /home/root/config
# outputdir = /home/root/noise
# Sensitivity = -26.271103
# Gain = 1.000000
# Time should be in local format (i.e. daylight savings time)
# dd/mm/yyyy hh:mm:ss, A Leq,   A L10,   A L95,   C Leq,   C L10,   C L95
05/12/2013 00:05:00,   55.80,   59.16,   51.13,   58.80,   61.76,   54.44
05/12/2013 00:10:00,   54.69,   59.01,   48.72,   57.83,   61.27,   52.37
05/12/2013 00:15:00,   55.64,   59.41,   50.58,   58.33,   61.93,   54.09
05/12/2013 00:20:00,   54.43,   58.69,   49.00,   57.34,   61.34,   52.68
05/12/2013 00:25:00,   54.28,   58.18,   48.25,   57.02,   60.19,   52.32
05/12/2013 00:30:00,   54.27,   58.98,   48.02,   58.53,   62.02,   52.22
05/12/2013 00:35:00,   55.06,   58.45,   49.67,   58.83,   62.42,   53.23
05/12/2013 00:40:00,   54.05,   59.13,   48.17,   58.11,   62.47,   53.03
05/12/2013 00:45:00,   55.25,   59.88,   49.47,   58.98,   62.17,   53.24
05/12/2013 00:50:00,   53.34,   58.38,   45.59,   56.19,   60.27,   50.65
05/12/2013 00:55:00,   54.92,   58.59,   48.49,   60.04,   64.84,   52.28
05/12/2013 01:00:00,   52.70,   57.04,   46.17,   57.00,   60.98,   50.68
05/12/2013 01:07:00,   54.30,   59.25,   48.37,   58.94,   63.74,   51.97
05/12/2013 01:12:00,   53.81,   58.59,   48.17,   57.73,   61.31,   51.98
05/12/2013 01:17:00,   53.82,   58.55,   48.13,   58.13,   61.93,   51.69
05/12/2013 01:22:00,   51.58,   56.12,   46.61,   54.98,   58.48,   50.86
05/12/2013 01:27:00,   51.56,   56.56,   46.31,   56.22,   60.42,   50.62
05/12/2013 01:32:00,   54.05,   59.41,   47.05,   58.10,   62.09,   51.93
05/12/2013 01:37:00,   53.89,   58.19,   47.05,   58.59,   62.60,   52.13
05/12/2013 01:42:00,   52.04,   56.44,   46.74,   58.08,   61.35,   51.27
05/12/2013 01:47:00,   51.55,   55.69,   46.17,   57.85,   63.42,   50.95
05/12/2013 01:52:00,   53.11,   57.80,   47.25,   59.09,   62.28,   52.44
05/12/2013 01:57:00,   51.52,   55.54,   46.95,   57.13,   61.38,   51.66
05/12/2013 02:02:00,   54.60,   59.07,   47.91,   59.68,   63.32,   52.52
05/12/2013 02:07:00,   53.97,   58.86,   47.64,   60.30,   62.30,   52.40
05/12/2013 02:12:00,   51.76,   55.86,   47.12,   55.80,   59.08,   51.83
05/12/2013 02:17:00,   52.55,   56.12,   47.44,   57.98,   61.82,   52.40
05/12/2013 02:22:00,   53.96,   58.42,   47.66,   58.88,   63.24,   52.02
05/12/2013 02:27:00,   52.26,   56.76,   46.66,   57.77,   62.49,   51.74
05/12/2013 02:32:00,   52.80,   56.46,   47.35,   57.81,   61.71,   52.24
05/12/2013 02:37:00,   55.30,   59.16,   47.89,   62.59,   65.73,   52.62
05/12/2013 02:42:00,   55.06,   59.40,   49.00,   62.93,   69.40,   53.49
05/12/2013 02:47:00,   52.98,   56.18,   48.45,   60.31,   65.43,   53.38
05/12/2013 02:52:00,   53.31,   56.83,   48.66,   59.34,   62.68,   53.30
05/12/2013 02:57:00,   55.05,   60.20,   49.02,   62.44,   68.31,   53.41
05/12/2013 03:02:00,   51.89,   55.44,   47.93,   58.44,   62.30,   53.23
05/12/2013 03:07:00,   56.45,   61.01,   49.43,   65.40,   72.23,   54.31
05/12/2013 03:12:00,   54.10,   57.78,   49.21,   59.84,   63.69,   53.69
05/12/2013 03:17:00,   56.29,   59.95,   48.87,   64.03,   69.05,   54.11
05/12/2013 03:22:00,   55.46,   60.09,   49.46,   61.65,   65.87,   54.79
05/12/2013 03:27:00,   56.21,   59.55,   50.63,   63.67,   69.12,   55.32
05/12/2013 03:32:00,   53.02,   57.07,   47.97,   59.99,   64.18,   53.02
05/12/2013 03:37:00,   53.95,   57.55,   48.67,   62.74,   68.50,   53.85
05/12/2013 03:42:00,   54.97,   58.45,   49.84,   61.76,   66.78,   54.59
05/12/2013 03:47:00,   58.43,   63.78,   48.62,   67.32,   74.36,   53.81
05/12/2013 03:52:00,   56.21,   60.30,   51.02,   65.02,   71.68,   55.60
05/12/2013 03:57:00,   56.52,   59.43,   51.92,   63.51,   67.60,   56.52
05/12/2013 04:02:00,   57.35,   60.90,   52.37,   66.33,   72.20,   57.44
05/12/2013 04:07:00,   58.14,   61.87,   53.02,   66.67,   72.32,   57.25
05/12/2013 04:12:00,   57.10,   60.30,   51.06,   65.60,   69.18,   56.59
05/12/2013 04:17:00,   61.09,   67.46,   52.30,   71.42,   78.95,   57.55
05/12/2013 04:22:00,   59.96,   62.89,   52.97,   69.13,   75.73,   57.82
05/12/2013 04:27:00,   59.63,   64.49,   51.02,   69.89,   76.37,   56.57
05/12/2013 04:32:00,   57.05,   60.32,   51.21,   65.71,   70.99,   55.68
05/12/2013 04:37:00,   57.00,   60.68,   51.33,   65.37,   71.25,   56.59
05/12/2013 04:42:00,   57.10,   60.05,   52.66,   64.31,   69.52,   57.68
05/12/2013 04:47:00,   61.01,   66.98,   53.14,   71.06,   79.28,   57.97
05/12/2013 04:52:00,   58.59,   62.36,   52.61,   66.55,   72.24,   57.61
05/12/2013 04:57:00,   61.81,   66.42,   53.82,   70.47,   77.80,   59.05
05/12/2013 05:02:00,   60.19,   65.11,   53.49,   70.26,   76.44,   59.00
05/12/2013 05:07:00,   60.28,   65.11,   53.91,   70.29,   77.43,   59.12
05/12/2013 05:12:00,   59.69,   63.99,   53.22,   68.65,   74.99,   58.17
05/12/2013 05:17:00,   59.92,   63.53,   53.15,   69.32,   75.02,   58.36
05/12/2013 05:22:00,   62.60,   67.05,   53.77,   71.91,   79.19,   58.56
05/12/2013 05:27:00,   60.66,   64.44,   54.19,   69.99,   76.56,   59.05
05/12/2013 05:32:00,   60.29,   62.98,   53.61,   68.64,   73.51,   58.78
05/12/2013 05:37:00,   60.56,   65.30,   53.83,   69.60,   76.69,   58.49
05/12/2013 05:42:00,   58.39,   61.77,   53.79,   67.41,   73.27,   58.00
05/12/2013 05:47:00,   62.63,   67.48,   55.56,   72.03,   79.18,   59.97
05/12/2013 05:52:00,   64.29,   70.76,   56.13,   74.27,   82.02,   61.36
05/12/2013 05:57:00,   63.00,   67.26,   54.37,   72.69,   79.48,   59.36
05/12/2013 06:02:00,   66.39,   73.46,   56.77,   76.76,   85.00,   62.19
05/12/2013 06:07:00,   65.84,   72.57,   57.03,   76.43,   83.59,   62.67
05/12/2013 06:12:00,   62.18,   67.00,   53.21,   71.66,   77.76,   58.08
05/12/2013 06:17:00,   68.59,   75.12,   57.05,   78.96,   86.29,   62.64
05/12/2013 06:22:00,   66.34,   71.64,   58.84,   76.27,   82.89,   64.47
05/12/2013 06:27:00,   65.65,   72.63,   55.94,   76.13,   83.53,   61.08
05/12/2013 06:32:00,   61.75,   65.65,   56.51,   71.09,   77.28,   61.16
05/12/2013 06:37:00,   64.25,   70.29,   56.74,   73.70,   81.31,   62.51
05/12/2013 06:42:00,   65.94,   71.36,   57.80,   75.85,   82.66,   62.49
05/12/2013 06:47:00,   62.51,   66.01,   56.57,   71.74,   77.90,   61.56
05/12/2013 06:52:00,   68.23,   75.41,   56.78,   78.97,   86.48,   62.27
05/12/2013 06:57:00,   63.65,   68.06,   57.55,   73.32,   79.95,   62.98
05/12/2013 07:02:00,   68.16,   73.43,   59.62,   79.00,   85.82,   65.91
05/12/2013 07:07:00,   66.48,   71.19,   57.46,   76.53,   83.31,   61.93
05/12/2013 07:12:00,   64.43,   69.27,   58.19,   73.71,   80.75,   63.01
05/12/2013 07:17:00,   65.09,   70.94,   58.12,   74.90,   82.18,   62.82
05/12/2013 07:22:00,   64.83,   68.81,   59.00,   74.15,   80.93,   64.47
05/12/2013 07:27:00,   64.29,   68.97,   58.17,   73.59,   80.64,   62.89
05/12/2013 07:32:00,   64.87,   70.31,   58.32,   74.74,   82.32,   62.79
05/12/2013 07:37:00,   66.51,   71.39,   59.34,   76.10,   82.75,   65.10
05/12/2013 07:42:00,   66.51,   70.52,   60.10,   76.18,   82.23,   64.49
05/12/2013 07:47:00,   66.81,   71.80,   59.30,   77.30,   83.28,   64.87
05/12/2013 07:52:00,   63.40,   65.96,   57.99,   72.48,   77.38,   62.74
05/12/2013 07:57:00,   70.35,   77.62,   60.09,   80.97,   89.91,   64.19
05/12/2013 08:02:00,   66.20,   71.27,   59.44,   76.49,   83.32,   64.34
05/12/2013 08:07:00,   66.86,   70.78,   59.11,   76.62,   83.46,   63.75
05/12/2013 08:12:00,   67.05,   72.62,   60.31,   76.86,   84.55,   65.23
05/12/2013 08:17:00,   69.26,   74.90,   60.81,   80.01,   87.55,   66.63
05/12/2013 08:22:00,   69.33,   73.58,   61.53,   79.27,   85.59,   66.85
05/12/2013 08:27:00,   66.41,   70.01,   59.43,   76.57,   82.24,   64.86
05/12/2013 08:32:00,   67.61,   73.14,   60.23,   77.81,   85.22,   65.10
05/12/2013 08:37:00,   66.68,   71.51,   61.55,   76.73,   83.37,   66.82
05/12/2013 08:42:00,   67.34,   71.47,   60.39,   76.98,   82.78,   65.98
05/12/2013 08:47:00,   65.18,   69.81,   59.90,   75.28,   82.05,   65.70
05/12/2013 08:52:00,   67.16,   71.84,   61.75,   77.17,   83.80,   67.50
05/12/2013 08:57:00,   67.57,   72.82,   61.22,   77.90,   85.05,   66.41
05/12/2013 09:02:00,   67.50,   72.10,   60.28,   77.73,   84.90,   66.22
05/12/2013 09:07:00,   69.87,   75.97,   60.28,   80.71,   88.19,   65.26
05/12/2013 09:12:00,   71.06,   77.65,   62.64,   81.92,   89.95,   67.39
05/12/2013 09:17:00,   68.41,   74.29,   60.30,   78.94,   86.72,   65.24
05/12/2013 09:22:00,   64.77,   67.86,   59.40,   73.80,   79.00,   64.45
05/12/2013 09:27:00,   66.20,   70.66,   61.18,   75.91,   82.88,   65.79
05/12/2013 09:32:00,   66.38,   71.22,   60.54,   75.51,   83.29,   65.33
05/12/2013 09:37:00,   68.36,   73.67,   59.42,   78.93,   85.78,   65.36
05/12/2013 09:42:00,   65.81,   69.69,   58.45,   75.21,   81.34,   63.92
05/12/2013 09:47:00,   70.05,   75.53,   60.72,   80.02,   86.74,   65.57
05/12/2013 09:52:00,   66.89,   72.01,   60.14,   76.91,   83.15,   64.91
05/12/2013 09:57:00,   66.69,   71.89,   60.23,   76.89,   84.01,   65.36
05/12/2013 10:02:00,   62.44,   65.34,   58.93,   71.03,   77.35,   63.91
05/12/2013 10:07:00,   65.60,   69.57,   59.59,   75.41,   81.84,   64.34
05/12/2013 10:12:00,   64.45,   68.58,   59.49,   74.08,   80.91,   64.64
05/12/2013 10:17:00,   67.42,   73.21,   60.03,   78.04,   85.23,   65.10
05/12/2013 10:22:00,   65.68,   71.55,   59.50,   75.80,   83.46,   64.01
05/12/2013 10:27:00,   66.76,   71.45,   59.14,   77.16,   83.67,   64.69
05/12/2013 10:32:00,   65.33,   70.70,   59.07,   75.19,   82.96,   63.54
05/12/2013 10:37:00,   66.40,   71.10,   57.88,   76.69,   83.04,   62.70
05/12/2013 10:42:00,   66.27,   71.82,   58.34,   76.38,   83.69,   63.01
05/12/2013 10:47:00,   64.16,   68.32,   58.95,   73.25,   80.31,   64.46
05/12/2013 10:52:00,   63.58,   67.65,   58.16,   72.81,   79.20,   62.05
05/12/2013 10:57:00,   64.13,   68.28,   60.16,   73.12,   80.35,   64.75
05/12/2013 11:02:00,   64.70,   68.26,   59.93,   73.36,   79.27,   63.85
05/12/2013 11:07:00,   68.10,   73.77,   59.89,   78.10,   86.14,   64.62
05/12/2013 11:12:00,   69.41,   76.41,   60.27,   78.92,   86.10,   65.73
05/12/2013 11:17:00,   65.89,   69.93,   60.47,   75.02,   81.21,   65.40
05/12/2013 11:22:00,   64.04,   66.41,   59.29,   71.18,   76.91,   63.74
05/12/2013 11:27:00,   65.59,   69.99,   59.31,   74.21,   81.33,   62.51
05/12/2013 11:32:00,   63.91,   67.06,   59.81,   71.08,   76.53,   63.27
05/12/2013 11:37:00,   62.49,   65.17,   58.31,   69.67,   74.88,   62.29
05/12/2013 11:42:00,   63.78,   67.32,   59.33,   72.16,   77.69,   63.31
05/12/2013 11:47:00,   65.96,   70.87,   59.96,   75.05,   81.96,   63.70
05/12/2013 11:52:00,   64.18,   65.76,   60.12,   71.65,   76.26,   63.61
05/12/2013 11:57:00,   65.13,   69.73,   59.79,   72.82,   79.96,   62.25
05/12/2013 12:02:00,   63.01,   65.49,   57.94,   69.72,   74.10,   62.43
05/12/2013 12:07:00,   66.19,   70.92,   59.89,   73.65,   79.81,   64.19
05/12/2013 12:12:00,   64.91,   68.62,   59.87,   71.92,   78.44,   64.00
05/12/2013 12:17:00,   62.96,   66.99,   58.06,   69.66,   75.36,   62.34
05/12/2013 12:22:00,   61.87,   64.21,   57.31,   67.94,   72.64,   61.43
05/12/2013 12:27:00,   66.27,   71.66,   60.17,   75.04,   82.83,   64.09
05/12/2013 12:32:00,   62.22,   64.83,   59.08,   68.47,   72.75,   63.25
05/12/2013 12:37:00,   62.88,   64.42,   59.13,   69.46,   71.21,   61.88
05/12/2013 12:42:00,   62.82,   65.45,   58.28,   69.18,   75.16,   62.47
05/12/2013 12:47:00,   62.32,   64.64,   58.67,   67.55,   72.56,   62.04
05/12/2013 12:52:00,   62.28,   63.43,   60.12,   66.70,   70.49,   62.68
05/12/2013 12:57:00,   61.28,   63.85,   57.55,   65.11,   67.51,   61.21
05/12/2013 13:02:00,   60.79,   62.97,   57.15,   65.08,   68.14,   60.77
05/12/2013 13:07:00,   61.91,   63.82,   58.53,   65.35,   67.77,   61.47
05/12/2013 13:12:00,   62.48,   64.70,   57.56,   64.71,   66.80,   60.96
05/12/2013 13:17:00,   61.01,   62.80,   58.10,   64.53,   66.68,   61.30
05/12/2013 13:22:00,   62.34,   64.36,   58.72,   66.91,   70.73,   61.96
05/12/2013 13:27:00,   62.17,   64.58,   58.56,   65.43,   68.24,   61.60
05/12/2013 13:32:00,   62.46,   63.87,   58.68,   65.70,   68.40,   61.69
05/12/2013 13:37:00,   59.61,   62.19,   56.56,   63.60,   66.03,   60.29
05/12/2013 13:42:00,   60.26,   62.89,   56.15,   66.52,   70.82,   59.55
05/12/2013 13:47:00,   61.58,   63.99,   57.01,   67.29,   71.46,   61.19
05/12/2013 13:52:00,   60.02,   61.89,   56.61,   65.56,   68.75,   61.26
05/12/2013 13:57:00,   59.56,   61.64,   56.26,   64.38,   67.87,   59.71
05/12/2013 14:02:00,   60.79,   62.94,   56.31,   65.57,   68.72,   60.87
05/12/2013 14:07:00,   58.97,   61.24,   55.65,   63.05,   65.22,   59.38
05/12/2013 14:12:00,   59.90,   62.12,   55.38,   66.84,   72.77,   59.41
05/12/2013 14:17:00,   58.29,   60.36,   55.96,   63.48,   66.02,   60.13
05/12/2013 14:22:00,   60.12,   62.76,   56.68,   65.13,   68.17,   61.46
05/12/2013 14:27:00,   59.09,   61.24,   55.68,   63.96,   67.10,   59.85
05/12/2013 14:32:00,   58.58,   60.56,   55.34,   63.17,   65.03,   58.86
05/12/2013 14:37:00,   59.33,   62.10,   55.60,   64.27,   67.22,   59.62
05/12/2013 14:42:00,   59.29,   61.04,   56.21,   62.70,   64.57,   60.08
05/12/2013 14:47:00,   61.19,   63.04,   58.05,   64.15,   66.34,   60.98
05/12/2013 14:52:00,   61.43,   62.98,   58.11,   64.20,   66.27,   61.23
05/12/2013 14:57:00,   62.07,   63.61,   59.76,   64.55,   66.57,   61.89
05/12/2013 15:02:00,   60.59,   62.60,   56.06,   64.95,   67.71,   60.17
05/12/2013 15:07:00,   61.09,   63.07,   56.55,   65.70,   69.74,   60.48
05/12/2013 15:12:00,   60.05,   62.22,   56.25,   63.77,   66.20,   59.96
05/12/2013 15:17:00,   59.63,   61.95,   55.57,   63.59,   65.93,   59.89
05/12/2013 15:22:00,   59.75,   62.31,   55.84,   64.23,   66.85,   60.33
05/12/2013 15:27:00,   59.66,   62.17,   55.32,   63.91,   66.67,   59.27
05/12/2013 15:32:00,   60.27,   62.69,   56.49,   66.24,   71.33,   60.48
05/12/2013 15:37:00,   61.16,   63.04,   57.29,   65.45,   68.74,   61.41
05/12/2013 15:42:00,   62.40,   64.07,   58.05,   64.36,   66.17,   60.48
05/12/2013 15:47:00,   59.20,   61.00,   55.04,   63.72,   66.04,   59.50
05/12/2013 15:52:00,   59.01,   61.35,   55.16,   65.41,   69.94,   60.03
05/12/2013 15:57:00,   60.35,   63.01,   56.24,   65.32,   68.89,   60.42
05/12/2013 16:02:00,   60.21,   62.52,   54.68,   64.35,   67.60,   58.63
05/12/2013 16:07:00,   59.80,   61.84,   56.63,   64.57,   67.63,   60.37
05/12/2013 16:12:00,   59.65,   62.11,   55.65,   64.04,   67.05,   59.31
05/12/2013 16:17:00,   59.17,   61.50,   56.11,   64.14,   66.81,   59.96
05/12/2013 16:22:00,   60.31,   62.55,   56.44,   64.35,   67.32,   60.13
05/12/2013 16:27:00,   59.88,   62.06,   56.34,   64.42,   66.71,   60.47
05/12/2013 16:32:00,   59.72,   61.86,   56.76,   65.41,   68.59,   61.22
05/12/2013 16:37:00,   59.41,   61.42,   55.72,   64.00,   66.54,   59.86
05/12/2013 16:42:00,   59.94,   62.11,   55.83,   64.04,   66.82,   59.25
05/12/2013 16:47:00,   60.37,   62.81,   56.17,   64.92,   69.37,   59.83
05/12/2013 16:52:00,   60.25,   62.48,   56.80,   65.01,   67.90,   60.21
05/12/2013 16:57:00,   60.93,   62.80,   56.91,   64.90,   67.43,   60.22
05/12/2013 17:02:00,   60.00,   61.95,   56.58,   63.22,   64.83,   60.20
05/12/2013 17:07:00,   58.74,   60.93,   55.40,   63.13,   65.49,   59.50
05/12/2013 17:12:00,   58.80,   60.92,   55.33,   63.33,   65.30,   59.46
05/12/2013 17:17:00,   60.22,   62.17,   55.24,   65.38,   68.51,   59.90
05/12/2013 17:22:00,   58.64,   60.77,   55.17,   63.07,   65.73,   59.57
05/12/2013 17:27:00,   60.66,   62.42,   55.87,   64.82,   67.11,   60.17
05/12/2013 17:32:00,   58.91,   61.22,   56.35,   63.59,   66.09,   60.56
05/12/2013 17:37:00,   58.94,   61.26,   55.90,   62.17,   64.27,   59.97
05/12/2013 17:42:00,   60.30,   62.53,   56.23,   63.45,   65.64,   60.02
05/12/2013 17:47:00,   60.35,   62.87,   55.90,   63.69,   66.02,   59.57
05/12/2013 17:52:00,   59.92,   62.25,   57.10,   64.07,   67.26,   60.69
05/12/2013 17:57:00,   59.35,   61.51,   55.74,   62.87,   65.10,   60.07
05/12/2013 18:02:00,   59.81,   61.42,   57.02,   63.23,   65.09,   60.60
05/12/2013 18:07:00,   59.52,   61.52,   56.65,   63.57,   65.31,   61.13
05/12/2013 18:12:00,   60.08,   62.24,   55.78,   63.36,   65.22,   60.38
05/12/2013 18:17:00,   60.16,   62.29,   56.78,   63.50,   65.39,   60.39
05/12/2013 18:22:00,   59.77,   61.84,   56.42,   63.48,   65.49,   60.06
05/12/2013 18:27:00,   60.16,   62.21,   56.63,   63.58,   65.57,   60.02
05/12/2013 18:32:00,   59.65,   61.99,   56.19,   62.57,   64.54,   59.85
05/12/2013 18:37:00,   59.81,   61.96,   56.21,   63.19,   64.79,   60.03
05/12/2013 18:42:00,   59.33,   61.92,   56.16,   63.30,   65.41,   59.59
05/12/2013 18:47:00,   59.92,   62.17,   56.07,   62.31,   64.11,   58.91
05/12/2013 18:52:00,   60.74,   63.02,   57.09,   63.19,   65.37,   60.36
05/12/2013 18:57:00,   60.28,   62.34,   56.37,   63.21,   65.13,   60.06
05/12/2013 19:02:00,   59.53,   61.53,   56.37,   62.46,   64.48,   59.67
05/12/2013 19:07:00,   60.62,   63.14,   57.27,   63.88,   66.61,   60.04
05/12/2013 19:12:00,   60.26,   61.92,   57.64,   63.45,   65.56,   60.81
05/12/2013 19:17:00,   60.95,   62.52,   57.62,   64.19,   66.05,   61.08
05/12/2013 19:22:00,   60.17,   62.17,   56.88,   63.14,   65.05,   60.02
05/12/2013 19:27:00,   59.85,   62.02,   56.37,   62.65,   64.92,   59.56
05/12/2013 19:32:00,   59.97,   62.37,   56.63,   63.30,   65.87,   59.58
05/12/2013 19:37:00,   60.37,   62.51,   56.45,   63.38,   65.79,   60.00
05/12/2013 19:42:00,   58.81,   61.31,   55.19,   61.74,   63.62,   58.79
05/12/2013 19:47:00,   59.43,   62.04,   55.31,   61.80,   63.74,   58.80
05/12/2013 19:52:00,   59.51,   62.37,   55.82,   62.47,   65.03,   59.22
05/12/2013 19:57:00,   58.75,   61.31,   55.42,   61.37,   63.84,   58.36
05/12/2013 20:02:00,   59.41,   61.65,   54.23,   62.62,   65.26,   58.23
05/12/2013 20:07:00,   58.36,   61.23,   54.39,   61.59,   64.38,   57.58
05/12/2013 20:12:00,   59.72,   62.36,   56.35,   62.01,   64.19,   58.74
05/12/2013 20:17:00,   59.85,   61.93,   55.69,   62.88,   65.23,   58.96
05/12/2013 20:22:00,   59.36,   62.18,   54.03,   62.80,   66.19,   58.16
05/12/2013 20:27:00,   59.75,   62.97,   54.48,   64.40,   68.43,   57.90
05/12/2013 20:32:00,   58.16,   60.55,   54.79,   61.60,   64.05,   57.85
05/12/2013 20:37:00,   60.16,   62.89,   56.33,   63.60,   66.19,   59.28
05/12/2013 20:42:00,   58.92,   61.81,   53.93,   61.13,   63.73,   56.75
05/12/2013 20:47:00,   58.43,   61.72,   54.27,   61.09,   63.91,   57.13
05/12/2013 20:52:00,   59.67,   62.99,   54.01,   62.93,   66.15,   57.16
05/12/2013 20:57:00,   58.77,   61.45,   54.29,   61.78,   64.45,   56.96
05/12/2013 21:02:00,   59.53,   62.67,   54.88,   63.03,   66.33,   57.67
05/12/2013 21:07:00,   58.28,   61.34,   52.60,   61.28,   63.91,   56.25
05/12/2013 21:12:00,   59.19,   62.03,   55.26,   61.61,   64.12,   58.43
05/12/2013 21:17:00,   59.04,   61.39,   55.66,   61.64,   63.84,   58.42
05/12/2013 21:22:00,   59.14,   62.38,   53.70,   61.72,   64.65,   56.53
05/12/2013 21:27:00,   58.80,   60.95,   54.78,   61.68,   64.01,   57.92
05/12/2013 21:32:00,   58.47,   60.94,   54.26,   60.68,   62.90,   56.74
05/12/2013 21:37:00,   59.62,   62.51,   56.12,   61.78,   63.89,   58.57
05/12/2013 21:42:00,   58.39,   61.04,   54.60,   61.05,   63.37,   57.44
05/12/2013 21:47:00,   58.72,   61.77,   54.43,   61.27,   64.03,   57.12
05/12/2013 21:52:00,   59.04,   61.63,   54.84,   61.49,   63.94,   57.89
05/12/2013 21:57:00,   58.15,   61.43,   53.05,   62.51,   66.03,   56.17
05/12/2013 22:02:00,   57.62,   61.19,   51.37,   60.44,   63.56,   54.75
05/12/2013 22:07:00,   59.30,   62.31,   54.01,   62.42,   66.41,   56.76
05/12/2013 22:12:00,   58.74,   61.39,   55.32,   61.70,   64.14,   58.05
05/12/2013 22:17:00,   58.73,   62.28,   53.60,   61.33,   64.81,   56.89
05/12/2013 22:22:00,   57.18,   60.47,   53.07,   60.00,   63.06,   55.86
05/12/2013 22:27:00,   57.30,   59.99,   52.40,   60.25,   63.18,   55.64
05/12/2013 22:32:00,   58.17,   61.40,   53.12,   61.46,   64.54,   56.69
05/12/2013 22:37:00,   57.26,   60.53,   52.27,   59.82,   62.44,   55.69
05/12/2013 22:42:00,   57.82,   60.67,   53.51,   60.53,   63.04,   56.31
05/12/2013 22:47:00,   57.48,   60.56,   52.33,   60.22,   63.07,   56.18
05/12/2013 22:52:00,   56.57,   60.39,   52.05,   59.23,   62.08,   55.16
05/12/2013 22:57:00,   58.47,   62.35,   53.25,   61.04,   64.13,   56.47
05/12/2013 23:02:00,   55.45,   59.95,   50.76,   58.03,   61.61,   54.27
05/12/2013 23:07:00,   56.36,   60.75,   51.64,   59.40,   63.34,   54.89
05/12/2013 23:12:00,   56.06,   59.94,   51.27,   59.05,   62.27,   54.90
05/12/2013 23:17:00,   57.52,   61.53,   51.58,   60.99,   64.18,   54.89
05/12/2013 23:22:00,   57.14,   61.02,   50.71,   59.35,   62.55,   54.46
05/12/2013 23:27:00,   55.76,   59.00,   51.01,   57.86,   60.90,   53.76
05/12/2013 23:32:00,   56.53,   60.00,   51.35,   59.57,   62.84,   54.60
05/12/2013 23:37:00,   56.29,   59.74,   51.72,   58.91,   62.10,   54.84
05/12/2013 23:42:00,   55.42,   59.40,   49.65,   58.14,   61.89,   53.35
05/12/2013 23:47:00,   55.33,   59.32,   50.13,   57.60,   60.90,   53.51
05/12/2013 23:52:00,   56.97,   60.98,   50.95,   59.58,   62.93,   54.09
05/12/2013 23:57:00,   56.78,   60.76,   51.14,   58.94,   62.23,   54.23

