# noise_analysis run from DCC-NOISE-001003 at Sun May  5 00:00:00 2013
# Monitoring unit located at 53.342609N 6.340721W
# logfile   = /home/root/noise_analysis.log
# cfg_dir   = /home/root/config
# outputdir = /home/root/noise
# Sensitivity = -26.271103
# Gain = 1.000000
# Time should be in local format (i.e. daylight savings time)
# dd/mm/yyyy hh:mm:ss, A Leq,   A L10,   A L95,   C Leq,   C L10,   C L95
05/05/2013 00:05:00,   55.74,   59.59,   49.81,   58.62,   62.48,   53.00
05/05/2013 00:10:00,   55.61,   59.73,   49.46,   59.64,   64.48,   52.74
05/05/2013 00:15:00,   55.20,   58.87,   48.74,   59.37,   63.03,   51.61
05/05/2013 00:20:00,   54.96,   58.15,   50.42,   58.43,   62.72,   53.09
05/05/2013 00:25:00,   54.56,   58.07,   49.98,   58.17,   61.98,   52.60
05/05/2013 00:30:00,   54.93,   57.90,   49.74,   57.50,   60.38,   52.72
05/05/2013 00:35:00,   53.84,   58.29,   47.77,   57.41,   60.76,   51.80
05/05/2013 00:40:00,   54.41,   59.10,   46.71,   57.95,   62.47,   49.80
05/05/2013 00:45:00,   53.33,   58.29,   47.04,   55.88,   60.44,   49.74
05/05/2013 00:50:00,   53.90,   58.41,   48.11,   56.51,   60.78,   50.97
05/05/2013 00:55:00,   54.07,   58.53,   47.85,   57.03,   60.84,   51.17
05/05/2013 01:00:00,   54.04,   58.25,   48.44,   56.52,   60.78,   51.23
05/05/2013 01:05:00,   55.50,   59.09,   49.27,   57.27,   60.53,   52.17
05/05/2013 01:10:00,   52.71,   56.89,   45.97,   55.58,   59.36,   49.50
05/05/2013 01:15:00,   55.18,   59.40,   48.78,   56.83,   60.70,   51.09
05/05/2013 01:20:00,   53.26,   57.62,   46.62,   56.00,   60.71,   49.68
05/05/2013 01:25:00,   55.03,   59.35,   48.77,   56.78,   60.65,   51.45
05/05/2013 01:30:00,   53.85,   58.63,   46.44,   56.00,   60.28,   49.67
05/05/2013 01:35:00,   52.69,   57.42,   44.65,   55.09,   59.78,   47.70
05/05/2013 01:40:00,   51.48,   56.48,   45.40,   53.94,   58.48,   48.70
05/05/2013 01:45:00,   53.70,   59.14,   46.19,   55.91,   60.48,   49.11
05/05/2013 01:50:00,   53.21,   57.90,   44.02,   55.84,   60.07,   47.78
05/05/2013 01:55:00,   54.33,   58.05,   48.16,   56.24,   59.65,   50.50
05/05/2013 02:00:00,   53.49,   58.23,   47.03,   55.82,   60.13,   49.99
05/05/2013 02:05:00,   53.97,   58.47,   46.66,   56.63,   60.74,   50.04
05/05/2013 02:10:00,   54.00,   57.59,   47.62,   56.35,   59.42,   50.38
05/05/2013 02:15:00,   52.88,   56.83,   45.98,   55.72,   59.86,   48.45
05/05/2013 02:20:00,   53.38,   58.35,   44.68,   55.47,   60.15,   47.38
05/05/2013 02:25:00,   52.80,   58.67,   43.04,   55.12,   60.00,   46.48
05/05/2013 02:30:00,   52.22,   56.37,   45.91,   54.65,   58.50,   48.94
05/05/2013 02:35:00,   53.61,   58.75,   47.23,   55.80,   60.50,   49.80
05/05/2013 02:40:00,   54.03,   59.10,   45.39,   55.83,   60.20,   48.51
05/05/2013 02:45:00,   51.51,   56.61,   44.01,   53.75,   58.53,   47.25
05/05/2013 02:50:00,   53.01,   57.66,   45.54,   55.36,   60.20,   49.00
05/05/2013 02:55:00,   52.23,   57.47,   43.00,   54.35,   59.02,   46.55
05/05/2013 03:00:00,   53.89,   58.66,   45.32,   56.21,   60.56,   49.19
05/05/2013 03:05:00,   53.76,   58.66,   44.20,   55.71,   60.28,   47.45
05/05/2013 03:10:00,   52.64,   57.78,   44.79,   55.27,   59.48,   48.03
05/05/2013 03:15:00,   52.59,   58.82,   42.34,   55.13,   61.45,   45.42
05/05/2013 03:20:00,   51.78,   57.47,   42.42,   55.22,   60.20,   46.27
05/05/2013 03:25:00,   53.14,   57.63,   44.70,   55.65,   59.76,   47.51
05/05/2013 03:30:00,   51.37,   56.30,   44.57,   53.97,   58.37,   47.76
05/05/2013 03:35:00,   52.24,   57.58,   43.56,   55.05,   59.62,   46.80
05/05/2013 03:40:00,   52.18,   57.01,   43.67,   54.50,   59.21,   47.57
05/05/2013 03:45:00,   52.35,   57.09,   44.48,   54.90,   59.28,   47.73
05/05/2013 03:50:00,   51.49,   56.73,   42.65,   54.34,   58.92,   45.92
05/05/2013 03:55:00,   49.66,   55.74,   41.83,   52.61,   58.17,   45.47
05/05/2013 04:00:00,   50.41,   55.25,   44.55,   53.08,   58.49,   47.29
05/05/2013 04:05:00,   50.95,   55.15,   44.09,   53.31,   56.95,   46.51
05/05/2013 04:10:00,   53.32,   59.29,   44.30,   55.37,   60.60,   47.28
05/05/2013 04:15:00,   49.43,   54.67,   43.80,   52.05,   56.35,   46.49
05/05/2013 04:20:00,   51.52,   56.89,   44.76,   54.16,   58.83,   47.73
05/05/2013 04:25:00,   51.59,   57.84,   43.95,   54.80,   59.37,   47.70
05/05/2013 04:30:00,   49.89,   56.48,   43.61,   52.66,   57.98,   46.84
05/05/2013 04:35:00,   50.84,   56.61,   42.80,   53.29,   58.15,   46.36
05/05/2013 04:40:00,   51.91,   57.95,   44.03,   53.56,   59.16,   46.80
05/05/2013 04:45:00,   51.38,   58.12,   42.65,   53.44,   59.28,   45.94
05/05/2013 04:50:00,   50.63,   54.94,   43.96,   53.27,   57.80,   46.43
05/05/2013 04:55:00,   52.02,   56.89,   46.12,   53.89,   58.54,   48.13
05/05/2013 05:00:00,   52.77,   57.05,   47.31,   54.64,   58.96,   48.62
05/05/2013 05:05:00,   52.83,   56.22,   47.15,   54.90,   59.23,   48.92
05/05/2013 05:10:00,   53.34,   58.52,   45.19,   54.66,   59.40,   47.52
05/05/2013 05:15:00,   49.81,   53.95,   44.31,   51.43,   55.49,   46.43
05/05/2013 05:20:00,   53.89,   59.91,   44.66,   55.74,   60.62,   47.33
05/05/2013 05:25:00,   55.86,   61.67,   45.92,   55.62,   60.41,   47.89
05/05/2013 05:30:00,   54.36,   59.37,   45.63,   54.94,   59.09,   48.56
05/05/2013 05:35:00,   50.09,   54.54,   42.95,   52.42,   56.01,   46.89
05/05/2013 05:40:00,   51.86,   57.14,   44.17,   53.86,   59.53,   46.50
05/05/2013 05:45:00,   51.80,   57.36,   44.66,   54.00,   59.10,   47.77
05/05/2013 05:50:00,   50.27,   56.70,   42.54,   52.12,   57.89,   45.55
05/05/2013 05:55:00,   52.77,   57.21,   46.14,   54.70,   58.98,   48.73
05/05/2013 06:00:00,   49.27,   54.41,   43.88,   50.95,   55.67,   46.06
05/05/2013 06:05:00,   49.07,   53.36,   42.72,   52.59,   57.64,   46.20
05/05/2013 06:10:00,   52.03,   57.52,   44.82,   54.81,   59.71,   48.50
05/05/2013 06:15:00,   52.93,   57.78,   42.94,   54.29,   58.78,   45.93
05/05/2013 06:20:00,   51.59,   56.89,   44.14,   53.73,   58.53,   47.64
05/05/2013 06:25:00,   51.15,   56.85,   43.79,   52.17,   56.41,   46.87
05/05/2013 06:30:00,   51.68,   57.03,   44.26,   53.79,   58.57,   47.15
05/05/2013 06:35:00,   52.29,   57.54,   44.87,   56.99,   62.96,   47.61
05/05/2013 06:40:00,   50.79,   56.53,   44.25,   55.56,   61.89,   47.50
05/05/2013 06:45:00,   51.30,   56.62,   45.32,   55.42,   60.18,   48.83
05/05/2013 06:50:00,   52.13,   56.24,   46.14,   56.36,   61.20,   49.68
05/05/2013 06:55:00,   53.44,   58.55,   44.69,   55.15,   59.91,   48.62
05/05/2013 07:00:00,   54.52,   60.29,   45.33,   57.29,   63.22,   48.65
05/05/2013 07:05:00,   52.61,   58.67,   45.14,   56.80,   62.30,   48.18
05/05/2013 07:10:00,   50.95,   57.02,   44.30,   55.08,   61.58,   47.20
05/05/2013 07:15:00,   53.00,   56.88,   45.43,   55.90,   60.14,   49.36
05/05/2013 07:20:00,   52.46,   57.76,   45.06,   54.03,   58.94,   48.65
05/05/2013 07:25:00,   57.16,   62.48,   46.83,   61.62,   68.99,   50.34
05/05/2013 07:30:00,   54.10,   58.67,   48.28,   57.39,   61.44,   51.94
05/05/2013 07:35:00,   51.15,   55.63,   46.39,   56.41,   59.59,   50.64
05/05/2013 07:40:00,   55.30,   59.95,   47.23,   59.89,   66.66,   51.77
05/05/2013 07:45:00,   55.20,   60.57,   47.04,   57.73,   62.87,   50.72
05/05/2013 07:50:00,   53.59,   58.37,   45.32,   56.90,   61.27,   49.62
05/05/2013 07:55:00,   54.02,   59.01,   47.17,   58.15,   63.82,   50.21
05/05/2013 08:00:00,   54.19,   58.10,   46.12,   57.56,   61.73,   50.07
05/05/2013 08:05:00,   53.14,   57.77,   46.31,   56.51,   61.02,   50.11
05/05/2013 08:10:00,   51.42,   55.88,   45.19,   56.70,   61.55,   49.55
05/05/2013 08:15:00,   55.99,   61.95,   45.43,   60.12,   67.26,   48.53
05/05/2013 08:20:00,   54.52,   58.75,   47.58,   59.30,   64.40,   51.67
05/05/2013 08:25:00,   50.97,   54.66,   45.41,   55.14,   58.46,   48.58
05/05/2013 08:30:00,   51.66,   55.83,   46.28,   54.45,   58.18,   49.25
05/05/2013 08:35:00,   54.69,   58.77,   48.10,   59.89,   65.16,   52.20
05/05/2013 08:40:00,   52.75,   57.10,   46.08,   56.16,   60.08,   50.14
05/05/2013 08:45:00,   54.22,   57.74,   48.50,   58.89,   63.90,   51.32
05/05/2013 08:50:00,   56.02,   59.58,   50.66,   60.38,   63.86,   54.00
05/05/2013 08:55:00,   53.40,   57.10,   47.94,   57.90,   61.42,   50.98
05/05/2013 09:00:00,   53.38,   56.82,   47.62,   57.05,   61.05,   50.81
05/05/2013 09:05:00,   56.74,   61.21,   48.85,   59.58,   64.44,   52.09
05/05/2013 09:10:00,   52.75,   56.18,   47.52,   56.14,   59.06,   50.87
05/05/2013 09:15:00,   54.18,   58.03,   48.25,   57.55,   60.95,   52.13
05/05/2013 09:20:00,   54.58,   57.74,   49.45,   58.64,   60.36,   52.58
05/05/2013 09:25:00,   55.50,   59.61,   50.31,   59.62,   62.94,   53.11
05/05/2013 09:30:00,   54.82,   58.20,   49.94,   60.80,   64.94,   54.73
05/05/2013 09:35:00,   57.04,   61.05,   51.59,   60.70,   64.83,   54.38
05/05/2013 09:40:00,   54.91,   57.65,   50.26,   57.92,   60.94,   52.67
05/05/2013 09:45:00,   55.42,   57.80,   52.04,   59.51,   62.14,   55.73
05/05/2013 09:50:00,   55.24,   58.46,   49.51,   60.87,   65.09,   54.20
05/05/2013 09:55:00,   54.51,   58.11,   50.41,   58.58,   61.94,   53.74
05/05/2013 10:00:00,   57.16,   61.41,   50.84,   60.80,   65.62,   53.62
05/05/2013 10:05:00,   55.44,   58.49,   50.05,   59.56,   63.30,   53.56
05/05/2013 10:10:00,   55.46,   59.16,   49.14,   59.16,   63.14,   52.42
05/05/2013 10:15:00,   55.15,   58.76,   50.23,   58.21,   61.00,   54.25
05/05/2013 10:20:00,   55.72,   59.10,   50.89,   59.54,   62.19,   55.36
05/05/2013 10:25:00,   57.67,   61.83,   52.13,   61.74,   65.58,   56.10
05/05/2013 10:30:00,   56.34,   59.38,   52.04,   62.04,   65.40,   56.71
05/05/2013 10:35:00,   55.99,   59.03,   51.64,   60.87,   63.36,   56.76
05/05/2013 10:40:00,   57.18,   60.68,   52.06,   61.84,   65.40,   57.36
05/05/2013 10:45:00,   57.95,   60.46,   54.54,   63.63,   65.84,   59.74
05/05/2013 10:50:00,   57.57,   60.19,   53.28,   62.63,   65.17,   56.47
05/05/2013 10:55:00,   55.09,   58.40,   50.52,   58.83,   62.06,   53.05
05/05/2013 11:00:00,   57.23,   59.99,   53.22,   60.75,   63.67,   56.47
05/05/2013 11:05:00,   56.09,   58.98,   50.95,   60.73,   64.44,   54.65
05/05/2013 11:10:00,   55.24,   57.96,   51.75,   60.05,   62.44,   56.06
05/05/2013 11:15:00,   57.14,   59.95,   51.48,   60.62,   64.24,   54.92
05/05/2013 11:20:00,   56.86,   59.48,   51.16,   60.92,   64.44,   54.28
05/05/2013 11:25:00,   56.74,   59.51,   52.14,   60.97,   64.57,   55.44
05/05/2013 11:30:00,   56.80,   59.65,   51.31,   60.39,   64.02,   55.23
05/05/2013 11:35:00,   56.04,   58.91,   52.02,   60.40,   63.82,   55.90
05/05/2013 11:40:00,   59.76,   63.94,   53.49,   64.15,   69.29,   57.75
05/05/2013 11:45:00,   57.27,   60.92,   50.78,   61.56,   65.65,   54.74
05/05/2013 11:50:00,   57.72,   61.11,   52.57,   61.79,   65.11,   57.20
05/05/2013 11:55:00,   56.74,   59.13,   52.57,   60.06,   62.15,   56.54
05/05/2013 12:00:00,   59.17,   62.54,   53.42,   62.28,   65.09,   57.10
05/05/2013 12:05:00,   56.88,   60.00,   52.05,   60.45,   63.50,   55.73
05/05/2013 12:10:00,   56.64,   59.72,   51.42,   59.59,   62.14,   54.46
05/05/2013 12:15:00,   56.15,   59.93,   51.18,   59.43,   62.28,   54.20
05/05/2013 12:20:00,   56.93,   60.07,   52.20,   60.44,   63.62,   55.25
05/05/2013 12:25:00,   57.00,   59.62,   52.77,   60.53,   62.86,   56.86
05/05/2013 12:30:00,   56.74,   59.22,   51.77,   59.54,   61.80,   55.05
05/05/2013 12:35:00,   57.77,   61.14,   53.02,   62.62,   67.78,   57.03
05/05/2013 12:40:00,   56.95,   59.27,   53.12,   60.96,   63.18,   57.86
05/05/2013 12:45:00,   58.71,   61.49,   52.76,   61.28,   64.18,   56.12
05/05/2013 12:50:00,   58.57,   61.72,   53.38,   61.37,   63.96,   57.20
05/05/2013 12:55:00,   56.69,   59.01,   52.84,   60.01,   62.32,   56.22
05/05/2013 13:00:00,   56.46,   59.37,   52.20,   59.95,   62.46,   56.37
05/05/2013 13:05:00,   57.48,   60.49,   52.32,   61.10,   64.65,   56.34
05/05/2013 13:10:00,   56.51,   59.26,   52.17,   59.83,   62.27,   55.10
05/05/2013 13:15:00,   55.92,   58.76,   51.16,   59.45,   62.02,   54.33
05/05/2013 13:20:00,   57.25,   60.42,   51.77,   61.91,   65.08,   56.58
05/05/2013 13:25:00,   57.23,   59.73,   53.29,   60.63,   62.54,   57.07
05/05/2013 13:30:00,   57.71,   61.05,   51.98,   62.54,   65.29,   56.57
05/05/2013 13:35:00,   59.13,   62.74,   53.49,   63.19,   67.35,   57.24
05/05/2013 13:40:00,   60.02,   60.76,   52.58,   63.46,   65.19,   55.61
05/05/2013 13:45:00,   58.12,   60.29,   53.91,   61.21,   63.29,   56.95
05/05/2013 13:50:00,   56.64,   59.53,   51.85,   60.38,   62.96,   55.86
05/05/2013 13:55:00,   57.37,   60.03,   52.65,   60.05,   62.49,   55.66
05/05/2013 14:00:00,   56.93,   59.28,   52.27,   59.59,   61.65,   55.31
05/05/2013 14:05:00,   57.44,   60.03,   53.89,   61.41,   64.35,   57.20
05/05/2013 14:10:00,   56.54,   59.14,   52.82,   61.67,   63.99,   57.30
05/05/2013 14:15:00,   56.62,   59.18,   52.01,   59.84,   62.47,   54.97
05/05/2013 14:20:00,   56.37,   59.21,   51.23,   59.37,   62.50,   54.83
05/05/2013 14:25:00,   69.07,   72.45,   51.76,   68.42,   71.63,   55.60
05/05/2013 14:30:00,   70.56,   72.87,   66.85,   69.35,   71.55,   65.73
05/05/2013 14:35:00,   70.99,   72.60,   68.52,   69.95,   71.59,   67.56
05/05/2013 14:40:00,   70.38,   71.93,   68.15,   69.21,   70.77,   66.93
05/05/2013 14:45:00,   64.92,   71.80,   51.96,   65.78,   70.71,   55.06
05/05/2013 14:50:00,   70.78,   72.28,   68.67,   69.60,   70.97,   67.65
05/05/2013 14:55:00,   70.27,   72.34,   67.14,   69.02,   70.95,   66.20
05/05/2013 15:00:00,   70.63,   72.40,   68.16,   69.46,   71.02,   66.89
05/05/2013 15:05:00,   68.44,   71.65,   52.08,   67.68,   70.44,   56.57
05/05/2013 15:10:00,   68.01,   72.51,   50.84,   67.22,   71.16,   54.88
05/05/2013 15:15:00,   70.84,   72.78,   67.83,   69.66,   71.62,   66.70
05/05/2013 15:20:00,   70.87,   72.74,   68.31,   69.64,   71.34,   67.14
05/05/2013 15:25:00,   71.01,   72.88,   68.37,   69.82,   71.58,   67.36
05/05/2013 15:30:00,   62.94,   70.99,   49.91,   63.37,   69.69,   53.53
05/05/2013 15:35:00,   55.72,   58.86,   50.25,   59.87,   62.29,   55.23
05/05/2013 15:40:00,   56.50,   59.31,   51.64,   60.08,   62.55,   56.02
05/05/2013 15:45:00,   56.73,   59.93,   51.74,   60.56,   63.64,   55.74
05/05/2013 15:50:00,   55.84,   58.75,   51.61,   59.84,   62.46,   55.81
05/05/2013 15:55:00,   56.41,   59.86,   48.96,   60.84,   64.35,   52.94
05/05/2013 16:00:00,   55.65,   59.26,   50.76,   58.41,   62.09,   53.43
05/05/2013 16:05:00,   55.68,   58.92,   50.52,   60.08,   63.61,   54.00
05/05/2013 16:10:00,   56.39,   59.25,   52.10,   60.33,   63.68,   55.64
05/05/2013 16:15:00,   61.53,   69.11,   52.73,   63.96,   69.40,   55.88
05/05/2013 16:20:00,   70.27,   72.27,   67.17,   69.20,   71.14,   66.05
05/05/2013 16:25:00,   70.55,   72.51,   67.65,   69.25,   71.11,   66.62
05/05/2013 16:30:00,   70.40,   72.13,   67.47,   69.87,   71.58,   66.70
05/05/2013 16:35:00,   68.38,   71.87,   51.83,   67.46,   70.46,   56.40
05/05/2013 16:40:00,   57.95,   60.78,   51.61,   61.54,   63.43,   55.23
05/05/2013 16:45:00,   56.31,   59.63,   50.44,   62.10,   65.09,   53.68
05/05/2013 16:50:00,   55.81,   58.65,   51.34,   59.08,   62.28,   54.51
05/05/2013 16:55:00,   59.09,   62.56,   53.07,   61.91,   66.13,   55.57
05/05/2013 17:00:00,   68.15,   71.82,   56.20,   67.38,   70.89,   57.68
05/05/2013 17:05:00,   70.44,   72.11,   67.83,   69.38,   71.02,   66.87
05/05/2013 17:10:00,   70.08,   71.82,   67.21,   68.98,   70.73,   66.44
05/05/2013 17:15:00,   70.23,   72.30,   67.19,   69.06,   71.06,   66.13
05/05/2013 17:20:00,   62.41,   70.96,   52.94,   64.11,   69.79,   56.87
05/05/2013 17:25:00,   56.91,   60.01,   51.69,   59.96,   62.96,   55.23
05/05/2013 17:30:00,   60.58,   69.00,   52.27,   64.46,   73.53,   55.98
05/05/2013 17:35:00,   58.96,   61.21,   51.20,   62.44,   64.75,   54.32
05/05/2013 17:40:00,   56.91,   59.66,   52.33,   60.29,   62.94,   55.21
05/05/2013 17:45:00,   56.22,   59.21,   51.60,   58.71,   61.06,   55.24
05/05/2013 17:50:00,   56.41,   59.33,   51.45,   59.18,   61.81,   55.36
05/05/2013 17:55:00,   56.92,   59.77,   51.45,   61.41,   63.73,   55.45
05/05/2013 18:00:00,   57.28,   60.17,   51.40,   60.98,   63.74,   55.18
05/05/2013 18:05:00,   56.96,   59.66,   51.68,   61.56,   65.22,   56.19
05/05/2013 18:10:00,   57.43,   61.01,   52.37,   60.43,   63.84,   55.16
05/05/2013 18:15:00,   56.40,   59.50,   51.54,   59.41,   61.87,   55.55
05/05/2013 18:20:00,   57.78,   61.25,   50.52,   61.72,   64.90,   53.68
05/05/2013 18:25:00,   58.44,   60.86,   54.19,   61.11,   63.97,   55.68
05/05/2013 18:30:00,   58.37,   61.21,   52.16,   60.89,   63.72,   55.40
05/05/2013 18:35:00,   57.58,   60.40,   52.87,   61.43,   64.65,   57.44
05/05/2013 18:40:00,   57.00,   60.16,   52.03,   59.03,   61.96,   54.30
05/05/2013 18:45:00,   56.99,   59.72,   52.68,   60.06,   62.95,   55.31
05/05/2013 18:50:00,   56.99,   59.80,   52.87,   59.54,   62.34,   55.25
05/05/2013 18:55:00,   56.59,   59.24,   52.89,   59.15,   61.44,   56.09
05/05/2013 19:00:00,   56.34,   58.95,   52.46,   59.92,   62.87,   55.89
05/05/2013 19:05:00,   57.01,   60.21,   51.05,   60.60,   63.86,   54.50
05/05/2013 19:10:00,   56.89,   59.98,   50.71,   59.95,   63.10,   54.89
05/05/2013 19:15:00,   57.14,   60.82,   52.04,   61.12,   64.05,   55.49
05/05/2013 19:20:00,   56.49,   59.45,   52.04,   59.74,   62.28,   55.91
05/05/2013 19:25:00,   57.30,   60.01,   52.71,   60.08,   62.43,   55.98
05/05/2013 19:30:00,   68.08,   71.69,   52.55,   67.19,   70.36,   55.07
05/05/2013 19:35:00,   70.65,   72.12,   68.29,   69.62,   71.15,   67.13
05/05/2013 19:40:00,   70.66,   72.30,   67.63,   69.37,   70.96,   66.79
05/05/2013 19:45:00,   70.32,   71.64,   67.85,   69.09,   70.49,   66.60
05/05/2013 19:50:00,   62.47,   70.87,   52.32,   63.94,   70.30,   55.72
05/05/2013 19:55:00,   56.65,   59.73,   52.31,   60.33,   63.76,   55.67
05/05/2013 20:00:00,   56.33,   59.70,   51.06,   59.37,   62.52,   53.67
05/05/2013 20:05:00,   58.57,   61.99,   51.37,   62.51,   66.60,   55.52
05/05/2013 20:10:00,   57.08,   60.03,   52.07,   60.08,   62.58,   55.62
05/05/2013 20:15:00,   56.95,   60.36,   50.41,   60.18,   63.49,   53.15
05/05/2013 20:20:00,   56.67,   59.95,   51.72,   59.33,   62.04,   54.14
05/05/2013 20:25:00,   55.67,   58.42,   49.80,   59.04,   62.10,   53.00
05/05/2013 20:30:00,   56.10,   59.81,   49.92,   58.77,   62.06,   52.67
05/05/2013 20:35:00,   56.58,   60.07,   50.33,   59.44,   62.68,   53.73
05/05/2013 20:40:00,   56.62,   59.40,   50.80,   59.46,   62.12,   54.64
05/05/2013 20:45:00,   58.82,   61.73,   53.24,   61.69,   64.60,   56.67
05/05/2013 20:50:00,   56.22,   59.11,   51.64,   59.71,   62.15,   55.70
05/05/2013 20:55:00,   55.91,   60.20,   49.36,   59.98,   63.59,   52.66
05/05/2013 21:00:00,   55.81,   59.83,   48.96,   59.22,   63.16,   51.17
05/05/2013 21:05:00,   54.48,   58.23,   48.20,   57.16,   60.40,   51.02
05/05/2013 21:10:00,   57.44,   60.73,   51.55,   59.36,   62.29,   54.22
05/05/2013 21:15:00,   56.54,   59.58,   50.66,   59.22,   62.04,   53.84
05/05/2013 21:20:00,   57.22,   60.58,   50.67,   59.06,   62.82,   53.41
05/05/2013 21:25:00,   56.67,   60.18,   51.22,   58.90,   62.39,   53.47
05/05/2013 21:30:00,   56.76,   60.16,   49.44,   59.20,   63.31,   52.36
05/05/2013 21:35:00,   56.71,   59.78,   50.65,   58.70,   61.49,   53.05
05/05/2013 21:40:00,   56.67,   60.74,   49.85,   58.84,   62.56,   52.62
05/05/2013 21:45:00,   55.42,   59.44,   48.39,   59.15,   63.04,   51.78
05/05/2013 21:50:00,   54.69,   57.92,   49.78,   58.53,   62.28,   52.72
05/05/2013 21:55:00,   55.32,   58.45,   47.77,   58.12,   60.87,   50.94
05/05/2013 22:00:00,   55.26,   58.68,   49.16,   58.91,   62.62,   51.91
05/05/2013 22:05:00,   57.54,   60.52,   51.95,   60.20,   63.45,   54.63
05/05/2013 22:10:00,   56.22,   59.66,   49.91,   60.26,   64.60,   52.86
05/05/2013 22:15:00,   54.69,   58.88,   50.03,   57.72,   61.43,   53.07
05/05/2013 22:20:00,   54.99,   59.01,   49.73,   57.59,   61.38,   52.09
05/05/2013 22:25:00,   54.71,   58.69,   47.10,   57.30,   61.53,   50.71
05/05/2013 22:30:00,   54.34,   58.04,   47.72,   56.60,   59.94,   50.57
05/05/2013 22:35:00,   66.71,   71.60,   51.11,   65.89,   70.34,   53.52
05/05/2013 22:40:00,   65.01,   71.49,   46.99,   64.28,   70.13,   50.16
05/05/2013 22:45:00,   54.69,   58.36,   49.12,   57.69,   61.40,   51.03
05/05/2013 22:50:00,   54.06,   58.22,   47.12,   56.46,   60.94,   49.73
05/05/2013 22:55:00,   56.52,   60.88,   49.99,   59.34,   63.42,   52.58
05/05/2013 23:00:00,   54.19,   58.31,   47.61,   56.50,   59.77,   50.87
05/05/2013 23:05:00,   54.69,   59.59,   47.46,   57.53,   61.18,   50.78
05/05/2013 23:10:00,   55.19,   59.16,   48.19,   58.82,   63.58,   51.82
05/05/2013 23:15:00,   53.41,   58.35,   46.80,   55.90,   60.46,   49.37
05/05/2013 23:20:00,   54.12,   59.02,   47.83,   56.51,   61.33,   50.56
05/05/2013 23:25:00,   55.41,   59.03,   49.42,   57.42,   60.86,   51.86
05/05/2013 23:30:00,   53.40,   57.94,   45.67,   56.31,   61.08,   48.38
05/05/2013 23:35:00,   52.82,   58.01,   45.77,   56.24,   61.48,   48.82
05/05/2013 23:40:00,   53.66,   57.72,   46.97,   56.32,   59.79,   50.31
05/05/2013 23:45:00,   54.49,   60.52,   45.59,   57.62,   63.86,   48.73
05/05/2013 23:50:00,   54.84,   58.77,   47.63,   56.89,   60.75,   50.46
05/05/2013 23:56:00,   52.21,   57.64,   44.81,   55.60,   60.31,   48.02

