# noise_analysis run from DCC-NOISE-001003 at Thu Jan  3 00:00:00 2013
# Monitoring unit located at 53.342609N 6.340721W
# logfile   = /home/root/noise_analysis.log
# cfg_dir   = /home/root/config
# outputdir = /home/root/noise
# Sensitivity = -25.869366
# Gain = 1.000000
# Time should be in local format (i.e. daylight savings time)
# dd/mm/yyyy hh:mm:ss, A Leq,   A L10,   A L95,   C Leq,   C L10,   C L95
03/01/2013 00:05:00,   53.35,   58.78,   45.92,   55.47,   60.11,   49.56
03/01/2013 00:10:00,   54.85,   59.35,   47.49,   56.63,   60.51,   49.88
03/01/2013 00:15:00,   50.78,   55.51,   44.69,   53.80,   57.98,   48.66
03/01/2013 00:20:00,   51.32,   56.88,   44.40,   54.13,   58.20,   48.57
03/01/2013 00:25:00,   51.96,   57.64,   45.50,   54.94,   59.18,   48.99
03/01/2013 00:30:00,   50.96,   55.95,   44.92,   54.43,   58.53,   48.92
03/01/2013 00:35:00,   53.96,   58.86,   46.52,   56.57,   60.72,   50.29
03/01/2013 00:40:00,   52.74,   59.21,   45.73,   56.00,   60.92,   49.84
03/01/2013 00:45:00,   57.79,   62.65,   47.26,   61.70,   65.59,   51.84
03/01/2013 00:50:00,   53.24,   59.21,   43.24,   57.71,   62.31,   48.26
03/01/2013 00:55:00,   53.32,   58.64,   45.32,   59.85,   65.15,   50.85
03/01/2013 01:00:00,   52.08,   57.60,   44.53,   54.95,   59.82,   48.25
03/01/2013 01:05:00,   52.16,   57.35,   45.10,   56.13,   60.55,   49.48
03/01/2013 01:10:00,   51.56,   56.77,   43.66,   54.25,   59.47,   47.86
03/01/2013 01:15:00,   47.85,   53.20,   42.40,   51.64,   56.71,   47.13
03/01/2013 01:20:00,   51.04,   56.98,   44.35,   55.54,   59.61,   48.41
03/01/2013 01:25:00,   49.94,   56.10,   42.78,   55.41,   61.12,   47.24
03/01/2013 01:30:00,   50.46,   56.39,   43.66,   55.60,   60.33,   48.33
03/01/2013 01:35:00,   50.46,   56.15,   42.93,   53.99,   58.35,   47.45
03/01/2013 01:40:00,   48.40,   52.09,   41.59,   53.49,   58.50,   46.52
03/01/2013 01:45:00,   47.80,   53.18,   41.05,   52.66,   58.43,   46.16
03/01/2013 01:50:00,   52.44,   58.02,   43.21,   55.54,   60.43,   46.95
03/01/2013 01:55:00,   49.22,   56.06,   41.08,   52.60,   59.02,   45.39
03/01/2013 02:00:00,   46.25,   50.56,   40.83,   51.10,   55.02,   45.58
03/01/2013 02:05:00,   47.93,   54.90,   40.63,   50.56,   55.75,   45.26
03/01/2013 02:10:00,   44.58,   48.54,   39.99,   50.03,   56.29,   45.32
03/01/2013 02:15:00,   49.44,   55.60,   40.93,   51.74,   56.55,   45.83
03/01/2013 02:20:00,   50.16,   56.36,   41.43,   54.10,   60.02,   46.74
03/01/2013 02:25:00,   49.82,   57.17,   41.16,   53.73,   59.63,   46.84
03/01/2013 02:30:00,   45.58,   48.68,   41.57,   53.10,   58.37,   46.52
03/01/2013 02:35:00,   47.32,   51.63,   39.90,   51.14,   54.89,   45.57
03/01/2013 02:40:00,   46.40,   51.09,   40.05,   49.97,   54.85,   44.61
03/01/2013 02:45:00,   48.75,   55.93,   41.15,   51.57,   57.17,   45.97
03/01/2013 02:50:00,   42.86,   44.83,   37.99,   47.86,   50.98,   43.53
03/01/2013 02:55:00,   45.69,   50.15,   39.81,   49.55,   54.47,   44.74
03/01/2013 03:00:00,   42.59,   45.21,   38.74,   49.54,   53.51,   43.88
03/01/2013 03:05:00,   48.77,   57.33,   38.96,   51.76,   58.87,   44.58
03/01/2013 03:10:00,   45.73,   51.57,   39.03,   49.90,   54.04,   44.51
03/01/2013 03:15:00,   45.63,   51.69,   39.26,   49.36,   54.40,   44.15
03/01/2013 03:20:00,   49.36,   56.73,   40.33,   51.74,   57.43,   44.72
03/01/2013 03:25:00,   45.42,   49.39,   39.75,   48.06,   50.73,   44.17
03/01/2013 03:30:00,   50.94,   58.87,   40.76,   53.55,   60.61,   44.61
03/01/2013 03:35:00,   45.40,   48.28,   40.35,   51.69,   56.64,   45.01
03/01/2013 03:40:00,   43.69,   45.70,   39.48,   48.38,   52.20,   44.17
03/01/2013 03:45:00,   46.87,   52.76,   40.44,   50.38,   55.24,   44.76
03/01/2013 03:50:00,   46.62,   50.81,   41.01,   50.90,   54.99,   45.80
03/01/2013 03:55:00,   48.16,   54.31,   42.02,   53.77,   59.30,   46.54
03/01/2013 04:00:00,   46.46,   52.64,   40.28,   50.80,   55.51,   45.25
03/01/2013 04:05:00,   46.35,   51.63,   40.66,   51.07,   55.59,   46.06
03/01/2013 04:10:00,   45.64,   49.18,   41.26,   49.46,   53.13,   45.89
03/01/2013 04:15:00,   45.52,   48.63,   39.69,   48.85,   50.86,   44.72
03/01/2013 04:20:00,   45.78,   48.44,   41.41,   50.55,   55.11,   46.09
03/01/2013 04:25:00,   46.55,   51.85,   41.35,   50.92,   55.66,   45.96
03/01/2013 04:30:00,   49.04,   55.43,   43.07,   52.82,   57.94,   47.35
03/01/2013 04:35:00,   47.93,   54.22,   41.57,   53.38,   58.30,   45.95
03/01/2013 04:40:00,   45.37,   47.21,   41.29,   49.71,   53.99,   46.02
03/01/2013 04:45:00,   46.13,   49.94,   42.70,   50.32,   53.85,   46.91
03/01/2013 04:50:00,   46.68,   51.04,   42.53,   50.84,   55.80,   46.54
03/01/2013 04:55:00,   46.95,   52.36,   42.31,   50.83,   55.71,   46.79
03/01/2013 05:00:00,   45.56,   48.58,   42.10,   51.00,   55.38,   46.73
03/01/2013 05:05:00,   47.31,   52.98,   42.87,   52.36,   57.93,   47.12
03/01/2013 05:10:00,   48.52,   54.01,   43.11,   51.72,   56.15,   47.08
03/01/2013 05:15:00,   46.88,   50.40,   44.06,   50.75,   54.19,   48.38
03/01/2013 05:20:00,   51.83,   57.73,   44.81,   54.92,   59.65,   48.71
03/01/2013 05:25:00,   49.53,   55.02,   43.79,   52.86,   57.10,   48.04
03/01/2013 05:30:00,   48.54,   53.40,   44.53,   51.35,   55.01,   48.58
03/01/2013 05:35:00,   53.16,   58.56,   46.19,   55.93,   60.44,   50.15
03/01/2013 05:40:00,   49.95,   54.62,   45.27,   52.98,   56.16,   49.56
03/01/2013 05:45:00,   53.26,   58.26,   47.16,   56.22,   60.66,   51.18
03/01/2013 05:50:00,   53.52,   58.02,   47.45,   57.11,   60.83,   51.61
03/01/2013 05:55:00,   52.61,   58.48,   46.51,   54.99,   59.56,   50.25
03/01/2013 06:00:00,   49.88,   54.14,   45.80,   53.19,   57.39,   49.43
03/01/2013 06:05:00,   52.02,   56.35,   46.70,   55.52,   60.05,   50.72
03/01/2013 06:10:00,   51.26,   54.99,   45.47,   54.56,   58.28,   49.32
03/01/2013 06:15:00,   52.74,   57.96,   47.21,   55.43,   59.94,   50.94
03/01/2013 06:20:00,   53.40,   58.77,   47.17,   56.41,   61.00,   51.48
03/01/2013 06:25:00,   53.94,   59.16,   48.27,   56.69,   60.81,   52.46
03/01/2013 06:30:00,   54.02,   59.40,   48.16,   56.89,   60.99,   52.15
03/01/2013 06:35:00,   53.11,   57.73,   48.25,   56.37,   60.58,   52.06
03/01/2013 06:40:00,   55.27,   59.99,   50.22,   58.43,   62.68,   53.74
03/01/2013 06:45:00,   55.47,   59.28,   49.58,   59.01,   62.71,   53.57
03/01/2013 06:50:00,   56.53,   61.18,   50.66,   60.66,   65.93,   54.74
03/01/2013 06:55:00,   56.08,   59.08,   51.20,   60.50,   64.47,   55.70
03/01/2013 07:00:00,   56.78,   61.17,   50.69,   60.20,   64.17,   54.94
03/01/2013 07:05:00,   55.52,   59.48,   49.11,   58.77,   62.98,   53.14
03/01/2013 07:10:00,   57.07,   60.79,   51.78,   60.66,   63.37,   55.61
03/01/2013 07:15:00,   58.83,   62.81,   51.32,   64.22,   68.53,   56.90
03/01/2013 07:20:00,   56.84,   60.33,   52.73,   60.27,   63.19,   55.80
03/01/2013 07:25:00,   57.08,   60.13,   51.80,   60.97,   64.01,   56.20
03/01/2013 07:30:00,   57.35,   61.76,   52.36,   60.93,   65.51,   56.02
03/01/2013 07:35:00,   58.33,   62.03,   53.91,   61.72,   64.78,   57.41
03/01/2013 07:40:00,   58.22,   60.81,   54.00,   61.82,   64.45,   57.49
03/01/2013 07:45:00,   57.76,   61.16,   53.27,   60.76,   63.71,   57.07
03/01/2013 07:50:00,   59.65,   63.07,   55.33,   63.25,   67.14,   58.79
03/01/2013 07:55:00,   59.44,   62.28,   54.36,   63.48,   68.22,   58.37
03/01/2013 08:00:00,   58.47,   61.40,   53.52,   61.69,   65.64,   56.72
03/01/2013 08:05:00,   57.58,   60.48,   52.66,   61.08,   63.79,   56.37
03/01/2013 08:10:00,   58.81,   61.52,   54.52,   62.34,   64.92,   58.17
03/01/2013 08:15:00,   59.16,   62.97,   53.79,   64.40,   69.42,   58.05
03/01/2013 08:20:00,   57.87,   60.81,   54.18,   61.37,   64.00,   57.82
03/01/2013 08:25:00,   59.55,   62.33,   55.14,   64.28,   68.65,   58.95
03/01/2013 08:30:00,   58.39,   61.64,   53.74,   61.30,   64.13,   56.85
03/01/2013 08:35:00,   58.34,   61.60,   52.72,   60.93,   63.65,   56.10
03/01/2013 08:40:00,   57.55,   60.35,   53.63,   60.35,   62.75,   57.07
03/01/2013 08:45:00,   58.68,   61.72,   54.30,   61.31,   63.74,   57.76
03/01/2013 08:50:00,   60.44,   62.29,   54.05,   63.58,   67.40,   57.63
03/01/2013 08:55:00,   59.25,   61.50,   56.35,   62.05,   64.34,   59.30
03/01/2013 09:00:00,   58.66,   61.31,   55.06,   61.46,   64.02,   58.13
03/01/2013 09:05:00,   58.33,   61.89,   53.68,   60.59,   63.41,   56.81
03/01/2013 09:10:00,   58.66,   61.66,   54.54,   61.53,   64.28,   58.04
03/01/2013 09:15:00,   59.37,   61.85,   53.89,   61.97,   64.28,   57.67
03/01/2013 09:20:00,   58.19,   61.03,   53.50,   61.02,   63.39,   57.48
03/01/2013 09:25:00,   58.56,   62.25,   53.42,   61.53,   64.21,   57.07
03/01/2013 09:30:00,   57.77,   60.93,   52.87,   61.00,   63.85,   56.51
03/01/2013 09:35:00,   56.77,   60.04,   51.48,   59.76,   62.52,   55.01
03/01/2013 09:40:00,   56.89,   60.21,   52.78,   60.73,   63.92,   56.78
03/01/2013 09:45:00,   58.83,   63.25,   53.54,   62.57,   66.81,   56.98
03/01/2013 09:50:00,   58.77,   61.48,   54.45,   61.32,   63.95,   57.89
03/01/2013 09:55:00,   58.03,   60.94,   53.60,   60.97,   63.78,   56.74
03/01/2013 10:00:00,   58.15,   61.51,   53.47,   61.97,   65.51,   56.65
03/01/2013 10:05:00,   56.69,   59.93,   52.79,   59.97,   63.08,   56.25
03/01/2013 10:10:00,   57.18,   60.83,   52.14,   60.62,   63.05,   55.96
03/01/2013 10:15:00,   57.87,   60.97,   53.93,   60.29,   62.62,   57.08
03/01/2013 10:20:00,   60.20,   62.82,   54.86,   64.34,   68.25,   58.32
03/01/2013 10:25:00,   57.22,   60.25,   52.20,   59.73,   62.15,   56.28
03/01/2013 10:30:00,   57.28,   60.40,   52.49,   60.17,   62.87,   56.28
03/01/2013 10:35:00,   57.32,   60.18,   53.29,   60.35,   62.73,   57.25
03/01/2013 10:40:00,   58.51,   61.15,   54.55,   61.80,   65.10,   57.84
03/01/2013 10:45:00,   57.83,   60.84,   50.90,   60.66,   63.26,   55.06
03/01/2013 10:50:00,   58.39,   61.32,   53.90,   61.35,   64.07,   57.04
03/01/2013 10:55:00,   58.55,   61.50,   53.95,   61.64,   64.53,   57.60
03/01/2013 11:00:00,   58.22,   61.29,   53.72,   61.94,   64.29,   58.30
03/01/2013 11:05:00,   57.68,   60.67,   53.88,   60.70,   62.99,   57.54
03/01/2013 11:10:00,   59.12,   62.51,   53.78,   62.24,   65.17,   57.99
03/01/2013 11:15:00,   59.11,   61.75,   56.05,   62.72,   65.08,   59.18
03/01/2013 11:20:00,   58.47,   61.22,   54.18,   62.07,   64.29,   58.18
03/01/2013 11:25:00,   61.74,   62.00,   53.75,   64.32,   65.32,   58.25
03/01/2013 11:30:00,   59.13,   62.00,   54.73,   63.72,   67.29,   58.80
03/01/2013 11:35:00,   57.48,   60.44,   53.72,   60.98,   63.38,   57.73
03/01/2013 11:40:00,   57.94,   60.71,   52.73,   61.60,   64.14,   57.24
03/01/2013 11:45:00,   59.39,   62.29,   54.22,   63.59,   67.45,   58.37
03/01/2013 11:50:00,   57.45,   60.07,   54.00,   61.07,   63.26,   58.58
03/01/2013 11:55:00,   58.80,   61.83,   54.45,   63.02,   66.26,   58.55
03/01/2013 12:00:00,   58.62,   62.26,   54.19,   62.44,   64.98,   57.87
03/01/2013 12:05:00,   60.31,   63.41,   55.45,   64.55,   67.04,   60.20
03/01/2013 12:10:00,   58.63,   61.18,   55.31,   62.07,   64.07,   58.83
03/01/2013 12:15:00,   59.30,   62.02,   55.07,   62.91,   65.33,   59.11
03/01/2013 12:20:00,   59.01,   62.12,   54.27,   62.18,   64.72,   58.32
03/01/2013 12:25:00,   59.06,   61.23,   55.62,   62.78,   64.85,   59.52
03/01/2013 12:30:00,   57.95,   61.06,   53.81,   60.94,   63.47,   57.93
03/01/2013 12:35:00,   58.61,   61.07,   55.31,   62.44,   64.90,   58.77
03/01/2013 12:40:00,   58.69,   61.12,   54.44,   62.82,   65.92,   58.58
03/01/2013 12:45:00,   58.66,   60.98,   55.51,   61.76,   63.69,   58.52
03/01/2013 12:50:00,   60.70,   63.40,   55.22,   65.63,   70.72,   59.04
03/01/2013 12:55:00,   58.72,   61.20,   54.94,   62.13,   64.45,   57.93
03/01/2013 13:00:00,   58.97,   61.52,   54.18,   62.12,   64.28,   57.80
03/01/2013 13:05:00,   58.71,   62.04,   53.95,   62.58,   64.73,   57.96
03/01/2013 13:10:00,   58.71,   61.23,   53.98,   63.30,   66.01,   58.30
03/01/2013 13:15:00,   58.05,   60.55,   53.98,   61.80,   64.28,   57.88
03/01/2013 13:20:00,   58.29,   61.01,   54.49,   61.81,   64.28,   58.98
03/01/2013 13:25:00,   59.63,   62.04,   54.53,   62.88,   65.13,   57.81
03/01/2013 13:30:00,   58.12,   61.32,   53.67,   62.19,   65.56,   57.43
03/01/2013 13:35:00,   58.62,   61.68,   54.18,   62.54,   65.54,   57.88
03/01/2013 13:40:00,   60.62,   64.22,   56.17,   63.85,   68.74,   59.04
03/01/2013 13:45:00,   59.42,   61.49,   55.59,   61.99,   64.26,   58.37
03/01/2013 13:50:00,   59.50,   61.89,   55.99,   62.82,   65.15,   58.81
03/01/2013 13:55:00,   59.22,   61.93,   55.46,   62.97,   65.60,   59.28
03/01/2013 14:00:00,   59.28,   62.07,   54.60,   63.10,   65.53,   58.22
03/01/2013 14:05:00,   59.06,   61.91,   53.41,   62.15,   65.14,   57.15
03/01/2013 14:10:00,   58.67,   60.77,   54.56,   62.58,   64.58,   58.10
03/01/2013 14:15:00,   58.62,   61.13,   55.29,   62.49,   64.84,   59.39
03/01/2013 14:20:00,   57.67,   60.34,   52.72,   61.11,   63.57,   57.11
03/01/2013 14:25:00,   57.60,   60.09,   53.61,   60.60,   63.03,   56.88
03/01/2013 14:30:00,   58.80,   62.13,   54.06,   62.25,   66.45,   56.78
03/01/2013 14:35:00,   58.32,   60.54,   55.58,   60.94,   62.80,   58.22
03/01/2013 14:40:00,   57.44,   59.88,   53.24,   61.05,   63.32,   57.83
03/01/2013 14:45:00,   58.49,   60.60,   54.61,   62.18,   64.04,   58.54
03/01/2013 14:50:00,   59.89,   62.48,   55.95,   63.52,   65.84,   59.56
03/01/2013 14:55:00,   61.02,   63.98,   56.28,   64.12,   68.24,   59.08
03/01/2013 15:00:00,   58.79,   60.92,   54.67,   61.77,   63.94,   58.77
03/01/2013 15:05:00,   58.52,   61.00,   53.76,   62.01,   64.76,   57.80
03/01/2013 15:10:00,   58.21,   60.80,   53.32,   61.37,   63.80,   57.32
03/01/2013 15:15:00,   58.41,   61.16,   53.41,   61.99,   64.24,   57.72
03/01/2013 15:20:00,   58.79,   61.10,   55.01,   62.60,   64.41,   59.07
03/01/2013 15:25:00,   59.10,   61.82,   53.44,   62.15,   64.08,   58.11
03/01/2013 15:30:00,   58.20,   60.99,   53.58,   62.37,   65.45,   57.68
03/01/2013 15:35:00,   58.64,   61.45,   53.85,   62.57,   65.96,   58.07
03/01/2013 15:40:00,   58.42,   61.04,   54.58,   61.04,   62.92,   57.95
03/01/2013 15:45:00,   58.40,   61.27,   53.59,   61.70,   64.66,   57.24
03/01/2013 15:50:00,   58.10,   60.63,   54.61,   61.59,   63.44,   58.37
03/01/2013 15:55:00,   58.23,   61.26,   54.30,   61.38,   63.78,   57.96
03/01/2013 16:00:00,   58.85,   61.29,   55.10,   61.95,   63.78,   59.03
03/01/2013 16:05:00,   58.53,   61.43,   54.06,   61.89,   64.46,   58.46
03/01/2013 16:10:00,   58.78,   60.77,   55.12,   62.85,   65.17,   59.37
03/01/2013 16:15:00,   58.30,   60.83,   54.86,   61.53,   63.90,   58.19
03/01/2013 16:20:00,   58.68,   61.42,   54.95,   62.10,   64.36,   59.22
03/01/2013 16:25:00,   59.28,   62.05,   54.56,   62.92,   65.33,   58.80
03/01/2013 16:30:00,   58.93,   61.37,   56.15,   63.28,   65.46,   60.50
03/01/2013 16:35:00,   59.49,   61.71,   55.55,   62.78,   64.66,   59.29
03/01/2013 16:40:00,   59.16,   62.18,   54.80,   62.41,   65.68,   58.54
03/01/2013 16:45:00,   58.69,   60.99,   54.81,   61.72,   64.07,   58.13
03/01/2013 16:50:00,   58.91,   60.88,   55.44,   61.73,   63.67,   58.61
03/01/2013 16:55:00,   57.69,   59.84,   54.40,   61.94,   63.75,   59.35
03/01/2013 17:00:00,   58.57,   60.66,   54.95,   62.19,   64.53,   58.99
03/01/2013 17:05:00,   60.12,   62.63,   55.25,   64.51,   67.78,   59.52
03/01/2013 17:10:00,   58.45,   60.60,   54.37,   63.13,   66.47,   58.42
03/01/2013 17:15:00,   57.85,   60.21,   54.14,   61.29,   63.05,   58.33
03/01/2013 17:20:00,   57.85,   60.43,   52.94,   61.21,   63.29,   57.03
03/01/2013 17:25:00,   58.19,   60.68,   54.42,   61.71,   63.94,   57.79
03/01/2013 17:30:00,   58.82,   61.62,   54.13,   62.77,   66.13,   57.86
03/01/2013 17:35:00,   58.14,   60.90,   53.32,   62.52,   65.53,   57.43
03/01/2013 17:40:00,   59.11,   62.33,   53.93,   62.64,   65.57,   58.04
03/01/2013 17:45:00,   58.00,   61.27,   53.33,   61.84,   64.81,   56.78
03/01/2013 17:50:00,   58.96,   61.63,   55.27,   62.50,   64.85,   58.52
03/01/2013 17:55:00,   59.39,   61.88,   54.13,   62.90,   66.22,   58.02
03/01/2013 18:00:00,   58.63,   61.00,   54.62,   61.74,   64.38,   57.73
03/01/2013 18:05:00,   58.00,   60.98,   53.60,   61.19,   63.88,   57.49
03/01/2013 18:10:00,   58.19,   60.40,   54.91,   61.29,   63.39,   58.39
03/01/2013 18:15:00,   58.10,   60.30,   54.37,   62.07,   64.94,   58.32
03/01/2013 18:20:00,   58.17,   61.81,   53.37,   61.75,   64.72,   56.73
03/01/2013 18:25:00,   58.90,   61.49,   54.40,   61.70,   64.17,   57.20
03/01/2013 18:30:00,   58.13,   61.17,   53.72,   61.26,   64.25,   56.75
03/01/2013 18:35:00,   58.08,   60.92,   53.16,   61.20,   63.39,   57.36
03/01/2013 18:40:00,   58.01,   60.82,   54.16,   61.95,   65.18,   57.52
03/01/2013 18:45:00,   58.28,   61.22,   53.63,   62.07,   64.80,   57.52
03/01/2013 18:50:00,   58.60,   61.07,   54.44,   61.64,   63.67,   57.91
03/01/2013 18:55:00,   58.30,   61.14,   53.90,   61.59,   63.85,   57.41
03/01/2013 19:00:00,   59.01,   61.39,   54.52,   63.04,   66.12,   57.53
03/01/2013 19:05:00,   58.90,   60.92,   55.41,   62.44,   64.31,   59.06
03/01/2013 19:10:00,   58.32,   61.18,   54.47,   61.20,   63.85,   57.99
03/01/2013 19:15:00,   58.20,   60.99,   51.92,   61.30,   64.45,   55.48
03/01/2013 19:20:00,   59.50,   62.16,   54.81,   61.91,   64.99,   58.00
03/01/2013 19:25:00,   58.33,   61.04,   54.50,   61.60,   64.40,   57.60
03/01/2013 19:30:00,   59.09,   61.40,   54.80,   62.81,   66.36,   58.14
03/01/2013 19:35:00,   57.62,   60.80,   53.63,   60.49,   63.60,   56.70
03/01/2013 19:40:00,   58.04,   60.29,   54.83,   61.06,   63.34,   57.84
03/01/2013 19:45:00,   57.89,   60.35,   54.43,   60.64,   62.67,   57.45
03/01/2013 19:50:00,   58.47,   60.95,   54.53,   61.43,   64.12,   57.83
03/01/2013 19:55:00,   58.71,   61.62,   53.43,   61.64,   64.48,   56.89
03/01/2013 20:00:00,   57.60,   60.72,   53.58,   60.47,   63.63,   56.66
03/01/2013 20:05:00,   59.00,   61.94,   53.96,   62.15,   65.07,   56.91
03/01/2013 20:10:00,   57.76,   60.52,   53.95,   61.00,   63.60,   57.63
03/01/2013 20:15:00,   57.99,   61.07,   53.15,   62.05,   64.90,   57.30
03/01/2013 20:20:00,   57.70,   60.42,   53.24,   60.60,   63.19,   56.26
03/01/2013 20:25:00,   58.01,   61.02,   53.26,   60.59,   63.33,   55.74
03/01/2013 20:30:00,   56.35,   59.91,   51.15,   59.06,   61.69,   54.69
03/01/2013 20:35:00,   57.29,   60.31,   53.01,   60.40,   63.41,   56.27
03/01/2013 20:40:00,   58.45,   61.11,   54.55,   61.49,   64.09,   57.47
03/01/2013 20:45:00,   56.81,   59.92,   52.00,   59.56,   62.02,   55.49
03/01/2013 20:50:00,   56.86,   59.71,   52.64,   60.54,   62.98,   56.15
03/01/2013 20:55:00,   58.49,   62.63,   52.51,   63.37,   68.89,   56.86
03/01/2013 21:00:00,   57.35,   61.16,   51.55,   61.89,   66.41,   55.55
03/01/2013 21:05:00,   56.63,   59.79,   52.50,   59.61,   62.23,   55.34
03/01/2013 21:10:00,   57.12,   60.26,   52.15,   59.77,   62.55,   54.85
03/01/2013 21:15:00,   57.41,   60.89,   52.19,   59.93,   62.89,   55.23
03/01/2013 21:20:00,   55.79,   60.08,   50.62,   58.32,   61.94,   54.19
03/01/2013 21:25:00,   56.73,   60.09,   51.77,   59.10,   61.76,   55.01
03/01/2013 21:30:00,   56.66,   60.59,   51.30,   59.66,   63.71,   54.18
03/01/2013 21:35:00,   56.50,   60.31,   50.48,   59.28,   62.64,   53.80
03/01/2013 21:40:00,   57.32,   60.28,   52.46,   59.88,   62.22,   55.61
03/01/2013 21:45:00,   57.15,   60.91,   52.06,   59.57,   62.95,   55.16
03/01/2013 21:50:00,   55.58,   58.56,   50.34,   58.15,   60.87,   53.43
03/01/2013 21:55:00,   55.57,   59.17,   49.53,   58.44,   62.02,   53.17
03/01/2013 22:00:00,   55.92,   59.89,   49.18,   58.75,   62.30,   52.31
03/01/2013 22:05:00,   55.41,   58.43,   49.86,   59.30,   62.12,   53.23
03/01/2013 22:10:00,   55.88,   59.81,   50.24,   58.68,   61.78,   54.09
03/01/2013 22:15:00,   57.35,   59.83,   52.17,   60.43,   63.11,   56.30
03/01/2013 22:20:00,   56.79,   60.87,   49.13,   59.28,   62.60,   52.66
03/01/2013 22:25:00,   54.72,   58.62,   49.38,   57.89,   61.02,   52.95
03/01/2013 22:30:00,   55.87,   60.30,   49.91,   59.30,   62.67,   53.32
03/01/2013 22:35:00,   55.52,   59.48,   49.60,   59.26,   63.05,   54.32
03/01/2013 22:40:00,   55.64,   60.02,   47.87,   58.35,   62.13,   51.70
03/01/2013 22:45:00,   54.27,   58.45,   48.48,   56.73,   60.32,   51.39
03/01/2013 22:50:00,   55.49,   59.46,   49.50,   59.26,   62.35,   53.01
03/01/2013 22:55:00,   55.12,   59.65,   49.17,   58.90,   62.58,   52.81
03/01/2013 23:00:00,   56.32,   60.55,   49.14,   60.12,   63.92,   53.65
03/01/2013 23:05:00,   55.18,   59.23,   49.46,   60.01,   63.67,   54.46
03/01/2013 23:10:00,   55.21,   59.23,   48.73,   58.67,   62.10,   52.33
03/01/2013 23:15:00,   55.34,   59.35,   48.46,   59.30,   63.33,   52.99
03/01/2013 23:20:00,   54.88,   59.09,   48.98,   59.08,   63.02,   53.05
03/01/2013 23:25:00,   53.94,   58.32,   47.70,   57.01,   60.44,   51.96
03/01/2013 23:30:00,   54.54,   58.66,   47.13,   57.34,   60.47,   50.41
03/01/2013 23:35:00,   54.20,   58.57,   48.26,   58.03,   62.50,   50.95
03/01/2013 23:40:00,   54.08,   58.47,   47.00,   58.45,   62.57,   51.81
03/01/2013 23:45:00,   54.59,   59.15,   48.29,   56.87,   61.00,   51.53
03/01/2013 23:50:00,   54.03,   57.70,   47.60,   56.70,   60.15,   51.46
03/01/2013 23:55:00,   53.08,   57.89,   46.89,   55.83,   60.08,   50.45

