# noise_analysis run from DCC-NOISE-001003 at Sun Mar  3 00:00:00 2013
# Monitoring unit located at 53.342609N 6.340721W
# logfile   = /home/root/noise_analysis.log
# cfg_dir   = /home/root/config
# outputdir = /home/root/noise
# Sensitivity = -26.271103
# Gain = 1.000000
# Time should be in local format (i.e. daylight savings time)
# dd/mm/yyyy hh:mm:ss, A Leq,   A L10,   A L95,   C Leq,   C L10,   C L95
03/03/2013 00:05:00,   53.96,   58.48,   46.45,   57.74,   62.18,   49.73
03/03/2013 00:10:00,   55.07,   58.84,   49.13,   57.48,   61.36,   51.87
03/03/2013 00:15:00,   55.65,   59.89,   48.27,   57.61,   61.32,   51.28
03/03/2013 00:20:00,   54.39,   59.30,   46.61,   56.84,   60.90,   50.13
03/03/2013 00:25:00,   54.74,   59.47,   47.01,   56.46,   60.64,   50.11
03/03/2013 00:30:00,   53.39,   58.00,   44.81,   55.58,   59.68,   48.47
03/03/2013 00:35:00,   53.16,   58.40,   44.90,   55.41,   60.02,   48.99
03/03/2013 00:40:00,   54.03,   59.76,   44.07,   56.23,   61.10,   48.31
03/03/2013 00:45:00,   55.71,   60.95,   45.56,   57.47,   61.98,   49.05
03/03/2013 00:50:00,   53.12,   59.23,   43.90,   55.92,   61.53,   48.03
03/03/2013 00:55:00,   53.24,   58.40,   44.76,   55.35,   59.90,   48.56
03/03/2013 01:00:00,   55.07,   59.01,   45.45,   56.86,   60.39,   48.51
03/03/2013 01:05:00,   54.32,   59.71,   45.65,   56.53,   61.83,   49.43
03/03/2013 01:10:00,   54.28,   59.86,   44.91,   56.31,   61.12,   48.69
03/03/2013 01:15:00,   54.01,   59.52,   44.69,   56.28,   61.21,   49.03
03/03/2013 01:20:00,   54.61,   59.04,   47.54,   57.12,   61.46,   50.87
03/03/2013 01:25:00,   53.58,   58.45,   43.44,   55.31,   59.33,   48.24
03/03/2013 01:30:00,   54.90,   60.45,   45.52,   56.38,   61.07,   49.02
03/03/2013 01:35:00,   53.05,   57.89,   44.20,   55.15,   59.61,   48.11
03/03/2013 01:40:00,   53.64,   58.49,   45.19,   56.14,   60.64,   49.05
03/03/2013 01:45:00,   55.25,   59.94,   46.67,   57.41,   61.76,   49.91
03/03/2013 01:50:00,   53.47,   58.95,   44.20,   55.77,   60.92,   48.08
03/03/2013 01:55:00,   53.84,   59.31,   42.86,   56.17,   60.52,   47.24
03/03/2013 02:00:00,   53.23,   57.72,   45.57,   55.95,   60.41,   49.42
03/03/2013 02:05:00,   53.69,   58.59,   44.92,   56.19,   60.72,   48.97
03/03/2013 02:10:00,   54.81,   59.22,   46.53,   56.75,   60.93,   50.41
03/03/2013 02:15:00,   53.78,   58.54,   45.25,   55.82,   60.24,   48.72
03/03/2013 02:20:00,   55.78,   60.65,   45.41,   58.57,   62.85,   48.52
03/03/2013 02:25:00,   50.45,   56.39,   43.61,   53.45,   58.55,   47.49
03/03/2013 02:30:00,   52.01,   57.62,   42.99,   54.07,   58.59,   47.42
03/03/2013 02:35:00,   53.62,   58.00,   46.47,   55.55,   59.83,   49.32
03/03/2013 02:40:00,   52.86,   59.12,   43.92,   54.92,   60.60,   47.59
03/03/2013 02:45:00,   51.75,   58.79,   41.76,   54.18,   60.67,   46.39
03/03/2013 02:50:00,   53.75,   59.55,   43.27,   55.68,   61.04,   47.29
03/03/2013 02:55:00,   53.50,   59.04,   43.96,   55.48,   60.57,   47.63
03/03/2013 03:00:00,   52.45,   59.31,   42.70,   54.46,   60.67,   46.83
03/03/2013 03:05:00,   53.51,   59.53,   42.89,   55.47,   60.50,   46.82
03/03/2013 03:10:00,   52.88,   58.61,   41.99,   55.15,   60.11,   46.62
03/03/2013 03:15:00,   53.46,   58.61,   43.26,   56.00,   60.70,   47.35
03/03/2013 03:20:00,   53.49,   59.42,   43.45,   56.68,   62.09,   47.52
03/03/2013 03:25:00,   53.52,   59.01,   43.30,   56.63,   62.08,   47.49
03/03/2013 03:30:00,   52.87,   57.82,   43.35,   54.71,   59.15,   47.27
03/03/2013 03:35:00,   54.61,   59.15,   44.58,   56.79,   60.84,   48.78
03/03/2013 03:40:00,   51.98,   57.51,   43.12,   54.27,   60.17,   47.03
03/03/2013 03:45:00,   53.12,   58.33,   41.28,   55.62,   60.60,   45.92
03/03/2013 03:50:00,   54.30,   59.77,   43.30,   56.35,   61.75,   47.10
03/03/2013 03:55:00,   51.90,   57.74,   43.55,   54.58,   60.18,   47.14
03/03/2013 04:00:00,   53.02,   58.17,   42.78,   54.94,   59.68,   46.72
03/03/2013 04:05:00,   52.85,   58.33,   44.15,   54.72,   59.87,   47.87
03/03/2013 04:10:00,   53.31,   59.24,   44.48,   55.51,   60.80,   47.90
03/03/2013 04:15:00,   51.89,   57.94,   42.67,   54.91,   60.29,   46.92
03/03/2013 04:20:00,   54.33,   60.15,   44.69,   56.23,   62.00,   47.87
03/03/2013 04:25:00,   49.66,   57.44,   41.91,   51.84,   58.40,   46.33
03/03/2013 04:30:00,   52.46,   58.54,   42.58,   54.03,   59.74,   46.56
03/03/2013 04:35:00,   48.59,   54.60,   40.98,   50.93,   55.99,   45.73
03/03/2013 04:40:00,   52.26,   58.29,   41.34,   54.04,   59.64,   45.72
03/03/2013 04:45:00,   50.13,   56.66,   41.69,   52.21,   58.17,   46.13
03/03/2013 04:50:00,   51.29,   57.15,   42.22,   53.93,   59.76,   46.37
03/03/2013 04:55:00,   47.39,   51.77,   40.69,   50.29,   54.23,   45.62
03/03/2013 05:00:00,   48.06,   55.20,   40.75,   50.37,   56.49,   45.87
03/03/2013 05:05:00,   51.11,   58.71,   41.77,   53.25,   59.73,   46.50
03/03/2013 05:10:00,   50.07,   56.32,   42.01,   52.35,   58.12,   46.51
03/03/2013 05:15:00,   49.83,   56.91,   43.10,   52.23,   58.50,   47.10
03/03/2013 05:20:00,   50.07,   54.44,   43.43,   52.07,   56.24,   47.25
03/03/2013 05:25:00,   48.53,   53.82,   41.52,   50.92,   55.98,   45.92
03/03/2013 05:30:00,   51.82,   56.98,   42.85,   53.31,   57.98,   46.98
03/03/2013 05:35:00,   48.43,   54.84,   40.84,   50.82,   56.10,   45.94
03/03/2013 05:40:00,   47.79,   54.50,   39.78,   51.00,   57.07,   45.37
03/03/2013 05:45:00,   49.37,   56.17,   40.68,   51.64,   58.33,   45.51
03/03/2013 05:50:00,   50.15,   55.91,   41.03,   52.38,   58.06,   45.73
03/03/2013 05:55:00,   50.95,   56.98,   41.43,   53.14,   59.24,   45.98
03/03/2013 06:00:00,   49.19,   54.88,   41.45,   50.96,   56.16,   45.86
03/03/2013 06:05:00,   48.93,   55.35,   40.98,   50.95,   56.29,   45.84
03/03/2013 06:10:00,   49.06,   54.97,   41.11,   51.13,   56.48,   45.78
03/03/2013 06:15:00,   47.28,   53.70,   40.30,   50.30,   55.40,   45.36
03/03/2013 06:20:00,   46.06,   50.69,   40.12,   49.70,   52.47,   45.52
03/03/2013 06:25:00,   51.85,   57.86,   42.01,   54.81,   60.50,   46.10
03/03/2013 06:30:00,   51.07,   57.01,   40.80,   54.11,   59.78,   45.93
03/03/2013 06:35:00,   47.93,   53.33,   40.93,   50.71,   55.12,   45.93
03/03/2013 06:40:00,   51.94,   58.31,   43.72,   56.68,   62.26,   49.25
03/03/2013 06:45:00,   53.34,   59.07,   43.32,   56.86,   61.88,   47.72
03/03/2013 06:50:00,   49.93,   55.44,   42.51,   52.92,   57.29,   47.02
03/03/2013 06:55:00,   52.62,   58.33,   44.25,   55.54,   60.78,   47.55
03/03/2013 07:00:00,   54.25,   59.70,   44.96,   56.92,   60.62,   50.17
03/03/2013 07:05:00,   52.21,   59.38,   43.19,   54.57,   60.62,   48.50
03/03/2013 07:10:00,   52.69,   59.51,   41.90,   53.79,   59.10,   46.87
03/03/2013 07:15:00,   55.55,   62.03,   44.89,   56.93,   61.51,   48.58
03/03/2013 07:20:00,   52.46,   57.52,   43.21,   54.54,   59.40,   46.70
03/03/2013 07:25:00,   52.67,   58.74,   42.95,   54.55,   60.28,   46.83
03/03/2013 07:30:00,   54.59,   60.24,   44.63,   58.29,   64.09,   50.47
03/03/2013 07:35:00,   53.45,   58.43,   46.31,   56.17,   60.49,   50.16
03/03/2013 07:40:00,   53.43,   58.79,   44.57,   55.38,   59.83,   49.03
03/03/2013 07:45:00,   53.80,   58.08,   45.74,   56.60,   61.18,   49.04
03/03/2013 07:50:00,   52.97,   58.05,   45.22,   55.59,   60.91,   48.53
03/03/2013 07:55:00,   52.96,   58.70,   43.13,   55.38,   60.57,   47.27
03/03/2013 08:00:00,   49.24,   55.96,   42.24,   52.34,   57.97,   46.83
03/03/2013 08:05:00,   49.92,   55.53,   43.90,   52.73,   57.83,   47.84
03/03/2013 08:10:00,   51.45,   57.50,   42.44,   53.46,   58.90,   46.59
03/03/2013 08:15:00,   52.18,   57.00,   44.95,   54.62,   60.19,   48.59
03/03/2013 08:20:00,   53.94,   58.39,   45.29,   54.58,   59.37,   47.57
03/03/2013 08:25:00,   51.47,   57.45,   42.65,   53.16,   58.58,   46.65
03/03/2013 08:30:00,   53.34,   58.80,   45.35,   54.90,   59.85,   48.32
03/03/2013 08:35:00,   50.75,   55.52,   43.91,   52.68,   57.19,   47.25
03/03/2013 08:40:00,   52.79,   59.66,   44.24,   55.98,   62.23,   48.67
03/03/2013 08:45:00,   53.29,   59.02,   44.36,   55.11,   60.24,   48.27
03/03/2013 08:50:00,   54.78,   59.35,   45.80,   56.86,   60.74,   49.11
03/03/2013 08:55:00,   53.06,   58.46,   43.45,   54.86,   59.74,   47.46
03/03/2013 09:00:00,   53.69,   58.92,   45.14,   54.83,   59.43,   48.25
03/03/2013 09:05:00,   53.50,   59.29,   45.19,   55.92,   61.13,   48.19
03/03/2013 09:10:00,   53.18,   59.05,   43.30,   54.71,   59.50,   47.19
03/03/2013 09:15:00,   54.13,   58.48,   44.66,   57.32,   61.38,   48.60
03/03/2013 09:20:00,   55.16,   60.53,   45.47,   56.97,   61.52,   49.32
03/03/2013 09:25:00,   55.41,   60.83,   47.89,   57.09,   61.88,   50.54
03/03/2013 09:30:00,   54.62,   59.00,   46.52,   56.43,   60.45,   49.95
03/03/2013 09:35:00,   54.14,   58.55,   45.85,   57.26,   61.27,   49.47
03/03/2013 09:40:00,   54.72,   59.32,   45.74,   56.82,   61.26,   49.43
03/03/2013 09:45:00,   55.67,   60.55,   43.64,   58.52,   63.01,   48.16
03/03/2013 09:50:00,   55.71,   59.95,   48.03,   58.60,   62.76,   50.75
03/03/2013 09:55:00,   56.87,   61.56,   48.96,   58.95,   62.85,   51.83
03/03/2013 10:00:00,   56.30,   60.32,   50.19,   58.66,   62.27,   53.69
03/03/2013 10:05:00,   55.52,   60.47,   47.49,   59.16,   63.43,   51.18
03/03/2013 10:10:00,   55.00,   59.90,   45.24,   56.96,   61.42,   49.10
03/03/2013 10:15:00,   56.62,   60.81,   48.80,   59.36,   62.44,   52.70
03/03/2013 10:20:00,   57.27,   60.79,   48.65,   59.21,   62.73,   51.53
03/03/2013 10:25:00,   55.46,   60.22,   47.14,   57.95,   62.29,   50.03
03/03/2013 10:30:00,   55.12,   59.43,   48.67,   57.68,   61.15,   51.75
03/03/2013 10:35:00,   55.96,   60.51,   47.97,   58.39,   62.45,   50.98
03/03/2013 10:40:00,   56.15,   59.94,   48.70,   58.35,   61.77,   52.12
03/03/2013 10:45:00,   56.72,   60.30,   50.49,   59.75,   63.28,   53.86
03/03/2013 10:50:00,   55.79,   58.91,   49.97,   58.85,   61.75,   53.32
03/03/2013 10:55:00,   56.83,   60.29,   51.08,   59.25,   62.36,   53.91
03/03/2013 11:00:00,   56.45,   61.17,   49.35,   59.44,   63.67,   53.01
03/03/2013 11:05:00,   57.21,   61.01,   50.19,   59.62,   62.83,   52.90
03/03/2013 11:10:00,   58.43,   62.44,   51.93,   62.04,   64.56,   55.01
03/03/2013 11:15:00,   57.23,   60.97,   50.18,   60.24,   62.81,   54.21
03/03/2013 11:20:00,   57.29,   59.89,   52.97,   60.64,   63.22,   57.01
03/03/2013 11:25:00,   56.64,   61.17,   48.19,   59.25,   63.24,   52.30
03/03/2013 11:30:00,   56.39,   60.00,   50.42,   58.61,   61.64,   53.86
03/03/2013 11:35:00,   56.28,   60.57,   50.29,   59.41,   62.91,   53.43
03/03/2013 11:40:00,   56.84,   60.46,   50.70,   59.88,   62.97,   53.91
03/03/2013 11:45:00,   57.30,   60.53,   51.09,   60.78,   63.62,   54.50
03/03/2013 11:50:00,   57.69,   61.47,   50.75,   61.14,   65.60,   54.28
03/03/2013 11:55:00,   57.90,   61.46,   51.34,   60.35,   64.10,   53.95
03/03/2013 12:00:00,   58.33,   61.17,   51.40,   60.48,   63.17,   54.01
03/03/2013 12:05:00,   57.58,   61.04,   52.23,   60.72,   64.39,   56.46
03/03/2013 12:10:00,   56.67,   60.30,   48.58,   59.66,   63.30,   51.51
03/03/2013 12:15:00,   56.41,   59.42,   49.67,   59.06,   61.79,   53.80
03/03/2013 12:20:00,   56.39,   60.21,   50.68,   59.88,   62.81,   54.52
03/03/2013 12:25:00,   56.64,   61.13,   49.05,   59.49,   63.88,   51.99
03/03/2013 12:30:00,   57.33,   60.43,   50.94,   60.88,   63.84,   55.32
03/03/2013 12:35:00,   56.47,   59.68,   51.21,   58.92,   61.54,   53.90
03/03/2013 12:40:00,   57.15,   60.97,   50.91,   60.94,   64.15,   54.66
03/03/2013 12:45:00,   57.29,   61.36,   49.67,   60.17,   64.08,   53.71
03/03/2013 12:50:00,   57.51,   60.50,   51.43,   60.13,   62.76,   54.74
03/03/2013 12:55:00,   59.08,   62.62,   53.07,   61.33,   64.27,   56.85
03/03/2013 13:00:00,   61.80,   63.96,   58.28,   63.12,   66.00,   59.40
03/03/2013 13:05:00,   58.39,   61.21,   52.48,   61.92,   64.24,   56.62
03/03/2013 13:10:00,   57.93,   61.00,   51.56,   61.00,   64.36,   55.20
03/03/2013 13:15:00,   56.54,   59.95,   50.58,   60.14,   62.94,   55.17
03/03/2013 13:20:00,   58.32,   61.06,   52.49,   60.59,   63.38,   55.30
03/03/2013 13:25:00,   57.49,   60.36,   53.30,   61.54,   64.87,   55.47
03/03/2013 13:30:00,   57.66,   60.90,   50.04,   60.62,   63.43,   53.44
03/03/2013 13:35:00,   58.36,   60.65,   52.86,   61.80,   64.16,   56.95
03/03/2013 13:40:00,   59.68,   62.41,   55.34,   61.80,   64.96,   57.39
03/03/2013 13:45:00,   60.16,   63.09,   55.18,   62.60,   66.19,   57.49
03/03/2013 13:50:00,   57.01,   60.30,   51.68,   59.48,   62.21,   54.87
03/03/2013 13:55:00,   58.26,   61.48,   53.38,   61.76,   65.66,   56.25
03/03/2013 14:00:00,   58.01,   60.45,   53.65,   60.67,   62.81,   57.32
03/03/2013 14:05:00,   57.97,   60.41,   53.22,   61.02,   63.36,   56.02
03/03/2013 14:10:00,   58.98,   61.70,   53.72,   61.68,   63.89,   57.35
03/03/2013 14:15:00,   61.67,   65.36,   56.64,   62.17,   65.04,   57.12
03/03/2013 14:20:00,   58.73,   61.16,   54.39,   60.47,   62.91,   56.65
03/03/2013 14:25:00,   58.47,   61.25,   52.27,   60.28,   62.63,   55.83
03/03/2013 14:30:00,   57.61,   60.08,   51.63,   60.80,   63.70,   54.48
03/03/2013 14:35:00,   57.31,   60.27,   51.79,   60.41,   63.09,   54.95
03/03/2013 14:40:00,   57.86,   60.52,   53.66,   61.55,   64.53,   57.10
03/03/2013 14:45:00,   58.22,   61.55,   52.35,   60.26,   62.85,   55.12
03/03/2013 14:50:00,   58.79,   61.25,   52.93,   61.02,   63.23,   56.08
03/03/2013 14:55:00,   60.66,   63.56,   55.45,   62.01,   64.90,   58.00
03/03/2013 15:00:00,   62.02,   64.42,   57.02,   63.37,   65.86,   58.57
03/03/2013 15:05:00,   58.91,   61.46,   54.62,   61.39,   64.37,   56.34
03/03/2013 15:10:00,   59.33,   61.49,   54.38,   61.24,   63.51,   56.92
03/03/2013 15:15:00,   59.45,   62.48,   53.82,   61.33,   64.44,   55.38
03/03/2013 15:20:00,   58.59,   60.96,   54.42,   60.54,   62.92,   56.64
03/03/2013 15:25:00,   57.88,   61.50,   52.41,   59.64,   62.73,   54.57
03/03/2013 15:30:00,   57.66,   60.69,   52.89,   60.32,   63.92,   55.52
03/03/2013 15:35:00,   58.52,   61.20,   54.09,   62.14,   66.49,   56.90
03/03/2013 15:40:00,   57.28,   60.09,   52.30,   60.38,   62.86,   55.61
03/03/2013 15:45:00,   57.79,   61.25,   49.51,   61.95,   66.30,   54.63
03/03/2013 15:50:00,   57.32,   60.72,   50.93,   60.28,   63.41,   54.60
03/03/2013 15:55:00,   57.25,   60.91,   50.64,   60.53,   63.64,   54.65
03/03/2013 16:00:00,   57.50,   60.65,   50.89,   60.61,   63.85,   54.29
03/03/2013 16:05:00,   58.97,   61.51,   55.65,   61.95,   64.44,   57.88
03/03/2013 16:10:00,   56.86,   60.65,   49.37,   60.57,   63.87,   53.32
03/03/2013 16:15:00,   57.04,   61.05,   49.75,   59.64,   62.69,   53.48
03/03/2013 16:20:00,   57.64,   61.04,   50.51,   60.50,   63.53,   54.67
03/03/2013 16:25:00,   60.57,   62.59,   55.34,   61.80,   64.04,   56.41
03/03/2013 16:30:00,   58.47,   60.79,   52.90,   60.58,   62.91,   55.89
03/03/2013 16:35:00,   60.07,   62.84,   53.25,   61.53,   64.44,   56.49
03/03/2013 16:40:00,   59.85,   62.66,   50.74,   61.02,   64.00,   54.81
03/03/2013 16:45:00,   56.95,   59.53,   52.62,   60.35,   62.58,   56.81
03/03/2013 16:50:00,   57.97,   61.85,   51.91,   61.94,   65.87,   56.61
03/03/2013 16:55:00,   58.02,   61.85,   50.69,   60.67,   63.75,   54.87
03/03/2013 17:00:00,   57.03,   60.45,   51.45,   59.73,   62.57,   54.79
03/03/2013 17:05:00,   56.78,   60.60,   51.21,   59.81,   63.06,   54.29
03/03/2013 17:10:00,   57.93,   61.54,   52.38,   61.06,   64.08,   55.97
03/03/2013 17:15:00,   57.13,   60.33,   51.59,   60.23,   63.28,   55.28
03/03/2013 17:20:00,   56.58,   60.07,   49.39,   59.87,   63.08,   53.87
03/03/2013 17:25:00,   56.44,   59.83,   50.31,   60.13,   62.93,   56.12
03/03/2013 17:30:00,   56.02,   59.92,   49.58,   58.66,   61.88,   54.02
03/03/2013 17:35:00,   57.53,   61.40,   50.70,   60.50,   63.60,   53.59
03/03/2013 17:40:00,   56.40,   59.86,   50.53,   59.42,   63.17,   54.36
03/03/2013 17:45:00,   57.26,   60.85,   50.13,   60.02,   63.05,   54.66
03/03/2013 17:50:00,   56.18,   59.49,   49.82,   59.98,   62.69,   55.14
03/03/2013 17:55:00,   56.73,   60.59,   49.70,   60.08,   63.67,   53.12
03/03/2013 18:00:00,   56.94,   60.62,   50.54,   59.80,   62.80,   54.41
03/03/2013 18:05:00,   57.62,   61.44,   49.25,   62.03,   65.92,   53.36
03/03/2013 18:10:00,   56.48,   60.44,   50.20,   60.45,   62.85,   55.75
03/03/2013 18:15:00,   57.06,   61.12,   51.20,   60.53,   64.08,   54.60
03/03/2013 18:20:00,   57.65,   61.27,   49.90,   60.37,   63.85,   53.95
03/03/2013 18:25:00,   57.68,   61.31,   50.78,   59.98,   62.95,   54.29
03/03/2013 18:30:00,   59.20,   63.65,   51.40,   61.15,   64.22,   54.76
03/03/2013 18:35:00,   57.83,   61.77,   50.70,   60.34,   63.85,   54.17
03/03/2013 18:40:00,   57.77,   61.05,   51.64,   60.31,   62.88,   55.66
03/03/2013 18:45:00,   57.53,   60.76,   52.21,   60.35,   63.66,   56.01
03/03/2013 18:50:00,   56.98,   60.89,   51.81,   59.76,   63.13,   55.14
03/03/2013 18:55:00,   56.81,   60.17,   48.94,   59.83,   62.60,   53.08
03/03/2013 19:00:00,   56.98,   60.59,   50.20,   61.01,   63.93,   54.74
03/03/2013 19:05:00,   56.53,   60.12,   50.07,   59.45,   62.34,   55.44
03/03/2013 19:10:00,   57.43,   61.14,   50.76,   60.68,   63.54,   55.39
03/03/2013 19:15:00,   57.04,   60.64,   50.70,   59.40,   62.67,   53.95
03/03/2013 19:20:00,   57.44,   61.30,   51.60,   60.14,   63.45,   55.56
03/03/2013 19:25:00,   55.94,   59.82,   50.04,   58.86,   62.67,   53.82
03/03/2013 19:30:00,   57.66,   61.20,   50.98,   61.04,   63.95,   55.73
03/03/2013 19:35:00,   57.70,   61.23,   50.85,   61.45,   64.41,   54.92
03/03/2013 19:40:00,   57.42,   61.15,   52.46,   60.10,   62.80,   55.86
03/03/2013 19:45:00,   56.50,   60.41,   49.97,   59.54,   63.26,   53.47
03/03/2013 19:50:00,   55.96,   60.14,   50.17,   59.06,   62.60,   53.88
03/03/2013 19:55:00,   56.58,   60.19,   51.18,   59.47,   62.39,   55.12
03/03/2013 20:00:00,   56.79,   59.94,   51.31,   59.77,   62.45,   55.04
03/03/2013 20:05:00,   55.82,   59.58,   50.74,   59.21,   62.80,   55.05
03/03/2013 20:10:00,   57.85,   61.16,   52.32,   60.92,   63.78,   55.73
03/03/2013 20:15:00,   57.25,   60.91,   51.29,   60.83,   64.04,   54.52
03/03/2013 20:20:00,   56.17,   59.52,   50.91,   59.47,   62.27,   55.03
03/03/2013 20:25:00,   56.56,   60.41,   49.92,   60.38,   63.89,   54.06
03/03/2013 20:30:00,   55.29,   59.34,   47.81,   59.15,   62.55,   53.24
03/03/2013 20:35:00,   56.03,   59.31,   49.52,   58.98,   62.27,   53.33
03/03/2013 20:40:00,   57.03,   60.65,   50.70,   60.83,   64.46,   55.27
03/03/2013 20:45:00,   54.91,   59.54,   48.08,   57.70,   60.97,   52.01
03/03/2013 20:50:00,   60.42,   64.37,   51.55,   64.11,   68.22,   56.50
03/03/2013 20:55:00,   55.43,   59.40,   49.14,   58.50,   61.98,   53.10
03/03/2013 21:00:00,   56.16,   60.60,   48.18,   59.26,   63.41,   51.96
03/03/2013 21:05:00,   55.46,   58.98,   48.08,   58.43,   61.67,   52.09
03/03/2013 21:10:00,   56.14,   60.52,   49.50,   58.97,   62.20,   53.28
03/03/2013 21:15:00,   57.05,   61.30,   50.13,   59.33,   62.64,   54.02
03/03/2013 21:20:00,   56.07,   59.73,   50.40,   58.70,   61.94,   53.75
03/03/2013 21:25:00,   55.73,   59.87,   47.14,   58.02,   61.67,   50.97
03/03/2013 21:30:00,   57.21,   61.21,   49.09,   60.18,   63.87,   52.43
03/03/2013 21:35:00,   55.72,   59.81,   48.91,   58.25,   61.79,   52.04
03/03/2013 21:40:00,   55.39,   59.13,   46.59,   57.54,   60.65,   50.72
03/03/2013 21:45:00,   55.14,   59.85,   47.20,   58.01,   62.14,   50.79
03/03/2013 21:50:00,   54.98,   59.01,   48.12,   57.55,   61.67,   51.20
03/03/2013 21:55:00,   55.15,   58.95,   47.76,   57.46,   60.77,   51.34
03/03/2013 22:00:00,   54.06,   59.13,   46.76,   56.87,   61.43,   50.45
03/03/2013 22:05:00,   55.57,   59.62,   47.66,   58.23,   61.94,   50.61
03/03/2013 22:10:00,   55.45,   59.03,   47.24,   58.25,   61.77,   51.41
03/03/2013 22:15:00,   54.65,   58.74,   46.83,   57.58,   60.70,   52.08
03/03/2013 22:20:00,   54.13,   58.82,   44.68,   58.48,   62.50,   48.38
03/03/2013 22:25:00,   54.53,   60.02,   43.07,   57.35,   61.85,   47.39
03/03/2013 22:30:00,   52.16,   57.85,   43.11,   54.38,   59.15,   47.44
03/03/2013 22:35:00,   54.19,   58.13,   45.03,   56.10,   59.57,   48.97
03/03/2013 22:40:00,   54.21,   59.56,   45.59,   56.64,   61.44,   49.01
03/03/2013 22:45:00,   54.04,   58.61,   45.06,   57.10,   60.95,   49.39
03/03/2013 22:50:00,   53.32,   57.79,   44.76,   55.78,   59.71,   49.57
03/03/2013 22:55:00,   52.36,   56.88,   44.97,   55.36,   59.29,   49.47
03/03/2013 23:00:00,   52.28,   58.29,   43.18,   55.52,   60.76,   47.70
03/03/2013 23:05:00,   53.21,   58.31,   43.35,   56.30,   60.87,   48.12
03/03/2013 23:10:00,   53.55,   59.08,   43.72,   55.69,   60.47,   47.47
03/03/2013 23:15:00,   53.46,   58.64,   44.82,   55.90,   60.38,   49.05
03/03/2013 23:20:00,   54.13,   58.43,   45.24,   55.97,   59.92,   49.41
03/03/2013 23:25:00,   52.97,   57.61,   42.09,   55.85,   59.78,   46.61
03/03/2013 23:30:00,   53.37,   58.13,   45.00,   55.24,   59.77,   48.56
03/03/2013 23:35:00,   52.41,   57.16,   44.15,   55.02,   59.01,   48.53
03/03/2013 23:40:00,   54.60,   59.10,   44.15,   57.04,   61.11,   48.93
03/03/2013 23:45:00,   51.50,   57.72,   41.04,   54.65,   59.48,   46.37
03/03/2013 23:50:00,   52.17,   57.73,   42.03,   54.36,   59.22,   46.91
03/03/2013 23:56:00,   51.71,   56.62,   43.80,   54.18,   59.55,   47.74

