# noise_analysis run from DCC-NOISE-001003 at Sun Feb 24 00:00:00 2013
# Monitoring unit located at 53.342609N 6.340721W
# logfile   = /home/root/noise_analysis.log
# cfg_dir   = /home/root/config
# outputdir = /home/root/noise
# Sensitivity = -26.271103
# Gain = 1.000000
# Time should be in local format (i.e. daylight savings time)
# dd/mm/yyyy hh:mm:ss, A Leq,   A L10,   A L95,   C Leq,   C L10,   C L95
24/02/2013 00:05:00,   56.47,   60.82,   46.87,   57.85,   61.83,   49.71
24/02/2013 00:10:00,   55.51,   59.99,   46.27,   56.90,   61.28,   48.66
24/02/2013 00:15:00,   56.87,   62.04,   47.38,   57.71,   62.67,   50.19
24/02/2013 00:20:00,   55.61,   60.37,   46.08,   56.75,   61.42,   48.54
24/02/2013 00:25:00,   55.70,   60.98,   45.72,   56.92,   61.25,   48.41
24/02/2013 00:30:00,   54.54,   59.03,   46.53,   56.35,   60.76,   49.40
24/02/2013 00:35:00,   54.17,   58.36,   46.89,   55.88,   59.86,   49.16
24/02/2013 00:40:00,   54.34,   59.12,   46.40,   58.48,   63.05,   50.25
24/02/2013 00:45:00,   54.51,   59.17,   46.71,   59.26,   63.46,   49.88
24/02/2013 00:50:00,   51.93,   57.15,   43.91,   55.26,   61.38,   46.90
24/02/2013 00:55:00,   54.05,   59.25,   44.18,   57.15,   62.71,   47.00
24/02/2013 01:00:00,   49.37,   54.78,   42.97,   52.39,   57.19,   46.22
24/02/2013 01:05:00,   50.26,   56.75,   43.19,   52.34,   58.45,   46.04
24/02/2013 01:10:00,   54.52,   59.10,   46.16,   56.88,   60.41,   49.70
24/02/2013 01:15:00,   55.18,   60.93,   45.95,   56.85,   62.58,   48.81
24/02/2013 01:20:00,   54.74,   60.14,   45.52,   56.66,   61.82,   48.07
24/02/2013 01:25:00,   55.64,   59.59,   49.01,   57.21,   61.05,   51.07
24/02/2013 01:30:00,   56.23,   61.54,   46.55,   57.26,   62.18,   48.36
24/02/2013 01:35:00,   55.24,   60.06,   46.38,   56.77,   61.00,   48.55
24/02/2013 01:40:00,   57.39,   61.89,   51.10,   58.52,   62.54,   52.59
24/02/2013 01:45:00,   56.06,   61.18,   46.89,   57.28,   61.71,   50.10
24/02/2013 01:50:00,   53.39,   59.60,   43.46,   54.46,   59.84,   45.71
24/02/2013 01:55:00,   56.82,   62.59,   47.87,   57.94,   62.95,   50.08
24/02/2013 02:00:00,   57.73,   63.27,   46.50,   58.49,   63.43,   48.38
24/02/2013 02:05:00,   55.87,   61.54,   44.66,   57.13,   62.05,   47.49
24/02/2013 02:10:00,   56.70,   62.13,   46.70,   57.86,   62.33,   49.10
24/02/2013 02:15:00,   55.63,   61.78,   45.46,   56.82,   62.29,   47.61
24/02/2013 02:20:00,   57.80,   63.29,   46.72,   59.00,   64.04,   49.13
24/02/2013 02:25:00,   54.87,   60.70,   45.48,   56.30,   61.41,   47.54
24/02/2013 02:30:00,   55.51,   61.85,   45.22,   56.34,   62.33,   47.02
24/02/2013 02:35:00,   55.43,   61.18,   44.60,   56.27,   61.85,   46.75
24/02/2013 02:40:00,   55.34,   61.25,   44.51,   56.46,   62.10,   46.35
24/02/2013 02:45:00,   53.39,   59.17,   45.38,   54.48,   60.31,   47.27
24/02/2013 02:50:00,   54.71,   60.49,   44.51,   55.68,   61.07,   46.64
24/02/2013 02:55:00,   52.29,   58.71,   44.28,   53.55,   59.29,   46.61
24/02/2013 03:00:00,   55.10,   60.22,   46.93,   56.00,   60.53,   48.80
24/02/2013 03:05:00,   54.97,   60.52,   44.55,   56.21,   61.41,   46.61
24/02/2013 03:10:00,   55.11,   59.75,   46.39,   56.49,   60.80,   48.50
24/02/2013 03:15:00,   54.41,   59.50,   45.49,   55.76,   60.56,   47.43
24/02/2013 03:20:00,   55.37,   60.54,   44.60,   57.31,   62.18,   46.86
24/02/2013 03:25:00,   53.63,   59.93,   44.86,   54.81,   60.52,   46.92
24/02/2013 03:30:00,   55.69,   61.74,   44.81,   56.54,   62.23,   46.87
24/02/2013 03:35:00,   53.00,   58.20,   44.80,   54.03,   58.93,   46.85
24/02/2013 03:40:00,   55.03,   61.47,   44.44,   55.94,   61.84,   46.55
24/02/2013 03:45:00,   55.34,   61.76,   44.43,   56.23,   61.91,   46.43
24/02/2013 03:50:00,   53.46,   58.87,   42.05,   54.45,   59.93,   44.96
24/02/2013 03:55:00,   54.05,   60.08,   43.91,   55.10,   60.82,   45.93
24/02/2013 04:00:00,   54.05,   60.15,   44.15,   55.25,   60.75,   46.54
24/02/2013 04:05:00,   53.65,   59.29,   43.74,   54.62,   60.14,   45.46
24/02/2013 04:10:00,   53.87,   59.95,   44.70,   54.86,   60.10,   46.56
24/02/2013 04:15:00,   54.98,   60.54,   44.93,   56.23,   61.58,   47.05
24/02/2013 04:20:00,   53.01,   59.59,   42.57,   55.39,   61.86,   45.80
24/02/2013 04:25:00,   53.95,   60.50,   43.72,   54.91,   60.82,   46.23
24/02/2013 04:30:00,   53.38,   60.66,   43.36,   55.08,   61.29,   46.85
24/02/2013 04:35:00,   51.32,   58.53,   41.32,   52.55,   59.64,   44.36
24/02/2013 04:40:00,   52.33,   59.34,   42.98,   53.30,   59.90,   45.13
24/02/2013 04:45:00,   52.46,   60.14,   41.05,   53.51,   60.78,   43.87
24/02/2013 04:50:00,   49.09,   57.14,   38.18,   50.37,   57.41,   41.61
24/02/2013 04:55:00,   50.87,   57.26,   40.88,   52.44,   58.98,   43.61
24/02/2013 05:00:00,   52.92,   59.70,   41.63,   53.69,   60.24,   43.84
24/02/2013 05:05:00,   51.68,   59.40,   39.89,   52.66,   59.81,   43.49
24/02/2013 05:10:00,   50.36,   58.22,   39.60,   51.80,   59.14,   42.94
24/02/2013 05:15:00,   50.55,   57.06,   40.29,   51.85,   58.18,   43.21
24/02/2013 05:20:00,   51.76,   58.54,   40.96,   52.54,   59.31,   43.85
24/02/2013 05:25:00,   53.20,   59.32,   41.47,   53.70,   59.74,   43.65
24/02/2013 05:30:00,   49.74,   55.53,   40.89,   52.32,   58.42,   43.64
24/02/2013 05:35:00,   50.34,   57.47,   40.81,   51.59,   58.51,   43.30
24/02/2013 05:40:00,   50.16,   56.79,   40.37,   52.06,   58.48,   43.43
24/02/2013 05:45:00,   49.97,   58.20,   40.11,   51.65,   59.38,   43.24
24/02/2013 05:50:00,   51.24,   57.05,   41.05,   52.88,   59.35,   43.72
24/02/2013 05:55:00,   45.76,   48.83,   40.58,   47.17,   49.52,   43.04
24/02/2013 06:00:00,   52.31,   58.12,   43.22,   53.65,   59.50,   45.26
24/02/2013 06:05:00,   51.97,   58.49,   41.78,   53.55,   59.35,   45.01
24/02/2013 06:10:00,   54.12,   59.86,   45.00,   57.07,   62.50,   49.09
24/02/2013 06:15:00,   53.15,   59.03,   43.60,   54.95,   60.29,   46.07
24/02/2013 06:20:00,   50.22,   57.54,   41.40,   52.04,   59.30,   44.05
24/02/2013 06:25:00,   52.97,   59.73,   44.26,   54.04,   60.19,   46.58
24/02/2013 06:30:00,   48.70,   53.59,   41.27,   50.70,   55.58,   44.39
24/02/2013 06:35:00,   51.78,   57.55,   43.70,   53.24,   58.77,   46.28
24/02/2013 06:40:00,   49.50,   54.12,   42.58,   51.00,   55.07,   45.74
24/02/2013 06:45:00,   50.97,   57.33,   41.64,   52.68,   58.81,   44.31
24/02/2013 06:50:00,   51.34,   58.37,   42.89,   52.75,   58.49,   46.21
24/02/2013 06:55:00,   51.19,   57.80,   43.37,   52.56,   58.47,   45.92
24/02/2013 07:00:00,   51.72,   56.47,   43.90,   52.90,   57.27,   46.75
24/02/2013 07:05:00,   54.01,   59.54,   46.61,   55.15,   59.93,   49.04
24/02/2013 07:10:00,   53.23,   58.53,   45.64,   54.08,   58.81,   47.93
24/02/2013 07:15:00,   55.96,   61.80,   46.35,   56.21,   61.75,   48.54
24/02/2013 07:20:00,   52.82,   57.06,   45.95,   53.74,   57.79,   48.05
24/02/2013 07:25:00,   53.76,   59.85,   44.38,   54.79,   60.52,   47.72
24/02/2013 07:30:00,   55.71,   60.28,   48.92,   56.23,   60.46,   50.29
24/02/2013 07:35:00,   55.74,   60.33,   49.33,   56.16,   60.23,   50.72
24/02/2013 07:40:00,   55.28,   60.85,   48.16,   56.27,   61.17,   49.88
24/02/2013 07:45:00,   54.23,   59.06,   47.56,   55.53,   60.29,   49.88
24/02/2013 07:50:00,   55.54,   60.23,   48.35,   56.74,   61.06,   50.33
24/02/2013 07:55:00,   56.70,   61.83,   49.64,   57.21,   62.06,   50.81
24/02/2013 08:00:00,   54.26,   58.96,   47.29,   55.58,   60.03,   49.34
24/02/2013 08:05:00,   55.16,   60.32,   47.48,   56.66,   61.38,   49.75
24/02/2013 08:10:00,   55.80,   61.34,   48.02,   56.54,   61.71,   49.88
24/02/2013 08:15:00,   54.93,   59.56,   48.38,   55.92,   60.05,   50.20
24/02/2013 08:20:00,   54.84,   59.80,   48.72,   55.85,   60.28,   50.45
24/02/2013 08:25:00,   56.59,   60.39,   51.32,   57.38,   61.25,   52.31
24/02/2013 08:30:00,   54.04,   59.34,   47.42,   55.20,   59.85,   49.09
24/02/2013 08:35:00,   51.40,   55.68,   45.51,   53.29,   57.44,   48.06
24/02/2013 08:40:00,   53.44,   59.03,   47.28,   54.73,   60.09,   49.22
24/02/2013 08:45:00,   56.30,   60.42,   50.00,   57.27,   60.97,   51.29
24/02/2013 08:50:00,   55.85,   61.61,   49.29,   56.38,   61.40,   50.72
24/02/2013 08:55:00,   56.50,   59.90,   51.50,   57.17,   60.66,   52.06
24/02/2013 09:00:00,   55.81,   60.42,   48.42,   57.15,   61.59,   51.34
24/02/2013 09:05:00,   62.43,   66.81,   53.05,   61.94,   65.57,   54.68
24/02/2013 09:10:00,   54.28,   58.60,   48.18,   55.55,   59.54,   50.47
24/02/2013 09:15:00,   56.69,   60.93,   49.70,   57.88,   61.73,   52.33
24/02/2013 09:20:00,   57.34,   62.41,   48.93,   58.50,   63.01,   51.30
24/02/2013 09:25:00,   57.19,   61.72,   51.25,   58.62,   62.42,   54.20
24/02/2013 09:30:00,   58.01,   62.17,   52.32,   58.99,   62.89,   54.09
24/02/2013 09:35:00,   58.28,   63.44,   50.51,   59.38,   64.60,   52.92
24/02/2013 09:40:00,   57.51,   62.01,   50.94,   59.16,   63.55,   53.11
24/02/2013 09:45:00,   57.38,   62.00,   48.51,   58.45,   62.71,   50.80
24/02/2013 09:50:00,   57.23,   61.33,   49.87,   59.05,   63.07,   51.95
24/02/2013 09:55:00,   56.52,   61.65,   50.99,   58.32,   62.73,   53.23
24/02/2013 10:00:00,   56.99,   61.01,   49.75,   58.40,   62.17,   52.21
24/02/2013 10:05:00,   58.67,   62.47,   53.31,   60.63,   63.80,   54.66
24/02/2013 10:10:00,   58.60,   61.79,   51.43,   60.87,   63.82,   54.26
24/02/2013 10:15:00,   57.84,   62.22,   51.53,   59.48,   63.28,   53.94
24/02/2013 10:20:00,   57.18,   61.23,   50.65,   58.75,   62.86,   53.42
24/02/2013 10:25:00,   57.39,   62.19,   48.92,   59.07,   63.09,   51.84
24/02/2013 10:30:00,   57.90,   61.92,   49.47,   59.37,   63.11,   53.24
24/02/2013 10:35:00,   56.65,   60.79,   49.67,   59.06,   62.71,   52.73
24/02/2013 10:40:00,   58.06,   61.93,   51.98,   59.45,   63.53,   53.50
24/02/2013 10:45:00,   59.15,   62.38,   53.64,   61.60,   65.26,   55.48
24/02/2013 10:50:00,   58.75,   62.24,   52.72,   60.90,   64.50,   54.92
24/02/2013 10:55:00,   58.45,   61.59,   53.77,   60.11,   62.82,   55.90
24/02/2013 11:00:00,   58.70,   62.42,   52.87,   60.97,   64.16,   55.10
24/02/2013 11:05:00,   61.29,   62.48,   52.90,   62.97,   65.21,   56.58
24/02/2013 11:10:00,   58.29,   62.21,   52.40,   60.61,   64.21,   55.15
24/02/2013 11:15:00,   58.46,   62.43,   51.84,   60.21,   64.11,   54.08
24/02/2013 11:20:00,   57.67,   61.68,   52.09,   59.38,   62.89,   54.54
24/02/2013 11:25:00,   57.90,   61.15,   52.31,   60.05,   63.25,   54.10
24/02/2013 11:30:00,   57.38,   60.81,   51.88,   59.71,   62.86,   54.75
24/02/2013 11:35:00,   59.68,   62.96,   53.70,   61.75,   64.88,   55.75
24/02/2013 11:40:00,   58.53,   62.13,   52.68,   60.34,   63.74,   55.23
24/02/2013 11:45:00,   58.93,   62.18,   51.48,   60.25,   63.09,   53.88
24/02/2013 11:50:00,   61.96,   64.51,   52.93,   62.92,   65.59,   54.66
24/02/2013 11:55:00,   59.31,   62.76,   53.45,   61.12,   63.91,   56.50
24/02/2013 12:00:00,   60.07,   62.95,   54.67,   61.33,   64.15,   56.72
24/02/2013 12:05:00,   60.10,   63.15,   54.15,   61.28,   64.29,   54.76
24/02/2013 12:10:00,   59.76,   62.80,   54.39,   61.33,   64.43,   55.92
24/02/2013 12:15:00,   59.38,   62.23,   55.23,   60.78,   63.01,   56.67
24/02/2013 12:20:00,   58.82,   62.24,   52.58,   59.98,   63.03,   55.18
24/02/2013 12:25:00,   58.11,   61.57,   52.68,   60.35,   63.63,   54.35
24/02/2013 12:30:00,   58.98,   61.90,   52.48,   61.05,   63.96,   54.85
24/02/2013 12:35:00,   59.12,   62.32,   51.62,   61.12,   64.06,   54.85
24/02/2013 12:40:00,   58.79,   61.97,   53.39,   61.26,   64.29,   55.95
24/02/2013 12:45:00,   58.52,   61.96,   52.51,   60.60,   63.80,   55.06
24/02/2013 12:50:00,   58.70,   62.33,   51.97,   60.93,   64.13,   54.63
24/02/2013 12:55:00,   58.68,   61.54,   52.26,   61.16,   63.79,   55.92
24/02/2013 13:00:00,   58.75,   61.91,   51.16,   61.92,   65.14,   54.95
24/02/2013 13:05:00,   61.90,   65.42,   54.45,   62.58,   65.65,   56.45
24/02/2013 13:10:00,   62.41,   64.69,   57.62,   63.38,   65.60,   59.04
24/02/2013 13:15:00,   60.32,   63.71,   52.87,   61.01,   64.43,   54.31
24/02/2013 13:20:00,   60.26,   63.25,   54.69,   61.61,   64.48,   56.34
24/02/2013 13:25:00,   59.97,   62.45,   54.83,   61.37,   63.19,   56.38
24/02/2013 13:30:00,   60.66,   63.59,   55.94,   62.35,   65.10,   57.01
24/02/2013 13:35:00,   60.55,   63.41,   55.14,   62.67,   66.14,   56.12
24/02/2013 13:40:00,   60.52,   63.00,   54.76,   62.14,   65.25,   56.52
24/02/2013 13:45:00,   60.10,   62.90,   53.77,   61.51,   63.95,   55.90
24/02/2013 13:50:00,   60.11,   62.55,   56.49,   61.50,   63.91,   56.96
24/02/2013 13:55:00,   60.18,   63.24,   56.12,   61.26,   64.03,   56.86
24/02/2013 14:00:00,   60.20,   62.68,   55.04,   61.57,   64.29,   56.76
24/02/2013 14:05:00,   61.16,   63.61,   56.68,   62.89,   65.61,   57.31
24/02/2013 14:10:00,   60.10,   62.56,   56.69,   61.66,   64.32,   57.26
24/02/2013 14:15:00,   60.34,   62.47,   55.94,   61.72,   64.43,   56.84
24/02/2013 14:20:00,   59.69,   62.36,   53.68,   61.75,   64.46,   56.58
24/02/2013 14:25:00,   59.99,   63.75,   53.18,   62.58,   65.87,   56.80
24/02/2013 14:30:00,   57.52,   61.37,   51.25,   59.66,   63.04,   53.79
24/02/2013 14:35:00,   59.36,   62.58,   53.40,   63.08,   67.44,   56.72
24/02/2013 14:40:00,   58.10,   61.68,   50.54,   61.24,   64.20,   54.29
24/02/2013 14:45:00,   58.00,   61.47,   50.34,   60.32,   63.23,   54.76
24/02/2013 14:50:00,   58.94,   62.28,   50.12,   61.12,   64.53,   53.84
24/02/2013 14:55:00,   60.73,   63.15,   56.84,   61.78,   63.91,   58.49
24/02/2013 15:00:00,   59.85,   62.95,   54.93,   61.43,   63.95,   56.75
24/02/2013 15:05:00,   59.77,   62.16,   55.30,   61.23,   63.57,   57.45
24/02/2013 15:10:00,   58.42,   61.52,   51.68,   60.31,   63.28,   54.41
24/02/2013 15:15:00,   58.27,   61.77,   51.55,   60.51,   63.60,   54.21
24/02/2013 15:20:00,   59.30,   62.74,   53.40,   61.93,   65.63,   55.57
24/02/2013 15:25:00,   57.98,   61.06,   52.40,   59.87,   62.55,   54.24
24/02/2013 15:30:00,   59.11,   62.02,   53.48,   62.37,   65.62,   56.62
24/02/2013 15:35:00,   59.42,   62.99,   53.41,   60.50,   63.86,   55.32
24/02/2013 15:40:00,   62.87,   65.63,   55.61,   63.10,   65.38,   56.40
24/02/2013 15:45:00,   59.95,   62.26,   56.06,   61.37,   63.52,   58.00
24/02/2013 15:50:00,   59.60,   62.49,   54.88,   61.35,   64.30,   56.47
24/02/2013 15:55:00,   59.13,   62.26,   52.81,   60.39,   62.92,   55.59
24/02/2013 16:00:00,   58.87,   62.03,   52.60,   60.51,   63.99,   54.24
24/02/2013 16:05:00,   58.64,   61.79,   52.59,   60.10,   63.58,   53.57
24/02/2013 16:10:00,   59.32,   62.42,   54.08,   61.09,   63.97,   55.39
24/02/2013 16:15:00,   58.37,   61.60,   53.54,   60.51,   63.82,   55.95
24/02/2013 16:20:00,   57.47,   61.30,   50.84,   59.52,   63.14,   53.99
24/02/2013 16:25:00,   57.18,   60.63,   50.71,   59.43,   62.40,   53.95
24/02/2013 16:30:00,   57.39,   61.10,   49.98,   59.86,   62.85,   53.24
24/02/2013 16:35:00,   57.59,   61.24,   50.20,   60.45,   63.49,   54.44
24/02/2013 16:40:00,   57.95,   61.76,   49.65,   60.16,   63.40,   53.42
24/02/2013 16:45:00,   57.91,   61.69,   48.45,   60.59,   63.57,   53.58
24/02/2013 16:50:00,   57.60,   61.14,   50.37,   60.36,   63.33,   54.14
24/02/2013 16:55:00,   60.13,   65.52,   52.61,   61.18,   65.02,   55.02
24/02/2013 17:00:00,   56.66,   60.67,   50.13,   58.97,   62.63,   54.06
24/02/2013 17:05:00,   57.12,   60.89,   50.01,   59.61,   62.91,   53.45
24/02/2013 17:10:00,   57.69,   61.04,   52.23,   60.72,   63.39,   55.96
24/02/2013 17:15:00,   56.94,   60.69,   50.01,   59.93,   63.51,   53.51
24/02/2013 17:20:00,   56.46,   60.53,   49.25,   59.57,   62.90,   52.92
24/02/2013 17:25:00,   58.35,   61.74,   51.04,   60.93,   64.26,   54.42
24/02/2013 17:30:00,   57.92,   61.12,   50.84,   59.86,   62.24,   53.29
24/02/2013 17:35:00,   57.00,   61.15,   50.27,   59.79,   63.61,   53.52
24/02/2013 17:40:00,   57.66,   61.02,   53.09,   59.66,   62.42,   55.75
24/02/2013 17:45:00,   57.93,   61.30,   52.52,   60.65,   63.93,   56.28
24/02/2013 17:50:00,   57.32,   60.61,   52.33,   59.85,   62.75,   55.02
24/02/2013 17:55:00,   57.12,   61.03,   51.03,   59.60,   62.99,   53.61
24/02/2013 18:00:00,   58.91,   62.48,   53.69,   61.74,   64.48,   56.56
24/02/2013 18:05:00,   56.81,   60.51,   50.18,   60.57,   63.86,   53.36
24/02/2013 18:10:00,   56.20,   60.53,   50.06,   59.56,   63.10,   54.26
24/02/2013 18:15:00,   61.23,   67.01,   52.92,   62.42,   67.00,   56.43
24/02/2013 18:20:00,   58.29,   62.23,   50.44,   60.64,   64.07,   52.91
24/02/2013 18:25:00,   57.75,   61.49,   52.66,   60.32,   63.02,   56.50
24/02/2013 18:30:00,   57.81,   61.12,   50.25,   60.64,   63.80,   53.89
24/02/2013 18:35:00,   56.02,   60.41,   49.69,   59.89,   63.20,   53.98
24/02/2013 18:40:00,   56.77,   60.25,   49.84,   59.31,   62.05,   53.84
24/02/2013 18:45:00,   57.70,   61.13,   50.77,   60.48,   63.21,   54.56
24/02/2013 18:50:00,   57.69,   61.64,   52.19,   60.24,   63.34,   54.81
24/02/2013 18:55:00,   57.58,   61.53,   49.68,   60.13,   63.55,   54.07
24/02/2013 19:00:00,   58.00,   61.38,   49.57,   60.50,   62.83,   53.14
24/02/2013 19:05:00,   58.13,   61.16,   50.00,   61.55,   64.41,   53.56
24/02/2013 19:10:00,   56.27,   60.40,   49.92,   59.61,   63.69,   53.08
24/02/2013 19:15:00,   57.48,   60.94,   52.07,   59.78,   62.76,   55.21
24/02/2013 19:20:00,   55.73,   60.61,   48.59,   58.78,   62.83,   52.34
24/02/2013 19:25:00,   57.10,   61.14,   49.43,   59.63,   63.75,   52.15
24/02/2013 19:30:00,   57.92,   61.70,   50.89,   61.16,   64.03,   54.93
24/02/2013 19:35:00,   56.95,   60.56,   49.57,   59.41,   62.69,   52.91
24/02/2013 19:40:00,   58.39,   61.92,   49.86,   60.93,   63.99,   53.86
24/02/2013 19:45:00,   56.75,   60.69,   49.01,   58.49,   61.75,   51.70
24/02/2013 19:50:00,   57.02,   61.50,   48.36,   59.05,   63.16,   49.74
24/02/2013 19:55:00,   55.70,   60.14,   44.57,   57.96,   61.77,   48.59
24/02/2013 20:00:00,   55.50,   59.82,   47.94,   58.39,   62.30,   51.69
24/02/2013 20:05:00,   57.97,   61.32,   51.70,   60.32,   63.03,   54.84
24/02/2013 20:10:00,   56.11,   60.20,   49.40,   58.74,   62.45,   53.15
24/02/2013 20:15:00,   57.29,   61.06,   51.22,   60.94,   64.29,   55.42
24/02/2013 20:20:00,   56.75,   60.82,   48.86,   61.00,   64.73,   52.50
24/02/2013 20:25:00,   57.64,   60.29,   52.55,   60.64,   63.42,   55.64
24/02/2013 20:30:00,   56.70,   59.85,   51.61,   59.35,   62.02,   54.47
24/02/2013 20:35:00,   55.99,   60.18,   46.28,   57.83,   61.62,   49.88
24/02/2013 20:40:00,   57.01,   60.65,   48.26,   59.96,   63.45,   52.39
24/02/2013 20:45:00,   57.25,   60.78,   50.59,   60.30,   64.20,   54.62
24/02/2013 20:50:00,   56.31,   60.51,   48.29,   58.28,   62.39,   50.87
24/02/2013 20:55:00,   55.97,   59.54,   49.08,   57.67,   61.18,   51.61
24/02/2013 21:00:00,   55.13,   59.02,   47.60,   57.21,   60.57,   51.46
24/02/2013 21:05:00,   57.08,   61.04,   50.70,   59.46,   62.98,   53.50
24/02/2013 21:10:00,   57.18,   60.67,   50.10,   59.95,   63.45,   53.07
24/02/2013 21:15:00,   57.08,   61.35,   48.96,   59.11,   63.03,   52.37
24/02/2013 21:20:00,   56.21,   60.54,   48.51,   58.47,   62.64,   52.03
24/02/2013 21:25:00,   56.93,   60.90,   49.28,   60.31,   64.01,   53.86
24/02/2013 21:30:00,   57.02,   60.86,   50.26,   58.94,   62.43,   52.81
24/02/2013 21:35:00,   61.01,   62.58,   48.45,   62.98,   66.61,   51.10
24/02/2013 21:40:00,   56.46,   60.17,   50.13,   60.50,   64.61,   53.63
24/02/2013 21:45:00,   55.99,   60.01,   49.33,   57.81,   61.64,   51.27
24/02/2013 21:50:00,   54.93,   59.00,   46.63,   58.22,   62.69,   51.27
24/02/2013 21:55:00,   56.60,   60.56,   49.80,   59.40,   63.57,   52.68
24/02/2013 22:00:00,   55.25,   59.59,   46.84,   56.84,   60.72,   49.89
24/02/2013 22:05:00,   56.53,   60.65,   48.58,   58.86,   62.75,   52.32
24/02/2013 22:10:00,   57.22,   61.45,   49.22,   60.03,   63.44,   53.47
24/02/2013 22:15:00,   54.04,   57.83,   47.25,   57.38,   61.27,   51.01
24/02/2013 22:20:00,   54.68,   59.21,   46.64,   58.12,   61.37,   51.33
24/02/2013 22:25:00,   54.35,   59.78,   43.90,   56.83,   61.75,   47.41
24/02/2013 22:30:00,   55.63,   59.89,   48.31,   57.70,   62.54,   50.61
24/02/2013 22:35:00,   54.99,   60.15,   47.02,   57.20,   61.96,   49.96
24/02/2013 22:40:00,   54.78,   59.85,   45.39,   57.17,   61.95,   48.56
24/02/2013 22:45:00,   56.25,   60.39,   48.88,   58.49,   62.18,   51.77
24/02/2013 22:50:00,   54.21,   60.19,   44.69,   56.37,   62.06,   48.06
24/02/2013 22:55:00,   56.85,   61.50,   49.77,   58.16,   62.37,   52.01
24/02/2013 23:00:00,   52.85,   57.31,   45.09,   54.74,   59.03,   48.29
24/02/2013 23:05:00,   54.46,   59.00,   44.75,   57.16,   61.41,   47.55
24/02/2013 23:10:00,   55.16,   59.80,   46.27,   57.73,   62.21,   49.23
24/02/2013 23:15:00,   53.82,   59.97,   44.45,   55.45,   60.75,   48.27
24/02/2013 23:20:00,   54.71,   59.94,   44.19,   56.80,   61.01,   47.21
24/02/2013 23:25:00,   54.24,   59.13,   46.16,   56.73,   61.28,   48.53
24/02/2013 23:30:00,   53.29,   58.34,   44.76,   55.66,   60.17,   47.59
24/02/2013 23:35:00,   52.70,   57.82,   41.74,   55.65,   61.23,   44.99
24/02/2013 23:40:00,   54.93,   59.85,   46.77,   57.07,   61.65,   49.26
24/02/2013 23:45:00,   53.24,   57.68,   45.03,   55.07,   59.34,   48.18
24/02/2013 23:50:00,   54.40,   58.99,   46.72,   56.82,   60.68,   50.30
24/02/2013 23:56:00,   51.20,   57.53,   43.17,   53.31,   58.65,   46.24

