# noise_analysis run from DCC-NOISE-001014 at Mon Feb  4 00:00:00 2013
# Monitoring unit located at 53.278938N 6.315392W
# logfile   = /home/root/noise_analysis.log
# cfg_dir   = /home/root/config
# outputdir = /home/root/noise
# Sensitivity = -26.577707
# Gain = 1.000000
# Time should be in local format (i.e. daylight savings time)
# dd/mm/yyyy hh:mm:ss, A Leq,   A L10,   A L95,   C Leq,   C L10,   C L95
04/02/2013 00:05:00,   57.01,   60.65,   50.45,   66.22,   71.74,   55.44
04/02/2013 00:10:00,   57.32,   61.23,   50.36,   66.28,   72.03,   54.40
04/02/2013 00:15:00,   56.14,   60.37,   48.79,   59.82,   63.68,   52.74
04/02/2013 00:20:00,   57.48,   60.86,   50.56,   64.36,   69.04,   56.64
04/02/2013 00:25:00,   55.98,   60.51,   48.60,   62.41,   67.66,   52.63
04/02/2013 00:30:00,   57.12,   60.89,   49.28,   61.93,   65.53,   53.88
04/02/2013 00:35:00,   54.50,   59.07,   47.25,   62.46,   68.19,   52.17
04/02/2013 00:40:00,   57.57,   62.53,   48.73,   64.05,   68.83,   52.90
04/02/2013 00:45:00,   56.85,   62.03,   48.85,   61.80,   66.46,   52.79
04/02/2013 00:50:00,   57.34,   61.74,   50.80,   63.35,   67.58,   54.89
04/02/2013 00:55:00,   57.95,   62.21,   50.24,   62.78,   66.63,   54.12
04/02/2013 01:00:00,   57.04,   60.74,   48.56,   61.96,   67.49,   52.65
04/02/2013 01:05:00,   55.47,   60.68,   48.13,   60.34,   64.85,   52.33
04/02/2013 01:10:00,   57.52,   62.25,   50.80,   64.30,   69.10,   54.79
04/02/2013 01:15:00,   61.86,   66.39,   54.19,   72.50,   79.99,   58.51
04/02/2013 01:20:00,   61.49,   64.99,   53.72,   70.98,   76.37,   59.04
04/02/2013 01:25:00,   62.34,   67.08,   52.13,   73.99,   81.00,   59.52
04/02/2013 01:30:00,   57.27,   62.83,   49.39,   67.78,   75.13,   56.32
04/02/2013 01:35:00,   56.90,   61.66,   49.20,   66.45,   72.54,   55.30
04/02/2013 01:40:00,   56.88,   61.67,   48.39,   67.63,   74.15,   54.35
04/02/2013 01:45:00,   56.24,   60.65,   48.08,   64.69,   70.19,   53.35
04/02/2013 01:50:00,   55.17,   60.58,   47.39,   64.68,   70.34,   52.15
04/02/2013 01:55:00,   52.47,   56.82,   46.37,   62.82,   68.43,   51.70
04/02/2013 02:00:00,   54.93,   60.23,   45.76,   64.54,   70.76,   51.79
04/02/2013 02:05:00,   55.83,   60.50,   48.50,   65.01,   70.92,   55.12
04/02/2013 02:10:00,   55.73,   60.86,   47.22,   66.33,   72.35,   52.19
04/02/2013 02:15:00,   54.05,   59.28,   46.10,   60.44,   65.59,   51.29
04/02/2013 02:20:00,   55.69,   60.51,   46.93,   66.42,   73.29,   54.26
04/02/2013 02:25:00,   52.34,   56.66,   44.94,   60.74,   66.63,   50.14
04/02/2013 02:30:00,   49.11,   51.93,   43.63,   60.10,   65.99,   49.54
04/02/2013 02:35:00,   50.08,   56.32,   43.36,   61.02,   68.79,   49.21
04/02/2013 02:40:00,   52.73,   58.79,   44.31,   60.27,   66.37,   49.70
04/02/2013 02:45:00,   54.84,   60.87,   45.17,   63.68,   68.61,   50.58
04/02/2013 02:50:00,   50.24,   55.53,   43.13,   58.52,   63.39,   48.91
04/02/2013 02:55:00,   51.47,   56.77,   43.91,   58.81,   64.04,   49.87
04/02/2013 03:00:00,   52.42,   58.38,   43.12,   59.99,   64.07,   47.87
04/02/2013 03:05:00,   50.87,   56.44,   44.48,   57.98,   63.61,   49.65
04/02/2013 03:10:00,   51.34,   57.96,   44.27,   56.61,   61.69,   49.33
04/02/2013 03:15:00,   52.40,   58.62,   43.96,   58.64,   64.00,   49.73
04/02/2013 03:20:00,   52.45,   57.55,   44.28,   57.96,   63.50,   49.41
04/02/2013 03:25:00,   50.20,   56.36,   43.71,   56.93,   62.29,   49.17
04/02/2013 03:30:00,   49.18,   54.14,   43.37,   56.06,   61.69,   48.56
04/02/2013 03:35:00,   51.81,   56.41,   45.39,   60.24,   67.01,   50.62
04/02/2013 03:40:00,   51.51,   56.54,   44.83,   60.61,   66.14,   50.21
04/02/2013 03:45:00,   51.00,   54.96,   46.20,   57.16,   62.81,   50.85
04/02/2013 03:50:00,   51.36,   57.55,   43.57,   56.47,   62.26,   48.28
04/02/2013 03:55:00,   49.74,   54.14,   44.30,   57.99,   62.98,   49.91
04/02/2013 04:00:00,   51.27,   57.20,   44.16,   58.62,   64.08,   49.41
04/02/2013 04:05:00,   52.27,   59.88,   44.89,   56.87,   62.44,   49.70
04/02/2013 04:10:00,   49.18,   53.22,   45.07,   57.39,   63.88,   49.57
04/02/2013 04:15:00,   51.50,   56.48,   45.80,   58.89,   64.65,   50.57
04/02/2013 04:20:00,   50.76,   54.71,   45.71,   57.80,   63.47,   50.68
04/02/2013 04:25:00,   52.43,   57.54,   46.70,   61.79,   68.37,   52.21
04/02/2013 04:30:00,   51.52,   56.43,   45.68,   59.73,   66.69,   50.71
04/02/2013 04:35:00,   54.10,   59.30,   47.39,   61.51,   67.99,   52.19
04/02/2013 04:40:00,   50.35,   54.79,   45.65,   59.14,   65.37,   50.41
04/02/2013 04:45:00,   51.58,   55.72,   46.57,   59.61,   65.38,   51.23
04/02/2013 04:50:00,   50.87,   55.69,   46.14,   56.71,   61.74,   50.34
04/02/2013 04:55:00,   51.75,   55.84,   47.51,   58.34,   63.68,   51.62
04/02/2013 05:00:00,   52.25,   57.26,   47.16,   60.29,   66.80,   51.26
04/02/2013 05:05:00,   50.81,   53.96,   47.05,   58.69,   63.99,   51.76
04/02/2013 05:10:00,   51.01,   54.55,   47.29,   58.66,   62.97,   52.03
04/02/2013 05:15:00,   51.34,   55.21,   47.72,   59.23,   64.66,   51.92
04/02/2013 05:20:00,   53.95,   58.75,   48.08,   60.55,   66.07,   52.00
04/02/2013 05:25:00,   53.48,   58.23,   48.97,   60.58,   66.25,   53.54
04/02/2013 05:30:00,   55.61,   60.11,   48.98,   64.05,   69.77,   53.33
04/02/2013 05:35:00,   55.02,   58.55,   49.82,   62.73,   67.29,   54.82
04/02/2013 05:40:00,   53.70,   57.93,   47.86,   60.17,   65.08,   52.31
04/02/2013 05:45:00,   55.59,   59.72,   49.66,   63.59,   68.72,   54.75
04/02/2013 05:50:00,   55.44,   61.03,   49.01,   60.68,   65.88,   53.47
04/02/2013 05:55:00,   56.66,   60.00,   51.12,   67.04,   73.34,   55.51
04/02/2013 06:00:00,   54.24,   58.80,   49.22,   60.22,   64.53,   53.77
04/02/2013 06:05:00,   55.08,   59.45,   48.91,   62.73,   67.48,   53.73
04/02/2013 06:10:00,   55.91,   59.73,   50.81,   62.59,   67.00,   55.54
04/02/2013 06:15:00,   56.81,   60.78,   51.85,   65.95,   72.32,   56.30
04/02/2013 06:20:00,   57.02,   60.00,   51.95,   66.93,   72.57,   56.86
04/02/2013 06:25:00,   57.90,   60.98,   50.69,   68.45,   74.18,   55.51
04/02/2013 06:30:00,   57.31,   61.72,   52.19,   64.57,   70.44,   56.54
04/02/2013 06:35:00,   55.84,   58.93,   52.05,   63.12,   67.41,   56.96
04/02/2013 06:40:00,   57.22,   60.84,   51.88,   64.00,   68.15,   56.35
04/02/2013 06:45:00,   57.88,   61.71,   52.83,   63.53,   67.54,   58.26
04/02/2013 06:50:00,   58.05,   61.56,   53.16,   64.43,   68.84,   57.80
04/02/2013 06:55:00,   57.17,   60.59,   53.63,   62.79,   66.48,   57.70
04/02/2013 07:00:00,   58.87,   61.55,   55.00,   65.28,   69.28,   58.98
04/02/2013 07:05:00,   58.01,   60.53,   54.74,   66.55,   70.89,   59.63
04/02/2013 07:10:00,   58.76,   60.99,   55.56,   64.01,   68.64,   59.22
04/02/2013 07:15:00,   59.09,   62.25,   54.87,   65.72,   71.26,   58.88
04/02/2013 07:20:00,   59.01,   62.21,   54.39,   64.40,   68.26,   58.22
04/02/2013 07:25:00,   58.81,   61.40,   55.55,   63.84,   66.93,   60.18
04/02/2013 07:30:00,   58.26,   61.01,   54.36,   64.85,   69.65,   58.97
04/02/2013 07:35:00,   59.81,   62.50,   55.16,   65.87,   69.43,   59.86
04/02/2013 07:40:00,   59.89,   61.87,   56.46,   66.17,   69.79,   61.06
04/02/2013 07:45:00,   60.63,   63.18,   56.26,   68.06,   73.03,   60.04
04/02/2013 07:50:00,   61.12,   63.88,   57.94,   69.39,   73.74,   62.28
04/02/2013 07:55:00,   60.09,   62.33,   56.95,   66.91,   71.38,   61.38
04/02/2013 08:00:00,   60.56,   62.85,   56.50,   66.56,   69.27,   61.17
04/02/2013 08:05:00,   59.37,   61.31,   56.74,   65.40,   69.83,   60.70
04/02/2013 08:10:00,   60.46,   62.44,   57.24,   65.29,   69.32,   61.21
04/02/2013 08:15:00,   60.87,   63.83,   57.02,   67.44,   71.75,   61.87
04/02/2013 08:20:00,   60.19,   63.05,   56.81,   65.03,   67.74,   60.87
04/02/2013 08:25:00,   60.98,   64.10,   57.60,   68.29,   72.91,   62.30
04/02/2013 08:30:00,   60.01,   62.24,   57.11,   65.95,   69.26,   61.64
04/02/2013 08:35:00,   60.36,   62.62,   57.39,   67.26,   71.53,   61.58
04/02/2013 08:40:00,   60.66,   63.08,   56.89,   66.97,   70.45,   62.27
04/02/2013 08:45:00,   60.56,   62.69,   57.69,   67.45,   71.35,   62.04
04/02/2013 08:50:00,   63.34,   66.02,   57.65,   69.93,   74.41,   62.68
04/02/2013 08:55:00,   59.35,   61.68,   56.60,   65.89,   69.30,   61.63
04/02/2013 09:00:00,   60.36,   62.41,   57.89,   67.37,   71.32,   62.81
04/02/2013 09:05:00,   60.33,   63.41,   56.91,   67.01,   71.48,   61.96
04/02/2013 09:10:00,   61.38,   63.39,   57.88,   68.36,   73.03,   62.54
04/02/2013 09:15:00,   61.30,   63.37,   57.11,   68.02,   71.93,   61.62
04/02/2013 09:20:00,   61.20,   63.11,   57.85,   68.56,   73.24,   62.89
04/02/2013 09:25:00,   61.58,   63.83,   58.23,   69.54,   75.64,   62.17
04/02/2013 09:30:00,   61.01,   63.46,   57.34,   67.46,   71.83,   62.19
04/02/2013 09:35:00,   61.24,   63.77,   57.88,   68.51,   72.86,   62.67
04/02/2013 09:40:00,   60.26,   62.79,   56.69,   66.51,   69.43,   61.28
04/02/2013 09:45:00,   62.03,   64.22,   57.64,   69.76,   74.05,   62.08
04/02/2013 09:50:00,   60.88,   63.37,   57.37,   68.89,   72.60,   62.02
04/02/2013 09:55:00,   59.50,   62.23,   55.48,   65.10,   68.48,   60.72
04/02/2013 10:00:00,   60.30,   62.68,   55.97,   66.47,   69.80,   61.43
04/02/2013 10:05:00,   61.29,   63.68,   56.03,   67.24,   72.15,   59.99
04/02/2013 10:10:00,   62.87,   65.27,   58.20,   70.29,   76.04,   63.39
04/02/2013 10:15:00,   60.24,   62.89,   56.60,   67.56,   71.99,   61.66
04/02/2013 10:20:00,   59.80,   62.63,   56.60,   67.68,   72.30,   60.91
04/02/2013 10:25:00,   60.28,   62.58,   55.51,   65.02,   68.27,   60.56
04/02/2013 10:30:00,   59.84,   61.60,   55.77,   67.17,   71.16,   60.09
04/02/2013 10:35:00,   60.11,   62.97,   55.61,   67.90,   72.41,   60.30
04/02/2013 10:40:00,   59.68,   61.84,   56.82,   66.35,   70.09,   60.95
04/02/2013 10:45:00,   60.99,   63.07,   56.85,   70.28,   74.79,   61.90
04/02/2013 10:50:00,   59.23,   61.48,   56.10,   66.26,   70.84,   60.91
04/02/2013 10:55:00,   59.08,   61.36,   55.74,   65.53,   69.49,   60.17
04/02/2013 11:00:00,   61.26,   64.27,   56.59,   71.18,   77.75,   61.55
04/02/2013 11:05:00,   60.09,   62.27,   56.04,   68.10,   71.40,   61.04
04/02/2013 11:10:00,   59.22,   61.57,   55.32,   64.65,   67.83,   60.97
04/02/2013 11:15:00,   59.14,   61.57,   55.17,   64.60,   68.70,   59.41
04/02/2013 11:20:00,   59.52,   61.82,   55.98,   66.58,   71.22,   60.76
04/02/2013 11:25:00,   59.76,   62.50,   54.26,   64.45,   67.91,   60.05
04/02/2013 11:30:00,   59.45,   61.98,   54.47,   63.81,   66.78,   58.84
04/02/2013 11:35:00,   59.33,   61.51,   55.45,   66.33,   70.80,   60.20
04/02/2013 11:40:00,   61.11,   63.10,   57.74,   68.59,   72.44,   61.97
04/02/2013 11:45:00,   60.01,   62.32,   56.34,   67.76,   73.39,   61.47
04/02/2013 11:50:00,   59.88,   62.63,   55.72,   66.39,   69.97,   61.23
04/02/2013 11:55:00,   60.98,   63.25,   57.03,   70.46,   74.81,   62.70
04/02/2013 12:00:00,   59.82,   62.30,   56.31,   66.12,   70.82,   60.48
04/02/2013 12:05:00,   61.05,   62.85,   57.38,   69.57,   74.01,   62.01
04/02/2013 12:10:00,   61.49,   64.06,   57.82,   70.78,   75.18,   63.25
04/02/2013 12:15:00,   61.65,   63.92,   57.45,   71.04,   76.68,   62.97
04/02/2013 12:20:00,   63.49,   66.12,   58.65,   73.77,   80.24,   63.26
04/02/2013 12:25:00,   63.95,   66.45,   59.12,   74.87,   80.38,   66.08
04/02/2013 12:30:00,   62.79,   65.96,   58.72,   72.95,   77.92,   63.66
04/02/2013 12:35:00,   64.39,   69.04,   58.18,   76.07,   83.06,   64.28
04/02/2013 12:40:00,   60.28,   61.92,   57.03,   67.21,   71.15,   61.74
04/02/2013 12:45:00,   59.81,   62.19,   56.18,   66.53,   70.92,   60.04
04/02/2013 12:50:00,   60.45,   63.05,   55.80,   65.90,   69.99,   59.82
04/02/2013 12:55:00,   59.61,   62.15,   56.16,   66.39,   71.03,   60.42
04/02/2013 13:00:00,   60.58,   63.01,   56.83,   68.37,   72.69,   61.76
04/02/2013 13:05:00,   60.59,   62.92,   57.03,   68.79,   74.30,   60.81
04/02/2013 13:10:00,   60.56,   62.99,   56.99,   68.71,   72.78,   61.67
04/02/2013 13:15:00,   61.01,   64.35,   55.78,   71.03,   78.41,   61.48
04/02/2013 13:20:00,   60.11,   62.69,   56.79,   68.26,   72.56,   61.36
04/02/2013 13:25:00,   62.35,   65.36,   57.60,   72.90,   79.60,   62.43
04/02/2013 13:30:00,   62.56,   64.36,   57.54,   72.11,   78.66,   62.58
04/02/2013 13:35:00,   61.69,   64.46,   56.77,   71.22,   77.75,   62.10
04/02/2013 13:40:00,   61.06,   63.03,   57.28,   68.15,   72.18,   61.24
04/02/2013 13:45:00,   60.82,   63.06,   56.94,   67.17,   70.33,   61.82
04/02/2013 13:50:00,   61.79,   63.26,   56.82,   67.36,   72.51,   60.69
04/02/2013 13:55:00,   62.89,   65.46,   58.15,   70.60,   75.62,   63.51
04/02/2013 14:00:00,   60.98,   63.13,   56.76,   67.50,   71.95,   60.74
04/02/2013 14:05:00,   60.83,   62.65,   57.90,   66.62,   69.42,   61.81
04/02/2013 14:10:00,   61.67,   64.34,   57.63,   69.89,   74.54,   61.91
04/02/2013 14:15:00,   63.85,   64.29,   58.53,   70.91,   76.79,   62.66
04/02/2013 14:20:00,   62.43,   64.85,   58.12,   69.25,   73.18,   63.10
04/02/2013 14:25:00,   61.16,   63.70,   57.75,   68.37,   73.43,   62.02
04/02/2013 14:30:00,   61.55,   63.88,   57.50,   69.16,   73.96,   62.14
04/02/2013 14:35:00,   62.74,   65.31,   58.10,   73.21,   79.11,   64.04
04/02/2013 14:40:00,   61.39,   64.34,   57.37,   69.95,   75.29,   62.88
04/02/2013 14:45:00,   59.93,   61.86,   57.27,   66.29,   69.32,   61.70
04/02/2013 14:50:00,   60.91,   63.25,   57.12,   67.33,   72.07,   61.29
04/02/2013 14:55:00,   61.05,   63.67,   56.61,   69.41,   76.03,   61.13
04/02/2013 15:00:00,   61.29,   63.99,   57.80,   66.99,   70.92,   61.01
04/02/2013 15:05:00,   62.91,   64.89,   59.25,   70.57,   75.33,   62.48
04/02/2013 15:10:00,   62.16,   64.36,   58.61,   68.41,   72.67,   63.34
04/02/2013 15:15:00,   62.14,   63.89,   59.27,   67.42,   71.27,   63.64
04/02/2013 15:20:00,   62.53,   64.87,   58.17,   70.64,   76.29,   62.50
04/02/2013 15:25:00,   62.73,   64.72,   59.65,   69.97,   74.90,   63.13
04/02/2013 15:30:00,   63.22,   66.01,   58.21,   72.26,   78.46,   63.02
04/02/2013 15:35:00,   62.04,   64.19,   57.66,   71.46,   77.22,   62.29
04/02/2013 15:40:00,   61.26,   63.80,   57.99,   69.80,   74.81,   62.46
04/02/2013 15:45:00,   61.55,   64.66,   57.16,   70.26,   76.05,   61.63
04/02/2013 15:50:00,   61.00,   64.08,   56.66,   69.23,   74.53,   61.31
04/02/2013 15:55:00,   60.97,   63.58,   56.72,   68.77,   73.83,   62.24
04/02/2013 16:00:00,   62.66,   64.63,   59.20,   69.81,   75.71,   63.97
04/02/2013 16:05:00,   62.03,   64.15,   58.65,   69.71,   74.44,   62.95
04/02/2013 16:10:00,   62.47,   64.46,   59.28,   69.59,   72.92,   63.95
04/02/2013 16:15:00,   62.49,   64.38,   58.02,   69.28,   74.68,   63.34
04/02/2013 16:20:00,   60.89,   63.81,   56.99,   67.22,   71.29,   62.03
04/02/2013 16:25:00,   61.55,   63.84,   57.76,   68.27,   73.03,   62.11
04/02/2013 16:30:00,   61.78,   63.98,   57.21,   69.96,   75.97,   62.34
04/02/2013 16:35:00,   61.26,   63.26,   58.03,   67.86,   72.22,   63.11
04/02/2013 16:40:00,   62.45,   65.48,   58.44,   71.37,   76.37,   62.78
04/02/2013 16:45:00,   61.79,   64.02,   57.69,   66.97,   68.91,   61.88
04/02/2013 16:50:00,   62.98,   66.81,   58.95,   72.57,   79.85,   63.49
04/02/2013 16:55:00,   63.15,   65.29,   58.21,   73.12,   78.35,   62.89
04/02/2013 17:00:00,   62.10,   64.43,   58.73,   69.89,   75.76,   63.15
04/02/2013 17:05:00,   63.11,   66.74,   58.32,   72.07,   79.30,   62.26
04/02/2013 17:10:00,   60.94,   63.58,   57.18,   70.31,   75.68,   62.78
04/02/2013 17:15:00,   61.52,   63.75,   57.96,   68.73,   73.04,   62.01
04/02/2013 17:20:00,   62.49,   65.04,   57.94,   71.77,   78.10,   62.55
04/02/2013 17:25:00,   61.64,   64.73,   57.95,   70.16,   76.85,   62.53
04/02/2013 17:30:00,   61.65,   63.94,   58.33,   68.44,   72.71,   62.67
04/02/2013 17:35:00,   62.45,   64.37,   59.24,   69.87,   75.07,   63.84
04/02/2013 17:40:00,   62.10,   64.20,   58.56,   67.83,   72.51,   62.66
04/02/2013 17:45:00,   61.10,   63.89,   56.20,   67.52,   72.15,   60.42
04/02/2013 17:50:00,   61.56,   63.73,   58.07,   67.08,   71.03,   62.52
04/02/2013 17:55:00,   61.21,   63.88,   57.26,   67.45,   71.31,   61.16
04/02/2013 18:00:00,   61.53,   64.46,   57.78,   69.51,   75.33,   62.51
04/02/2013 18:05:00,   60.41,   62.44,   56.85,   65.62,   68.83,   61.53
04/02/2013 18:10:00,   60.57,   63.07,   57.41,   65.31,   68.73,   61.34
04/02/2013 18:15:00,   61.16,   63.17,   57.31,   65.53,   67.99,   61.57
04/02/2013 18:20:00,   61.07,   63.74,   56.47,   65.70,   69.11,   60.87
04/02/2013 18:25:00,   59.73,   61.66,   57.13,   63.92,   65.93,   60.91
04/02/2013 18:30:00,   62.06,   63.50,   58.41,   66.97,   71.02,   62.04
04/02/2013 18:35:00,   60.81,   63.41,   57.12,   65.95,   70.34,   60.64
04/02/2013 18:40:00,   60.47,   63.09,   57.13,   65.09,   68.22,   60.81
04/02/2013 18:45:00,   64.01,   67.26,   58.33,   73.50,   80.65,   63.12
04/02/2013 18:50:00,   60.10,   62.30,   57.11,   66.87,   71.88,   60.92
04/02/2013 18:55:00,   60.58,   62.63,   57.12,   68.15,   73.45,   61.72
04/02/2013 19:00:00,   61.95,   64.16,   57.82,   68.94,   74.85,   61.73
04/02/2013 19:05:00,   63.34,   66.22,   59.14,   72.68,   79.38,   63.74
04/02/2013 19:10:00,   65.77,   67.55,   59.88,   75.66,   82.35,   63.55
04/02/2013 19:15:00,   62.40,   65.49,   56.46,   71.35,   76.77,   61.33
04/02/2013 19:20:00,   62.97,   65.76,   58.17,   71.97,   78.81,   63.02
04/02/2013 19:25:00,   61.72,   64.02,   57.88,   69.44,   75.02,   62.45
04/02/2013 19:30:00,   61.79,   64.63,   57.09,   70.71,   77.57,   61.39
04/02/2013 19:35:00,   60.62,   63.28,   57.54,   65.65,   69.14,   61.34
04/02/2013 19:40:00,   61.80,   64.14,   58.11,   69.19,   74.79,   62.00
04/02/2013 19:45:00,   60.90,   64.25,   55.65,   66.87,   71.60,   59.78
04/02/2013 19:50:00,   62.70,   65.55,   58.87,   67.05,   71.63,   61.58
04/02/2013 19:55:00,   61.72,   64.36,   56.56,   66.61,   70.73,   60.99
04/02/2013 20:00:00,   61.88,   64.90,   57.54,   67.83,   73.43,   61.19
04/02/2013 20:05:00,   59.92,   62.70,   55.45,   63.88,   66.91,   59.10
04/02/2013 20:10:00,   60.85,   64.12,   55.69,   63.98,   66.81,   58.81
04/02/2013 20:15:00,   61.32,   64.00,   56.18,   64.20,   66.84,   60.20
04/02/2013 20:20:00,   60.65,   63.59,   56.59,   64.04,   67.06,   60.12
04/02/2013 20:25:00,   59.91,   63.31,   54.47,   62.61,   65.65,   58.23
04/02/2013 20:30:00,   60.04,   62.97,   56.08,   63.80,   66.23,   59.70
04/02/2013 20:35:00,   60.06,   63.00,   55.59,   64.41,   67.82,   59.88
04/02/2013 20:40:00,   59.20,   62.81,   54.41,   64.21,   68.06,   57.90
04/02/2013 20:45:00,   59.98,   63.13,   55.67,   66.24,   71.29,   59.99
04/02/2013 20:50:00,   60.71,   63.12,   54.94,   68.33,   73.36,   59.88
04/02/2013 20:55:00,   60.24,   63.10,   54.83,   67.21,   73.68,   59.48
04/02/2013 21:00:00,   60.38,   63.08,   56.25,   66.22,   71.18,   60.29
04/02/2013 21:05:00,   59.54,   62.70,   53.83,   65.18,   68.96,   58.89
04/02/2013 21:10:00,   59.48,   62.23,   54.74,   63.52,   66.66,   58.57
04/02/2013 21:15:00,   59.96,   63.42,   53.79,   63.95,   67.58,   57.52
04/02/2013 21:20:00,   59.47,   61.06,   53.78,   66.18,   71.38,   57.98
04/02/2013 21:25:00,   60.27,   64.05,   52.75,   64.92,   69.11,   56.85
04/02/2013 21:30:00,   60.15,   62.86,   54.33,   65.73,   70.32,   57.84
04/02/2013 21:35:00,   59.41,   63.17,   54.46,   65.01,   69.21,   58.74
04/02/2013 21:40:00,   61.86,   65.12,   56.37,   71.36,   77.51,   60.68
04/02/2013 21:45:00,   60.81,   64.18,   56.50,   68.43,   72.81,   61.01
04/02/2013 21:50:00,   59.90,   63.37,   53.98,   66.77,   71.21,   58.53
04/02/2013 21:55:00,   58.92,   62.16,   54.34,   64.12,   67.85,   58.61
04/02/2013 22:00:00,   59.74,   62.73,   54.55,   65.85,   70.77,   58.70
04/02/2013 22:05:00,   59.65,   62.45,   54.43,   65.48,   70.19,   59.45
04/02/2013 22:10:00,   59.82,   62.70,   53.68,   65.23,   68.63,   58.35
04/02/2013 22:15:00,   57.12,   61.26,   52.06,   63.27,   67.27,   56.81
04/02/2013 22:20:00,   58.04,   61.91,   52.91,   63.57,   68.14,   56.38
04/02/2013 22:25:00,   57.65,   61.44,   52.36,   61.10,   64.13,   56.70
04/02/2013 22:30:00,   57.46,   61.96,   51.42,   62.80,   66.98,   55.60
04/02/2013 22:35:00,   58.19,   62.58,   51.77,   64.17,   67.73,   56.77
04/02/2013 22:40:00,   56.56,   61.29,   48.42,   60.79,   64.83,   52.84
04/02/2013 22:45:00,   55.59,   60.58,   49.56,   60.98,   65.36,   54.61
04/02/2013 22:50:00,   56.54,   60.97,   50.85,   63.31,   67.75,   55.66
04/02/2013 22:55:00,   57.37,   61.20,   52.07,   63.33,   68.06,   56.82
04/02/2013 23:00:00,   56.29,   60.25,   51.59,   60.87,   64.49,   55.79
04/02/2013 23:05:00,   57.02,   61.33,   51.29,   62.32,   66.46,   56.14
04/02/2013 23:10:00,   59.09,   62.53,   53.26,   67.44,   73.47,   58.12
04/02/2013 23:15:00,   59.46,   63.16,   52.54,   66.90,   71.12,   58.55
04/02/2013 23:20:00,   56.56,   60.57,   50.39,   61.97,   66.76,   55.83
04/02/2013 23:25:00,   57.32,   60.35,   52.70,   61.17,   64.21,   56.80
04/02/2013 23:30:00,   56.50,   61.21,   50.10,   62.43,   67.78,   55.38
04/02/2013 23:35:00,   55.50,   60.79,   48.95,   61.18,   65.71,   53.83
04/02/2013 23:40:00,   55.82,   61.00,   48.93,   61.72,   65.86,   54.26
04/02/2013 23:45:00,   56.12,   60.55,   49.67,   60.47,   64.52,   54.20
04/02/2013 23:50:00,   55.54,   60.55,   46.91,   58.97,   63.74,   52.03
04/02/2013 23:55:00,   55.43,   59.60,   49.48,   60.96,   65.64,   53.51

