# noise_analysis run from DCC-NOISE-001003 at Fri Dec 20 00:00:00 2013
# Monitoring unit located at 53.342609N 6.340721W
# logfile   = /home/root/noise_analysis.log
# cfg_dir   = /home/root/config
# outputdir = /home/root/noise
# Sensitivity = -26.271103
# Gain = 1.000000
# Time should be in local format (i.e. daylight savings time)
# dd/mm/yyyy hh:mm:ss, A Leq,   A L10,   A L95,   C Leq,   C L10,   C L95
20/12/2013 00:05:00,   57.01,   61.22,   51.97,   59.42,   63.05,   55.09
20/12/2013 00:10:00,   57.13,   61.26,   51.76,   59.63,   63.06,   54.99
20/12/2013 00:15:00,   59.34,   62.10,   55.07,   61.90,   64.49,   57.77
20/12/2013 00:20:00,   56.44,   60.60,   51.39,   58.82,   62.17,   54.87
20/12/2013 00:25:00,   57.17,   60.46,   52.50,   59.94,   62.92,   55.57
20/12/2013 00:30:00,   56.89,   60.56,   52.21,   59.64,   62.58,   55.43
20/12/2013 00:35:00,   57.60,   61.80,   52.08,   60.44,   63.58,   54.99
20/12/2013 00:40:00,   58.64,   62.64,   52.80,   60.65,   63.84,   55.61
20/12/2013 00:45:00,   56.76,   61.24,   49.67,   58.94,   63.08,   53.09
20/12/2013 00:50:00,   55.23,   59.44,   50.39,   57.79,   61.60,   53.68
20/12/2013 00:55:00,   56.17,   60.21,   49.74,   58.42,   61.82,   53.02
20/12/2013 01:00:00,   55.51,   60.27,   50.65,   58.47,   62.16,   53.78
20/12/2013 01:05:00,   55.97,   59.66,   48.84,   58.84,   62.88,   53.19
20/12/2013 01:10:00,   55.94,   61.15,   49.59,   57.74,   62.20,   52.70
20/12/2013 01:15:00,   55.21,   58.81,   50.74,   57.69,   60.74,   53.55
20/12/2013 01:20:00,   55.71,   60.45,   49.39,   58.15,   62.10,   52.83
20/12/2013 01:25:00,   56.26,   61.66,   49.54,   58.26,   62.74,   52.45
20/12/2013 01:30:00,   55.26,   60.54,   48.38,   57.90,   62.23,   52.36
20/12/2013 01:35:00,   55.97,   60.32,   49.50,   58.90,   62.70,   53.48
20/12/2013 01:40:00,   54.63,   58.98,   49.37,   57.47,   61.11,   52.99
20/12/2013 01:45:00,   55.24,   60.26,   48.44,   58.91,   63.09,   52.10
20/12/2013 01:50:00,   54.31,   59.16,   48.97,   58.18,   63.05,   52.49
20/12/2013 01:55:00,   51.21,   56.01,   46.76,   55.18,   58.55,   51.23
20/12/2013 02:00:00,   54.40,   58.63,   48.42,   59.01,   62.00,   52.60
20/12/2013 02:05:00,   53.58,   58.48,   47.42,   57.51,   61.38,   51.69
20/12/2013 02:10:00,   54.10,   59.97,   48.39,   56.71,   61.09,   52.08
20/12/2013 02:15:00,   54.80,   60.26,   47.96,   58.07,   62.43,   52.33
20/12/2013 02:20:00,   54.59,   60.48,   47.31,   57.81,   62.93,   51.52
20/12/2013 02:25:00,   51.76,   56.02,   47.95,   55.99,   60.80,   52.13
20/12/2013 02:30:00,   53.33,   59.34,   47.28,   56.75,   61.34,   51.33
20/12/2013 02:35:00,   52.11,   57.18,   47.13,   55.01,   58.78,   51.32
20/12/2013 02:40:00,   53.14,   58.21,   45.52,   56.85,   61.34,   50.15
20/12/2013 02:45:00,   52.29,   57.93,   46.89,   55.15,   59.72,   50.80
20/12/2013 02:50:00,   53.89,   60.08,   47.34,   56.36,   61.42,   51.41
20/12/2013 02:55:00,   50.46,   52.18,   46.81,   54.35,   58.10,   50.72
20/12/2013 03:00:00,   54.21,   59.07,   47.20,   57.25,   61.75,   51.04
20/12/2013 03:05:00,   53.04,   58.51,   47.11,   57.32,   62.04,   51.45
20/12/2013 03:10:00,   53.05,   57.99,   47.28,   56.54,   60.31,   51.85
20/12/2013 03:15:00,   55.19,   59.76,   50.09,   59.57,   63.73,   53.97
20/12/2013 03:20:00,   53.45,   57.75,   48.22,   57.30,   61.85,   52.22
20/12/2013 03:25:00,   53.04,   59.08,   46.71,   56.03,   60.33,   51.44
20/12/2013 03:30:00,   52.10,   57.18,   47.11,   54.88,   59.11,   50.86
20/12/2013 03:35:00,   52.78,   57.31,   47.53,   58.16,   62.29,   52.15
20/12/2013 03:40:00,   53.22,   59.02,   47.79,   57.44,   61.59,   52.16
20/12/2013 03:45:00,   53.03,   58.19,   47.98,   56.52,   60.89,   52.29
20/12/2013 03:50:00,   53.39,   59.29,   46.90,   56.24,   61.31,   50.89
20/12/2013 03:55:00,   52.60,   58.21,   47.11,   55.67,   60.05,   51.29
20/12/2013 04:00:00,   53.92,   58.62,   48.52,   58.39,   62.52,   52.22
20/12/2013 04:05:00,   53.17,   58.68,   46.99,   56.07,   61.22,   50.85
20/12/2013 04:10:00,   52.28,   57.24,   47.24,   55.79,   59.66,   51.32
20/12/2013 04:15:00,   52.45,   56.86,   47.31,   55.81,   60.61,   51.25
20/12/2013 04:20:00,   51.58,   55.80,   47.92,   54.93,   58.72,   51.67
20/12/2013 04:25:00,   51.63,   55.42,   47.85,   55.94,   58.99,   52.01
20/12/2013 04:30:00,   53.92,   58.93,   48.07,   57.23,   61.57,   51.90
20/12/2013 04:35:00,   53.53,   58.59,   48.46,   58.20,   62.01,   52.62
20/12/2013 04:40:00,   52.93,   57.99,   48.21,   56.64,   60.74,   51.94
20/12/2013 04:45:00,   52.55,   56.75,   47.72,   56.60,   61.32,   51.61
20/12/2013 04:50:00,   51.71,   54.34,   47.90,   55.54,   59.97,   51.66
20/12/2013 04:55:00,   51.02,   55.84,   46.81,   54.43,   58.09,   50.57
20/12/2013 05:00:00,   54.62,   58.86,   49.02,   58.73,   62.59,   52.73
20/12/2013 05:05:00,   52.85,   56.85,   47.82,   56.93,   60.76,   52.01
20/12/2013 05:10:00,   53.71,   58.18,   48.89,   57.46,   61.99,   52.50
20/12/2013 05:15:00,   50.31,   52.68,   47.38,   54.40,   56.74,   51.71
20/12/2013 05:20:00,   54.36,   58.15,   49.45,   58.14,   61.77,   52.94
20/12/2013 05:25:00,   52.20,   56.53,   47.65,   55.14,   59.07,   51.23
20/12/2013 05:30:00,   55.05,   59.93,   47.99,   57.76,   61.92,   51.59
20/12/2013 05:35:00,   55.25,   59.30,   50.40,   58.70,   62.39,   53.67
20/12/2013 05:40:00,   55.89,   59.52,   50.81,   59.62,   62.59,   54.28
20/12/2013 05:45:00,   55.16,   60.01,   50.84,   57.95,   62.14,   54.19
20/12/2013 05:50:00,   56.24,   60.56,   51.38,   59.12,   62.97,   54.63
20/12/2013 05:55:00,   55.62,   60.18,   51.21,   59.15,   62.93,   54.65
20/12/2013 06:00:00,   55.05,   59.97,   50.20,   57.88,   61.38,   53.93
20/12/2013 06:05:00,   55.30,   60.59,   49.91,   58.20,   62.59,   53.70
20/12/2013 06:10:00,   55.32,   58.76,   51.12,   58.43,   61.90,   54.35
20/12/2013 06:15:00,   56.33,   59.88,   50.94,   60.40,   65.20,   54.66
20/12/2013 06:20:00,   56.63,   60.85,   51.50,   60.45,   64.11,   55.44
20/12/2013 06:25:00,   56.01,   59.66,   51.81,   59.14,   62.53,   55.42
20/12/2013 06:30:00,   57.05,   59.84,   53.05,   60.49,   63.37,   56.54
20/12/2013 06:35:00,   58.44,   61.60,   53.53,   63.44,   67.58,   57.23
20/12/2013 06:40:00,   57.10,   59.80,   53.37,   60.00,   62.37,   56.90
20/12/2013 06:45:00,   58.33,   61.70,   53.75,   62.31,   66.43,   57.00
20/12/2013 06:50:00,   58.29,   61.46,   53.65,   61.32,   64.78,   56.95
20/12/2013 06:55:00,   59.11,   62.17,   55.04,   63.35,   66.55,   58.51
20/12/2013 07:00:00,   58.45,   62.37,   53.81,   61.55,   65.49,   57.10
20/12/2013 07:05:00,   58.26,   62.08,   53.37,   60.79,   64.27,   56.27
20/12/2013 07:10:00,   59.51,   62.50,   54.16,   62.39,   65.23,   57.51
20/12/2013 07:15:00,   58.99,   61.42,   55.77,   61.68,   63.78,   58.85
20/12/2013 07:20:00,   59.84,   63.10,   55.98,   63.65,   66.93,   59.51
20/12/2013 07:25:00,   60.25,   62.84,   56.75,   62.72,   64.80,   59.60
20/12/2013 07:30:00,   59.72,   62.21,   55.86,   62.65,   65.35,   59.14
20/12/2013 07:35:00,   59.59,   62.48,   56.19,   62.45,   64.63,   59.26
20/12/2013 07:40:00,   59.88,   62.14,   56.92,   63.30,   65.95,   60.09
20/12/2013 07:45:00,   59.35,   62.20,   55.76,   62.46,   64.38,   59.74
20/12/2013 07:50:00,   60.14,   62.88,   56.84,   63.29,   65.49,   59.99
20/12/2013 07:55:00,   60.20,   62.65,   56.83,   64.42,   67.50,   60.69
20/12/2013 08:00:00,   60.37,   62.75,   57.06,   63.45,   66.48,   60.29
20/12/2013 08:05:00,   60.08,   62.62,   56.29,   63.15,   65.38,   59.71
20/12/2013 08:10:00,   60.17,   62.74,   57.18,   63.52,   65.98,   60.39
20/12/2013 08:15:00,   60.30,   63.00,   56.92,   62.94,   65.04,   59.95
20/12/2013 08:20:00,   60.10,   62.12,   56.66,   63.23,   65.25,   60.54
20/12/2013 08:25:00,   60.05,   62.84,   56.69,   63.45,   65.52,   60.17
20/12/2013 08:30:00,   59.59,   61.58,   57.18,   63.40,   65.77,   60.41
20/12/2013 08:35:00,   60.68,   63.16,   57.09,   64.46,   67.07,   60.58
20/12/2013 08:40:00,   59.79,   61.98,   56.66,   63.74,   65.85,   60.29
20/12/2013 08:45:00,   59.97,   62.03,   57.13,   64.20,   66.20,   61.22
20/12/2013 08:50:00,   60.78,   63.16,   56.86,   65.58,   68.77,   61.57
20/12/2013 08:55:00,   60.71,   63.04,   57.86,   64.47,   67.02,   61.66
20/12/2013 09:00:00,   61.18,   62.95,   58.41,   65.45,   68.19,   61.31
20/12/2013 09:05:00,   61.89,   63.90,   58.73,   64.51,   66.72,   61.75
20/12/2013 09:10:00,   61.06,   63.32,   57.76,   64.36,   67.04,   61.06
20/12/2013 09:15:00,   62.06,   64.23,   58.69,   64.06,   65.91,   61.29
20/12/2013 09:20:00,   61.72,   63.80,   57.69,   65.59,   68.42,   60.84
20/12/2013 09:25:00,   61.46,   63.20,   57.75,   65.63,   68.80,   61.26
20/12/2013 09:30:00,   62.11,   64.32,   58.68,   65.56,   68.10,   61.91
20/12/2013 09:35:00,   60.33,   62.82,   56.29,   63.89,   66.49,   60.15
20/12/2013 09:40:00,   60.82,   63.97,   55.87,   65.55,   69.44,   59.82
20/12/2013 09:45:00,   60.68,   63.06,   56.78,   63.99,   66.30,   60.00
20/12/2013 09:50:00,   61.15,   63.43,   57.23,   64.42,   66.67,   61.04
20/12/2013 09:55:00,   59.44,   62.10,   56.29,   62.59,   65.37,   59.59
20/12/2013 10:00:00,   59.73,   61.53,   57.10,   63.51,   66.21,   60.47
20/12/2013 10:05:00,   61.65,   63.87,   58.60,   65.62,   68.39,   61.51
20/12/2013 10:10:00,   60.41,   63.49,   55.86,   64.43,   67.74,   59.39
20/12/2013 10:15:00,   61.04,   63.27,   57.47,   65.34,   68.04,   61.55
20/12/2013 10:20:00,   61.07,   63.42,   57.34,   64.59,   67.23,   60.47
20/12/2013 10:25:00,   61.73,   64.35,   57.74,   65.82,   69.51,   61.36
20/12/2013 10:30:00,   61.41,   63.96,   57.65,   65.07,   67.70,   61.65
20/12/2013 10:35:00,   61.49,   63.43,   58.77,   64.69,   66.39,   61.74
20/12/2013 10:40:00,   63.87,   66.75,   60.17,   66.91,   69.53,   63.15
20/12/2013 10:45:00,   61.63,   63.87,   57.95,   66.50,   69.08,   62.53
20/12/2013 10:50:00,   61.35,   64.02,   57.45,   66.28,   70.09,   61.43
20/12/2013 10:55:00,   59.91,   62.18,   56.09,   64.68,   67.53,   59.81
20/12/2013 11:00:00,   59.68,   61.74,   55.79,   63.93,   66.56,   59.74
20/12/2013 11:05:00,   60.13,   62.35,   56.56,   64.32,   67.03,   60.70
20/12/2013 11:10:00,   59.43,   61.97,   56.47,   64.55,   67.52,   60.54
20/12/2013 11:15:00,   61.63,   64.80,   55.87,   67.83,   71.71,   60.97
20/12/2013 11:20:00,   61.05,   62.64,   57.55,   66.20,   67.95,   61.44
20/12/2013 11:25:00,   61.40,   62.70,   59.48,   65.10,   67.37,   62.30
20/12/2013 11:30:00,   59.28,   61.66,   55.76,   64.24,   67.56,   60.07
20/12/2013 11:35:00,   58.66,   60.84,   55.62,   63.36,   65.99,   59.93
20/12/2013 11:40:00,   59.38,   61.34,   55.59,   64.67,   67.74,   60.30
20/12/2013 11:45:00,   59.81,   62.21,   55.90,   63.97,   66.22,   59.95
20/12/2013 11:50:00,   60.46,   62.28,   56.81,   66.51,   70.02,   61.21
20/12/2013 11:55:00,   63.70,   64.91,   60.05,   68.18,   73.46,   63.40
20/12/2013 12:00:00,   62.45,   64.22,   60.43,   66.12,   68.56,   62.85
20/12/2013 12:05:00,   61.99,   63.61,   59.79,   67.26,   70.32,   62.59
20/12/2013 12:10:00,   60.75,   63.43,   57.07,   66.27,   70.22,   61.18
20/12/2013 12:15:00,   60.08,   62.42,   56.29,   66.14,   70.26,   60.81
20/12/2013 12:20:00,   59.96,   61.80,   57.20,   65.68,   69.63,   60.84
20/12/2013 12:25:00,   61.60,   63.39,   58.35,   68.74,   73.55,   62.42
20/12/2013 12:30:00,   59.46,   61.33,   56.03,   64.31,   67.08,   60.37
20/12/2013 12:35:00,   60.88,   63.37,   56.21,   68.33,   71.75,   61.28
20/12/2013 12:40:00,   59.44,   61.85,   56.33,   65.97,   69.82,   61.17
20/12/2013 12:45:00,   61.14,   63.86,   56.64,   66.90,   70.25,   61.88
20/12/2013 12:50:00,   61.68,   63.39,   58.87,   65.23,   67.84,   62.01
20/12/2013 12:55:00,   60.74,   62.45,   57.90,   66.02,   69.64,   61.29
20/12/2013 13:00:00,   61.35,   63.24,   59.27,   64.68,   67.18,   61.93
20/12/2013 13:05:00,   61.51,   62.60,   58.57,   67.02,   70.82,   62.23
20/12/2013 13:10:00,   63.24,   67.91,   57.95,   66.30,   70.32,   61.75
20/12/2013 13:15:00,   63.42,   65.05,   59.34,   69.32,   74.14,   63.86
20/12/2013 13:20:00,   64.51,   66.26,   62.08,   69.28,   73.99,   63.78
20/12/2013 13:25:00,   64.94,   66.25,   61.91,   69.49,   72.56,   63.53
20/12/2013 13:30:00,   63.75,   64.94,   62.02,   67.63,   71.00,   63.00
20/12/2013 13:35:00,   63.55,   65.41,   61.19,   67.93,   71.71,   63.08
20/12/2013 13:40:00,   61.72,   63.39,   58.57,   66.15,   68.85,   61.85
20/12/2013 13:45:00,   60.91,   62.88,   57.47,   66.06,   68.57,   61.72
20/12/2013 13:50:00,   60.45,   62.63,   57.20,   66.69,   70.10,   61.47
20/12/2013 13:55:00,   60.90,   62.94,   57.76,   66.58,   69.75,   61.80
20/12/2013 14:00:00,   60.09,   62.12,   57.20,   65.85,   69.58,   61.23
20/12/2013 14:05:00,   61.09,   63.09,   57.37,   68.49,   73.43,   61.69
20/12/2013 14:10:00,   60.91,   62.95,   57.47,   66.53,   69.68,   61.91
20/12/2013 14:15:00,   60.17,   62.22,   56.65,   65.50,   69.59,   60.83
20/12/2013 14:20:00,   60.48,   62.48,   56.74,   67.36,   71.05,   61.65
20/12/2013 14:25:00,   60.38,   62.25,   56.10,   67.85,   72.92,   60.44
20/12/2013 14:30:00,   62.02,   64.85,   57.82,   70.16,   75.24,   62.15
20/12/2013 14:35:00,   61.28,   63.20,   57.67,   69.31,   74.15,   61.82
20/12/2013 14:40:00,   60.61,   62.47,   57.86,   68.54,   73.49,   62.37
20/12/2013 14:45:00,   60.51,   62.65,   56.91,   65.46,   68.06,   61.56
20/12/2013 14:50:00,   63.32,   64.88,   60.46,   66.88,   69.80,   62.09
20/12/2013 14:55:00,   64.62,   65.92,   62.02,   69.90,   75.48,   63.42
20/12/2013 15:00:00,   64.53,   66.04,   61.48,   71.40,   77.16,   63.19
20/12/2013 15:05:00,   63.54,   65.26,   61.08,   69.21,   74.37,   63.16
20/12/2013 15:10:00,   64.06,   67.76,   59.29,   71.83,   78.02,   62.94
20/12/2013 15:15:00,   62.18,   64.04,   58.26,   69.27,   74.48,   62.58
20/12/2013 15:20:00,   62.12,   64.79,   57.84,   69.55,   75.61,   61.63
20/12/2013 15:25:00,   63.56,   65.63,   59.56,   70.83,   75.17,   63.07
20/12/2013 15:30:00,   61.43,   63.43,   57.52,   68.81,   73.78,   62.09
20/12/2013 15:35:00,   60.11,   62.62,   56.63,   66.26,   70.28,   61.49
20/12/2013 15:40:00,   59.60,   61.73,   56.87,   65.75,   69.38,   61.01
20/12/2013 15:45:00,   62.40,   64.53,   58.51,   69.62,   75.23,   63.16
20/12/2013 15:50:00,   62.96,   66.03,   57.63,   70.86,   76.02,   61.68
20/12/2013 15:55:00,   61.91,   65.37,   57.96,   69.22,   75.97,   62.31
20/12/2013 16:00:00,   60.88,   62.39,   57.24,   68.53,   72.67,   61.52
20/12/2013 16:05:00,   61.44,   63.43,   58.05,   69.63,   73.98,   62.62
20/12/2013 16:10:00,   60.54,   62.11,   57.71,   67.08,   71.09,   61.84
20/12/2013 16:15:00,   62.35,   64.34,   58.16,   70.38,   75.40,   62.71
20/12/2013 16:20:00,   62.81,   65.52,   59.10,   71.29,   77.58,   62.78
20/12/2013 16:25:00,   62.34,   64.52,   58.93,   68.55,   72.94,   63.02
20/12/2013 16:30:00,   63.24,   66.30,   57.71,   68.90,   73.82,   62.16
20/12/2013 16:35:00,   63.11,   65.22,   59.71,   69.61,   74.79,   64.10
20/12/2013 16:40:00,   63.51,   66.16,   58.18,   71.13,   77.15,   62.25
20/12/2013 16:45:00,   63.40,   66.13,   59.37,   71.45,   77.43,   63.49
20/12/2013 16:50:00,   64.00,   65.89,   60.38,   72.01,   77.87,   64.32
20/12/2013 16:55:00,   62.34,   64.64,   58.54,   69.58,   74.60,   62.15
20/12/2013 17:00:00,   64.21,   64.60,   59.12,   71.32,   72.98,   63.87
20/12/2013 17:05:00,   62.22,   65.60,   58.49,   69.73,   74.81,   63.61
20/12/2013 17:10:00,   62.42,   65.15,   57.49,   71.31,   76.19,   62.11
20/12/2013 17:15:00,   61.44,   63.31,   58.29,   68.56,   74.08,   62.47
20/12/2013 17:20:00,   63.66,   66.67,   59.45,   72.39,   77.60,   63.99
20/12/2013 17:25:00,   63.60,   66.56,   58.81,   72.30,   78.66,   63.45
20/12/2013 17:30:00,   62.42,   64.98,   58.59,   71.12,   77.07,   63.84
20/12/2013 17:35:00,   62.27,   64.09,   59.07,   69.76,   75.09,   63.83
20/12/2013 17:40:00,   62.30,   64.12,   58.42,   69.17,   72.06,   62.78
20/12/2013 17:45:00,   63.31,   65.73,   59.92,   69.06,   73.46,   63.61
20/12/2013 17:50:00,   64.48,   66.46,   60.59,   71.07,   76.13,   64.17
20/12/2013 17:55:00,   65.32,   67.89,   60.81,   73.46,   79.82,   64.17
20/12/2013 18:00:00,   66.20,   70.13,   61.42,   75.26,   81.25,   65.18
20/12/2013 18:05:00,   63.93,   66.75,   57.72,   70.16,   75.52,   62.26
20/12/2013 18:10:00,   63.22,   65.98,   59.40,   69.42,   74.49,   63.15
20/12/2013 18:15:00,   64.11,   65.94,   59.25,   71.54,   77.52,   63.28
20/12/2013 18:20:00,   63.61,   66.16,   59.21,   70.51,   76.45,   63.20
20/12/2013 18:25:00,   64.47,   66.51,   59.30,   73.04,   79.37,   63.48
20/12/2013 18:30:00,   65.30,   67.95,   59.72,   73.40,   80.40,   64.40
20/12/2013 18:35:00,   63.42,   66.30,   59.51,   70.30,   75.79,   63.28
20/12/2013 18:40:00,   65.40,   68.91,   60.07,   73.71,   79.39,   64.58
20/12/2013 18:45:00,   63.63,   65.87,   60.54,   69.71,   73.46,   63.96
20/12/2013 18:50:00,   64.10,   66.03,   59.43,   71.02,   76.35,   62.97
20/12/2013 18:55:00,   63.28,   65.43,   59.95,   69.23,   74.10,   63.61
20/12/2013 19:00:00,   63.76,   66.92,   58.84,   72.97,   78.95,   63.48
20/12/2013 19:05:00,   62.92,   65.24,   58.63,   68.87,   73.12,   62.78
20/12/2013 19:10:00,   63.07,   65.66,   59.19,   70.25,   75.77,   63.01
20/12/2013 19:15:00,   64.42,   68.59,   58.08,   73.05,   79.53,   63.26
20/12/2013 19:20:00,   63.50,   65.40,   59.89,   70.65,   75.33,   64.16
20/12/2013 19:25:00,   64.27,   67.05,   59.16,   73.76,   80.00,   62.45
20/12/2013 19:30:00,   63.42,   65.79,   58.18,   71.39,   76.88,   62.44
20/12/2013 19:35:00,   62.60,   64.95,   59.07,   69.52,   74.11,   63.28
20/12/2013 19:40:00,   62.10,   64.24,   58.17,   68.37,   72.29,   62.05
20/12/2013 19:45:00,   62.18,   64.60,   58.64,   67.95,   72.51,   62.64
20/12/2013 19:50:00,   61.78,   63.75,   58.59,   68.35,   73.25,   63.21
20/12/2013 19:55:00,   61.98,   64.16,   58.42,   69.13,   74.37,   62.39
20/12/2013 20:00:00,   61.88,   64.73,   57.74,   68.15,   72.71,   61.69
20/12/2013 20:05:00,   61.26,   63.70,   57.56,   65.78,   68.43,   61.51
20/12/2013 20:10:00,   62.31,   64.73,   57.73,   66.71,   70.29,   61.85
20/12/2013 20:15:00,   61.34,   63.90,   57.18,   66.22,   68.99,   60.85
20/12/2013 20:20:00,   62.29,   65.24,   58.10,   69.39,   75.63,   61.15
20/12/2013 20:25:00,   62.64,   65.46,   57.95,   69.41,   75.15,   60.69
20/12/2013 20:30:00,   61.56,   63.42,   58.63,   66.90,   70.79,   62.26
20/12/2013 20:35:00,   61.70,   63.98,   58.25,   66.37,   68.87,   61.56
20/12/2013 20:40:00,   62.21,   64.74,   57.91,   68.30,   72.62,   61.38
20/12/2013 20:45:00,   61.16,   63.71,   57.13,   67.02,   72.01,   59.86
20/12/2013 20:50:00,   60.70,   63.00,   57.13,   65.69,   68.39,   60.40
20/12/2013 20:55:00,   59.80,   62.27,   56.07,   63.76,   66.23,   59.49
20/12/2013 21:00:00,   61.02,   63.59,   57.83,   66.46,   69.02,   61.49
20/12/2013 21:05:00,   60.82,   63.44,   56.85,   66.81,   71.61,   60.59
20/12/2013 21:10:00,   59.85,   62.39,   56.27,   63.80,   66.51,   59.62
20/12/2013 21:15:00,   64.73,   67.14,   61.02,   70.00,   74.92,   64.11
20/12/2013 21:20:00,   66.53,   69.89,   62.04,   73.84,   81.11,   64.01
20/12/2013 21:25:00,   64.21,   66.68,   60.43,   68.17,   71.92,   62.56
20/12/2013 21:30:00,   61.79,   64.23,   57.98,   67.70,   72.63,   62.31
20/12/2013 21:35:00,   64.31,   66.66,   59.82,   68.89,   72.58,   63.93
20/12/2013 21:40:00,   61.70,   64.91,   57.21,   67.81,   72.43,   60.82
20/12/2013 21:45:00,   61.13,   64.02,   57.25,   64.58,   67.21,   59.86
20/12/2013 21:50:00,   61.27,   63.89,   57.14,   65.91,   69.25,   60.50
20/12/2013 21:55:00,   60.86,   63.53,   56.19,   64.37,   67.57,   59.51
20/12/2013 22:00:00,   60.27,   63.18,   55.45,   62.97,   65.49,   58.54
20/12/2013 22:05:00,   60.45,   63.18,   55.44,   62.95,   65.23,   58.44
20/12/2013 22:10:00,   59.53,   62.37,   55.02,   62.77,   64.91,   58.52
20/12/2013 22:15:00,   60.02,   62.43,   56.06,   63.20,   65.74,   59.11
20/12/2013 22:20:00,   59.69,   62.44,   54.64,   63.14,   65.54,   57.80
20/12/2013 22:25:00,   58.54,   62.30,   54.24,   62.37,   65.59,   57.10
20/12/2013 22:30:00,   59.02,   62.23,   54.53,   61.10,   63.86,   57.01
20/12/2013 22:35:00,   59.63,   62.89,   55.09,   62.31,   65.29,   58.04
20/12/2013 22:40:00,   59.79,   62.65,   54.84,   62.26,   64.89,   57.39
20/12/2013 22:45:00,   59.01,   62.11,   54.69,   61.63,   65.04,   57.60
20/12/2013 22:50:00,   59.94,   63.20,   55.76,   61.90,   64.50,   58.26
20/12/2013 22:55:00,   59.87,   62.51,   53.48,   64.78,   67.30,   56.69
20/12/2013 23:00:00,   58.21,   61.81,   52.91,   61.30,   64.00,   56.07
20/12/2013 23:05:00,   59.26,   62.61,   54.49,   61.86,   64.98,   57.36
20/12/2013 23:10:00,   58.11,   61.31,   53.09,   60.48,   63.13,   56.53
20/12/2013 23:15:00,   58.24,   61.08,   53.35,   60.72,   63.35,   56.65
20/12/2013 23:20:00,   58.67,   61.48,   53.78,   60.91,   63.48,   57.01
20/12/2013 23:25:00,   57.32,   60.55,   51.81,   60.65,   62.94,   55.29
20/12/2013 23:30:00,   57.89,   61.21,   52.95,   61.69,   65.52,   55.98
20/12/2013 23:35:00,   59.73,   62.97,   53.61,   62.77,   65.32,   56.83
20/12/2013 23:40:00,   58.29,   61.62,   52.66,   62.16,   65.22,   55.69
20/12/2013 23:45:00,   56.73,   59.90,   52.70,   59.95,   62.97,   56.03
20/12/2013 23:50:00,   55.95,   59.26,   51.59,   59.56,   62.25,   55.23
20/12/2013 23:55:00,   56.52,   59.81,   51.88,   59.84,   62.80,   55.12

