# noise_analysis run from DCC-NOISE-001003 at Sat Jun 15 00:00:00 2013
# Monitoring unit located at 53.342609N 6.340721W
# logfile   = /home/root/noise_analysis.log
# cfg_dir   = /home/root/config
# outputdir = /home/root/noise
# Sensitivity = -26.271103
# Gain = 1.000000
# Time should be in local format (i.e. daylight savings time)
# dd/mm/yyyy hh:mm:ss, A Leq,   A L10,   A L95,   C Leq,   C L10,   C L95
15/06/2013 00:05:00,   56.03,   59.65,   51.45,   58.28,   61.44,   53.83
15/06/2013 00:10:00,   55.57,   59.04,   50.80,   57.87,   61.03,   52.91
15/06/2013 00:15:00,   55.19,   59.14,   49.98,   57.95,   61.85,   52.57
15/06/2013 00:20:00,   56.80,   59.62,   52.79,   59.21,   61.87,   55.33
15/06/2013 00:25:00,   55.53,   59.21,   50.99,   58.29,   61.75,   53.28
15/06/2013 00:30:00,   55.43,   58.84,   49.82,   57.81,   60.86,   52.63
15/06/2013 00:35:00,   55.12,   59.22,   50.14,   57.45,   60.97,   53.20
15/06/2013 00:40:00,   55.73,   59.79,   48.29,   58.61,   63.02,   51.07
15/06/2013 00:45:00,   55.63,   59.38,   49.98,   57.67,   60.94,   52.74
15/06/2013 00:50:00,   55.69,   59.14,   51.29,   57.70,   60.77,   54.06
15/06/2013 00:55:00,   54.90,   58.86,   49.53,   57.19,   60.81,   51.87
15/06/2013 01:00:00,   53.84,   57.97,   48.92,   55.95,   59.45,   51.95
15/06/2013 01:05:00,   53.99,   58.74,   47.47,   55.77,   59.85,   50.19
15/06/2013 01:10:00,   54.39,   58.25,   49.08,   56.25,   59.69,   51.98
15/06/2013 01:15:00,   55.34,   59.86,   49.21,   57.09,   61.18,   51.24
15/06/2013 01:20:00,   54.03,   57.86,   48.18,   56.43,   60.19,   51.17
15/06/2013 01:25:00,   54.34,   58.15,   49.44,   55.90,   59.40,   51.55
15/06/2013 01:30:00,   53.97,   57.74,   47.79,   56.70,   60.68,   50.25
15/06/2013 01:35:00,   53.69,   58.60,   47.64,   56.10,   61.02,   50.23
15/06/2013 01:40:00,   53.29,   57.99,   46.68,   55.08,   59.00,   49.60
15/06/2013 01:45:00,   54.82,   58.22,   49.03,   56.31,   59.80,   51.36
15/06/2013 01:50:00,   53.14,   58.07,   46.48,   54.66,   59.16,   49.00
15/06/2013 01:55:00,   52.73,   56.55,   47.82,   54.80,   58.04,   50.52
15/06/2013 02:00:00,   53.28,   57.20,   47.28,   55.27,   59.51,   49.76
15/06/2013 02:05:00,   55.47,   59.31,   50.71,   57.12,   60.40,   52.92
15/06/2013 02:10:00,   55.40,   59.21,   49.77,   57.01,   60.51,   51.88
15/06/2013 02:15:00,   53.77,   58.80,   47.20,   56.08,   60.82,   50.72
15/06/2013 02:20:00,   52.84,   56.88,   48.27,   54.94,   58.62,   50.65
15/06/2013 02:25:00,   52.85,   57.21,   46.65,   54.53,   58.40,   48.90
15/06/2013 02:30:00,   53.94,   58.54,   47.73,   55.30,   59.44,   50.10
15/06/2013 02:35:00,   52.13,   56.65,   44.53,   54.06,   58.12,   47.67
15/06/2013 02:40:00,   53.77,   57.88,   47.22,   55.56,   59.27,   50.15
15/06/2013 02:45:00,   52.52,   58.24,   45.02,   54.09,   59.26,   47.88
15/06/2013 02:50:00,   51.31,   55.61,   46.46,   53.36,   57.52,   49.20
15/06/2013 02:55:00,   53.25,   58.58,   46.56,   55.44,   60.25,   49.24
15/06/2013 03:00:00,   51.91,   56.80,   45.25,   53.69,   58.11,   48.05
15/06/2013 03:05:00,   51.51,   56.69,   44.87,   53.18,   57.73,   47.75
15/06/2013 03:10:00,   53.00,   57.29,   46.78,   55.40,   59.02,   50.19
15/06/2013 03:15:00,   51.88,   56.20,   46.31,   54.37,   58.88,   49.21
15/06/2013 03:20:00,   53.47,   57.69,   46.76,   55.19,   59.26,   49.19
15/06/2013 03:25:00,   53.09,   57.50,   46.65,   55.21,   59.41,   49.51
15/06/2013 03:30:00,   53.56,   58.40,   47.63,   55.48,   59.78,   50.18
15/06/2013 03:35:00,   54.15,   58.57,   48.31,   56.00,   60.52,   50.34
15/06/2013 03:40:00,   53.56,   57.80,   46.60,   55.31,   59.56,   48.60
15/06/2013 03:45:00,   53.40,   58.39,   47.51,   55.11,   59.57,   49.59
15/06/2013 03:50:00,   51.30,   55.19,   46.52,   53.15,   56.58,   49.38
15/06/2013 03:55:00,   52.13,   57.39,   45.49,   53.61,   58.68,   47.96
15/06/2013 04:00:00,   53.47,   58.53,   45.78,   54.92,   60.35,   48.17
15/06/2013 04:05:00,   51.28,   55.61,   46.07,   53.43,   57.11,   48.23
15/06/2013 04:10:00,   52.73,   57.02,   46.87,   54.79,   58.85,   49.21
15/06/2013 04:15:00,   54.09,   58.97,   46.27,   56.00,   60.46,   48.67
15/06/2013 04:20:00,   54.46,   59.19,   46.77,   55.90,   59.90,   49.57
15/06/2013 04:25:00,   53.29,   58.34,   46.26,   54.69,   59.15,   49.33
15/06/2013 04:30:00,   54.10,   57.48,   46.22,   55.10,   58.64,   48.94
15/06/2013 04:35:00,   50.42,   55.18,   46.04,   52.50,   56.87,   48.81
15/06/2013 04:40:00,   51.77,   57.10,   45.78,   53.95,   58.11,   49.00
15/06/2013 04:45:00,   50.92,   56.21,   46.47,   53.12,   57.69,   49.66
15/06/2013 04:50:00,   52.29,   58.22,   45.85,   54.14,   59.39,   49.00
15/06/2013 04:55:00,   51.95,   58.61,   45.67,   53.73,   59.07,   48.61
15/06/2013 05:00:00,   51.08,   55.55,   45.74,   53.16,   57.11,   49.05
15/06/2013 05:05:00,   51.42,   54.98,   46.58,   52.89,   56.39,   48.97
15/06/2013 05:10:00,   51.38,   56.19,   45.52,   53.18,   57.90,   48.21
15/06/2013 05:15:00,   50.88,   55.67,   46.47,   52.80,   57.27,   49.32
15/06/2013 05:20:00,   50.56,   53.37,   45.93,   52.62,   55.35,   48.75
15/06/2013 05:25:00,   50.84,   55.05,   46.39,   53.46,   57.73,   49.24
15/06/2013 05:30:00,   50.62,   56.10,   45.64,   52.88,   57.42,   49.27
15/06/2013 05:35:00,   51.82,   56.44,   46.96,   55.92,   62.51,   49.52
15/06/2013 05:40:00,   52.22,   56.85,   47.34,   54.75,   58.75,   51.01
15/06/2013 05:45:00,   51.73,   55.39,   46.40,   53.42,   57.03,   49.03
15/06/2013 05:50:00,   51.06,   54.50,   46.02,   52.82,   56.31,   48.41
15/06/2013 05:55:00,   53.52,   57.67,   47.28,   57.13,   62.16,   50.32
15/06/2013 06:00:00,   53.11,   57.21,   49.29,   55.78,   59.91,   51.40
15/06/2013 06:05:00,   53.90,   57.66,   49.67,   55.91,   59.91,   51.76
15/06/2013 06:10:00,   55.33,   60.60,   49.52,   58.87,   64.99,   51.41
15/06/2013 06:15:00,   52.05,   55.53,   47.56,   54.34,   57.69,   50.34
15/06/2013 06:20:00,   51.70,   56.00,   48.29,   54.23,   58.24,   51.30
15/06/2013 06:25:00,   53.93,   57.60,   48.60,   56.70,   59.65,   51.33
15/06/2013 06:30:00,   54.33,   58.88,   48.20,   55.70,   59.86,   50.48
15/06/2013 06:35:00,   54.33,   58.38,   48.85,   57.57,   62.39,   52.02
15/06/2013 06:40:00,   53.69,   57.09,   49.64,   56.90,   61.44,   51.86
15/06/2013 06:45:00,   56.00,   60.78,   49.38,   59.79,   65.19,   52.13
15/06/2013 06:50:00,   54.68,   57.96,   49.40,   58.68,   63.29,   52.18
15/06/2013 06:55:00,   54.88,   59.33,   49.71,   57.36,   61.86,   52.41
15/06/2013 07:00:00,   55.39,   59.13,   50.17,   59.37,   63.41,   53.12
15/06/2013 07:05:00,   54.88,   58.18,   50.30,   59.13,   62.55,   53.37
15/06/2013 07:10:00,   54.36,   58.00,   49.60,   58.83,   62.02,   54.33
15/06/2013 07:15:00,   52.44,   56.78,   48.45,   55.55,   59.15,   51.58
15/06/2013 07:20:00,   53.15,   56.77,   49.44,   56.30,   59.92,   52.64
15/06/2013 07:25:00,   53.36,   56.91,   48.66,   57.82,   61.63,   52.71
15/06/2013 07:30:00,   55.15,   58.29,   50.75,   59.13,   62.66,   54.05
15/06/2013 07:35:00,   56.35,   60.75,   50.30,   60.46,   65.59,   53.60
15/06/2013 07:40:00,   54.32,   58.02,   49.93,   58.33,   61.13,   54.10
15/06/2013 07:45:00,   57.47,   60.47,   53.17,   61.67,   65.09,   56.70
15/06/2013 07:50:00,   55.93,   59.89,   49.87,   59.75,   63.76,   53.47
15/06/2013 07:55:00,   55.67,   60.06,   49.72,   59.15,   63.41,   53.22
15/06/2013 08:00:00,   55.17,   59.29,   49.21,   59.49,   64.42,   53.35
15/06/2013 08:05:00,   54.97,   58.66,   49.56,   58.77,   62.52,   52.76
15/06/2013 08:10:00,   55.62,   60.06,   50.06,   60.26,   65.13,   54.84
15/06/2013 08:15:00,   55.27,   58.41,   49.64,   58.46,   61.24,   53.49
15/06/2013 08:20:00,   56.15,   59.27,   51.27,   59.76,   62.49,   55.63
15/06/2013 08:25:00,   54.69,   57.72,   50.35,   58.60,   62.16,   53.99
15/06/2013 08:30:00,   54.41,   57.93,   48.99,   57.76,   61.31,   52.16
15/06/2013 08:35:00,   55.49,   58.96,   49.87,   59.41,   62.51,   53.75
15/06/2013 08:40:00,   54.73,   57.98,   50.72,   58.45,   61.03,   54.46
15/06/2013 08:45:00,   54.77,   57.49,   51.48,   58.77,   61.46,   53.82
15/06/2013 08:50:00,   55.80,   59.39,   51.67,   59.99,   63.78,   54.66
15/06/2013 08:55:00,   55.65,   58.69,   51.58,   59.13,   62.30,   53.92
15/06/2013 09:00:00,   55.70,   58.40,   50.76,   59.35,   62.68,   53.39
15/06/2013 09:05:00,   55.83,   58.82,   51.07,   58.89,   62.30,   53.98
15/06/2013 09:10:00,   55.49,   58.86,   50.90,   58.40,   61.71,   53.86
15/06/2013 09:15:00,   57.27,   59.67,   52.25,   60.45,   62.90,   54.81
15/06/2013 09:20:00,   55.50,   58.93,   50.82,   58.68,   62.04,   54.33
15/06/2013 09:25:00,   54.99,   58.31,   51.02,   59.18,   63.02,   53.63
15/06/2013 09:30:00,   57.42,   60.10,   52.81,   61.87,   65.23,   56.92
15/06/2013 09:35:00,   57.37,   60.04,   54.02,   61.13,   63.93,   57.49
15/06/2013 09:40:00,   59.86,   61.90,   53.72,   64.03,   67.23,   56.95
15/06/2013 09:45:00,   60.56,   66.42,   54.01,   63.65,   66.85,   57.26
15/06/2013 09:50:00,   61.47,   65.48,   54.69,   63.63,   67.74,   57.68
15/06/2013 09:55:00,   56.79,   59.35,   52.43,   60.82,   63.75,   55.71
15/06/2013 10:00:00,   58.42,   61.61,   53.84,   61.95,   65.11,   57.22
15/06/2013 10:05:00,   57.36,   60.39,   52.78,   60.61,   62.94,   56.61
15/06/2013 10:10:00,   58.69,   60.94,   54.91,   63.70,   66.03,   58.56
15/06/2013 10:15:00,   56.87,   59.29,   52.89,   60.29,   62.65,   56.45
15/06/2013 10:20:00,   57.67,   59.95,   53.80,   61.06,   63.67,   56.64
15/06/2013 10:25:00,   56.85,   59.12,   53.00,   60.57,   63.42,   56.17
15/06/2013 10:30:00,   57.81,   59.96,   53.58,   62.41,   66.22,   56.20
15/06/2013 10:35:00,   57.14,   59.72,   53.35,   59.97,   62.71,   56.09
15/06/2013 10:40:00,   57.29,   59.60,   53.66,   60.21,   62.50,   56.17
15/06/2013 10:45:00,   57.22,   59.42,   53.84,   60.99,   64.05,   57.05
15/06/2013 10:50:00,   56.89,   59.00,   53.92,   60.94,   63.24,   57.56
15/06/2013 10:55:00,   57.21,   59.66,   53.08,   61.11,   63.70,   56.15
15/06/2013 11:00:00,   56.82,   59.50,   51.67,   60.34,   63.19,   54.57
15/06/2013 11:05:00,   56.26,   59.04,   52.44,   59.62,   62.18,   56.12
15/06/2013 11:10:00,   56.77,   59.18,   51.70,   62.08,   65.58,   56.14
15/06/2013 11:15:00,   56.36,   58.72,   51.38,   59.72,   61.94,   55.30
15/06/2013 11:20:00,   56.71,   59.40,   51.69,   60.18,   62.50,   55.24
15/06/2013 11:25:00,   57.08,   59.56,   52.71,   60.25,   62.71,   55.82
15/06/2013 11:30:00,   56.69,   59.31,   51.87,   59.55,   61.96,   55.40
15/06/2013 11:35:00,   56.57,   59.25,   52.69,   60.11,   62.67,   55.71
15/06/2013 11:40:00,   56.18,   58.69,   52.52,   60.24,   63.99,   55.43
15/06/2013 11:45:00,   56.76,   59.16,   53.31,   60.55,   62.72,   56.33
15/06/2013 11:50:00,   57.38,   59.24,   54.41,   61.07,   63.09,   57.86
15/06/2013 11:55:00,   56.46,   59.50,   52.59,   60.38,   63.70,   56.00
15/06/2013 12:00:00,   56.68,   59.60,   51.93,   60.67,   63.71,   56.66
15/06/2013 12:05:00,   56.02,   58.07,   53.08,   59.60,   61.56,   56.74
15/06/2013 12:10:00,   56.79,   59.44,   51.00,   60.51,   63.21,   54.79
15/06/2013 12:15:00,   56.89,   59.30,   52.98,   60.30,   62.14,   56.55
15/06/2013 12:20:00,   57.31,   60.53,   52.74,   60.74,   63.22,   55.85
15/06/2013 12:25:00,   57.95,   59.75,   55.40,   61.10,   62.46,   58.21
15/06/2013 12:30:00,   56.76,   59.10,   53.67,   60.84,   63.26,   57.22
15/06/2013 12:35:00,   56.99,   59.42,   52.58,   61.58,   64.93,   57.25
15/06/2013 12:40:00,   57.38,   59.61,   53.48,   60.94,   63.58,   56.87
15/06/2013 12:45:00,   57.99,   59.97,   54.62,   61.43,   63.41,   58.40
15/06/2013 12:50:00,   56.56,   58.75,   51.57,   61.38,   64.77,   54.79
15/06/2013 12:55:00,   57.20,   59.99,   52.62,   59.96,   62.47,   55.88
15/06/2013 13:00:00,   56.00,   59.15,   50.76,   59.41,   62.52,   55.18
15/06/2013 13:05:00,   55.75,   58.45,   51.15,   59.87,   62.30,   56.01
15/06/2013 13:10:00,   55.68,   58.05,   52.15,   59.83,   62.14,   56.12
15/06/2013 13:15:00,   57.29,   58.96,   53.91,   61.23,   63.24,   57.53
15/06/2013 13:20:00,   56.91,   59.06,   53.44,   60.65,   62.47,   57.82
15/06/2013 13:25:00,   58.13,   60.03,   54.94,   62.38,   64.27,   58.33
15/06/2013 13:30:00,   57.75,   60.11,   53.41,   61.32,   63.91,   57.25
15/06/2013 13:35:00,   56.31,   58.87,   51.71,   59.45,   62.22,   55.05
15/06/2013 13:40:00,   56.32,   58.61,   52.27,   61.73,   64.60,   57.43
15/06/2013 13:45:00,   56.10,   58.68,   51.38,   59.89,   62.21,   55.92
15/06/2013 13:50:00,   58.29,   61.72,   53.83,   63.29,   67.50,   58.45
15/06/2013 13:55:00,   55.89,   58.74,   52.37,   60.20,   62.78,   56.52
15/06/2013 14:00:00,   57.01,   59.14,   52.60,   60.55,   62.69,   57.23
15/06/2013 14:05:00,   57.06,   59.45,   52.97,   60.72,   63.07,   56.68
15/06/2013 14:10:00,   56.43,   58.57,   51.86,   60.73,   63.47,   56.80
15/06/2013 14:15:00,   57.18,   59.80,   52.15,   60.66,   62.83,   56.86
15/06/2013 14:20:00,   57.19,   61.22,   51.74,   60.40,   63.14,   55.92
15/06/2013 14:25:00,   57.89,   59.55,   52.99,   60.79,   63.06,   57.01
15/06/2013 14:30:00,   56.58,   59.45,   52.22,   59.95,   62.52,   55.89
15/06/2013 14:35:00,   56.13,   58.94,   51.69,   59.55,   62.26,   55.36
15/06/2013 14:40:00,   56.39,   58.57,   52.18,   60.87,   63.07,   57.64
15/06/2013 14:45:00,   56.98,   59.11,   52.25,   60.97,   63.15,   56.50
15/06/2013 14:50:00,   59.12,   62.15,   53.16,   63.80,   68.32,   56.52
15/06/2013 14:55:00,   57.56,   59.96,   53.32,   62.24,   65.77,   57.42
15/06/2013 15:00:00,   56.35,   59.13,   50.93,   59.77,   61.82,   56.12
15/06/2013 15:05:00,   56.64,   58.97,   53.54,   61.81,   64.53,   57.45
15/06/2013 15:10:00,   57.56,   59.72,   53.05,   62.06,   64.61,   55.95
15/06/2013 15:15:00,   57.59,   59.28,   54.74,   61.55,   63.84,   58.13
15/06/2013 15:20:00,   57.48,   59.55,   53.13,   61.93,   63.71,   56.65
15/06/2013 15:25:00,   58.88,   60.87,   55.92,   63.10,   65.68,   59.69
15/06/2013 15:30:00,   58.81,   60.79,   54.48,   62.89,   65.39,   57.99
15/06/2013 15:35:00,   58.07,   60.09,   54.96,   63.32,   65.56,   58.42
15/06/2013 15:40:00,   58.57,   60.16,   56.12,   62.38,   64.53,   59.20
15/06/2013 15:45:00,   58.96,   61.04,   55.90,   63.97,   68.58,   59.12
15/06/2013 15:50:00,   58.39,   60.75,   54.66,   63.92,   67.36,   59.00
15/06/2013 15:55:00,   58.79,   60.90,   55.83,   63.26,   66.27,   58.52
15/06/2013 16:00:00,   60.82,   63.26,   54.01,   64.22,   68.29,   57.88
15/06/2013 16:05:00,   57.30,   59.26,   54.08,   61.37,   63.87,   57.98
15/06/2013 16:10:00,   58.54,   61.29,   53.38,   63.56,   67.03,   57.31
15/06/2013 16:15:00,   57.90,   60.32,   53.66,   62.34,   65.18,   58.12
15/06/2013 16:20:00,   58.70,   60.72,   55.12,   63.66,   66.12,   59.09
15/06/2013 16:25:00,   58.35,   60.74,   53.74,   62.40,   66.13,   56.38
15/06/2013 16:30:00,   58.11,   60.72,   53.75,   60.88,   62.78,   57.45
15/06/2013 16:35:00,   57.75,   59.71,   53.81,   61.48,   63.80,   57.37
15/06/2013 16:40:00,   59.38,   61.76,   54.32,   64.42,   68.29,   58.18
15/06/2013 16:45:00,   57.24,   59.86,   52.57,   61.19,   64.24,   56.13
15/06/2013 16:50:00,   57.38,   59.90,   53.84,   61.23,   64.16,   56.90
15/06/2013 16:55:00,   57.90,   60.01,   54.62,   62.05,   64.17,   58.26
15/06/2013 17:00:00,   57.13,   59.26,   53.69,   62.29,   65.31,   57.56
15/06/2013 17:05:00,   56.94,   59.00,   53.92,   62.58,   65.95,   57.65
15/06/2013 17:10:00,   57.61,   60.29,   53.14,   62.13,   65.32,   56.72
15/06/2013 17:15:00,   58.12,   59.91,   54.98,   62.33,   65.11,   58.39
15/06/2013 17:20:00,   59.36,   61.21,   55.92,   64.48,   67.32,   59.66
15/06/2013 17:25:00,   57.15,   59.59,   52.55,   61.01,   63.61,   56.40
15/06/2013 17:30:00,   57.65,   59.97,   53.75,   62.05,   64.25,   57.22
15/06/2013 17:35:00,   57.85,   60.12,   53.81,   61.37,   63.81,   57.11
15/06/2013 17:40:00,   58.24,   60.50,   55.18,   61.81,   63.44,   58.55
15/06/2013 17:45:00,   58.96,   61.83,   54.68,   63.33,   67.03,   57.48
15/06/2013 17:50:00,   57.83,   60.13,   53.62,   61.85,   64.51,   56.78
15/06/2013 17:55:00,   58.89,   60.64,   55.59,   63.91,   65.44,   59.27
15/06/2013 18:00:00,   58.03,   60.25,   54.84,   61.26,   63.25,   57.93
15/06/2013 18:05:00,   58.01,   60.80,   53.76,   62.30,   66.42,   56.95
15/06/2013 18:10:00,   58.07,   60.45,   54.79,   63.36,   66.69,   59.04
15/06/2013 18:15:00,   57.80,   60.39,   53.38,   61.36,   64.49,   56.54
15/06/2013 18:20:00,   61.24,   64.42,   56.02,   64.61,   68.28,   59.16
15/06/2013 18:25:00,   61.78,   63.85,   56.31,   66.02,   71.03,   59.52
15/06/2013 18:30:00,   61.30,   64.35,   56.41,   65.21,   68.59,   59.78
15/06/2013 18:35:00,   60.75,   63.67,   55.40,   64.72,   67.70,   59.15
15/06/2013 18:40:00,   60.10,   62.93,   55.53,   62.95,   65.22,   58.45
15/06/2013 18:45:00,   59.36,   61.94,   54.62,   62.91,   65.88,   57.45
15/06/2013 18:50:00,   60.47,   62.89,   56.31,   63.90,   67.15,   59.24
15/06/2013 18:55:00,   60.24,   61.99,   55.99,   63.72,   66.43,   59.02
15/06/2013 19:00:00,   58.54,   61.57,   53.83,   62.69,   64.67,   57.39
15/06/2013 19:05:00,   60.85,   63.18,   57.50,   65.45,   69.01,   59.93
15/06/2013 19:10:00,   59.11,   61.86,   55.20,   62.05,   63.94,   57.94
15/06/2013 19:15:00,   59.36,   63.11,   54.25,   61.98,   65.08,   57.37
15/06/2013 19:20:00,   60.50,   63.30,   56.21,   63.56,   67.62,   58.64
15/06/2013 19:25:00,   58.80,   61.15,   54.89,   62.42,   64.86,   57.92
15/06/2013 19:30:00,   59.96,   62.16,   54.45,   63.26,   65.45,   58.02
15/06/2013 19:35:00,   59.12,   61.52,   55.29,   62.59,   65.20,   58.10
15/06/2013 19:40:00,   59.69,   61.74,   55.96,   62.93,   65.25,   58.04
15/06/2013 19:45:00,   58.75,   61.00,   55.40,   61.89,   63.30,   57.73
15/06/2013 19:50:00,   59.28,   61.05,   56.29,   62.37,   64.49,   59.36
15/06/2013 19:55:00,   58.61,   61.35,   54.90,   61.15,   63.48,   57.25
15/06/2013 20:00:00,   58.49,   61.05,   54.06,   61.24,   64.05,   57.22
15/06/2013 20:05:00,   58.95,   61.50,   54.24,   62.32,   64.76,   57.79
15/06/2013 20:10:00,   58.70,   61.13,   54.53,   60.91,   62.91,   57.36
15/06/2013 20:15:00,   58.60,   61.21,   54.83,   61.73,   63.52,   57.42
15/06/2013 20:20:00,   57.36,   59.82,   53.91,   60.87,   63.79,   56.47
15/06/2013 20:25:00,   59.74,   61.51,   56.46,   63.15,   65.28,   58.61
15/06/2013 20:30:00,   59.18,   62.17,   54.99,   62.35,   65.11,   57.79
15/06/2013 20:35:00,   62.23,   62.83,   55.02,   64.01,   67.06,   57.38
15/06/2013 20:40:00,   63.72,   69.36,   57.05,   64.83,   69.23,   58.93
15/06/2013 20:45:00,   57.88,   60.64,   53.71,   60.80,   63.48,   56.08
15/06/2013 20:50:00,   57.63,   60.05,   52.74,   60.73,   62.29,   56.01
15/06/2013 20:55:00,   60.14,   64.20,   53.53,   61.81,   65.78,   56.38
15/06/2013 21:00:00,   62.04,   64.70,   58.72,   63.31,   66.04,   59.23
15/06/2013 21:05:00,   60.51,   62.48,   54.78,   62.27,   64.96,   57.48
15/06/2013 21:10:00,   58.20,   61.03,   52.21,   60.80,   63.11,   55.84
15/06/2013 21:15:00,   59.73,   62.87,   54.81,   63.03,   66.43,   57.72
15/06/2013 21:20:00,   60.26,   64.18,   54.60,   61.91,   64.87,   57.10
15/06/2013 21:25:00,   57.38,   60.49,   53.75,   60.13,   62.70,   56.21
15/06/2013 21:30:00,   60.13,   62.86,   55.42,   61.51,   64.03,   57.38
15/06/2013 21:35:00,   64.76,   70.22,   56.13,   64.54,   68.93,   58.91
15/06/2013 21:40:00,   59.47,   63.11,   54.93,   61.02,   63.93,   57.16
15/06/2013 21:45:00,   59.56,   62.06,   55.14,   64.59,   71.34,   57.54
15/06/2013 21:50:00,   58.67,   61.27,   54.97,   61.87,   65.42,   57.21
15/06/2013 21:55:00,   58.09,   60.50,   54.93,   61.34,   64.47,   57.28
15/06/2013 22:00:00,   64.85,   70.07,   53.63,   65.06,   69.30,   56.43
15/06/2013 22:05:00,   58.00,   61.08,   52.93,   61.61,   64.40,   55.03
15/06/2013 22:10:00,   61.75,   69.21,   54.59,   62.63,   68.27,   56.95
15/06/2013 22:15:00,   56.78,   59.26,   52.73,   59.66,   62.40,   55.13
15/06/2013 22:20:00,   55.58,   59.05,   50.90,   57.74,   60.78,   53.57
15/06/2013 22:25:00,   56.07,   59.23,   51.26,   58.90,   62.12,   54.07
15/06/2013 22:30:00,   55.67,   58.76,   51.68,   58.31,   61.47,   53.98
15/06/2013 22:35:00,   55.65,   58.61,   52.12,   58.53,   61.72,   54.67
15/06/2013 22:40:00,   55.63,   59.05,   49.83,   57.77,   61.02,   52.32
15/06/2013 22:45:00,   56.04,   59.47,   51.78,   58.45,   61.50,   54.03
15/06/2013 22:50:00,   56.78,   60.27,   52.52,   59.61,   62.62,   55.96
15/06/2013 22:55:00,   56.36,   59.56,   50.98,   58.63,   61.65,   52.76
15/06/2013 23:00:00,   56.46,   59.96,   50.61,   59.22,   62.43,   53.30
15/06/2013 23:05:00,   55.84,   59.24,   51.73,   58.68,   62.46,   54.39
15/06/2013 23:10:00,   57.02,   60.35,   51.99,   60.29,   63.77,   54.67
15/06/2013 23:15:00,   54.76,   58.08,   49.75,   57.53,   61.12,   52.55
15/06/2013 23:20:00,   55.75,   58.57,   51.11,   57.69,   60.35,   53.28
15/06/2013 23:25:00,   54.32,   58.04,   48.98,   57.27,   60.85,   51.55
15/06/2013 23:30:00,   55.44,   60.09,   49.56,   57.69,   61.62,   52.80
15/06/2013 23:35:00,   55.57,   59.66,   49.96,   58.58,   62.82,   52.19
15/06/2013 23:40:00,   54.65,   58.14,   49.93,   57.06,   60.60,   52.48
15/06/2013 23:45:00,   54.78,   57.90,   49.52,   56.83,   59.81,   51.91
15/06/2013 23:50:00,   53.97,   58.47,   48.00,   56.74,   60.42,   50.66
15/06/2013 23:57:00,   56.13,   59.61,   50.19,   58.00,   61.37,   53.19

