# noise_analysis run from DCC-NOISE-001003 at Thu Jun  6 00:00:00 2013
# Monitoring unit located at 53.342609N 6.340721W
# logfile   = /home/root/noise_analysis.log
# cfg_dir   = /home/root/config
# outputdir = /home/root/noise
# Sensitivity = -26.271103
# Gain = 1.000000
# Time should be in local format (i.e. daylight savings time)
# dd/mm/yyyy hh:mm:ss, A Leq,   A L10,   A L95,   C Leq,   C L10,   C L95
06/06/2013 00:05:00,   49.87,   56.02,   39.70,   52.64,   58.37,   43.32
06/06/2013 00:10:00,   47.56,   54.17,   38.91,   49.73,   55.29,   41.85
06/06/2013 00:15:00,   50.30,   57.23,   38.07,   53.34,   59.87,   41.84
06/06/2013 00:20:00,   49.24,   55.33,   38.27,   51.36,   57.18,   41.05
06/06/2013 00:25:00,   46.74,   53.91,   36.50,   48.81,   54.74,   40.57
06/06/2013 00:30:00,   49.38,   56.49,   37.45,   51.29,   58.64,   41.08
06/06/2013 00:35:00,   47.25,   55.18,   37.20,   49.14,   56.50,   40.24
06/06/2013 00:40:00,   49.58,   55.80,   38.19,   52.05,   58.07,   40.79
06/06/2013 00:45:00,   49.78,   56.74,   38.02,   51.54,   58.00,   41.55
06/06/2013 00:50:00,   50.44,   57.11,   38.55,   52.60,   58.76,   41.15
06/06/2013 00:55:00,   47.45,   55.74,   35.55,   48.76,   56.71,   38.39
06/06/2013 01:00:00,   46.53,   54.22,   35.45,   51.86,   57.34,   38.87
06/06/2013 01:05:00,   48.78,   55.60,   38.75,   50.84,   56.83,   41.71
06/06/2013 01:10:00,   47.40,   54.97,   34.78,   49.39,   56.33,   38.75
06/06/2013 01:15:00,   48.63,   54.78,   37.11,   50.30,   55.80,   40.13
06/06/2013 01:20:00,   44.44,   51.08,   34.79,   46.60,   53.30,   37.68
06/06/2013 01:25:00,   48.22,   56.93,   35.38,   49.74,   57.46,   38.93
06/06/2013 01:30:00,   47.73,   55.80,   34.72,   49.63,   57.16,   37.76
06/06/2013 01:35:00,   47.19,   55.25,   36.49,   49.15,   56.33,   40.77
06/06/2013 01:40:00,   46.35,   52.90,   37.10,   48.46,   54.11,   40.58
06/06/2013 01:45:00,   47.72,   55.04,   35.24,   49.17,   55.84,   39.33
06/06/2013 01:50:00,   46.14,   54.48,   33.43,   48.11,   55.85,   38.96
06/06/2013 01:55:00,   45.93,   54.26,   35.20,   48.35,   56.51,   39.37
06/06/2013 02:00:00,   44.89,   51.81,   34.02,   47.58,   54.23,   39.26
06/06/2013 02:05:00,   44.95,   52.09,   34.48,   47.42,   54.07,   39.78
06/06/2013 02:10:00,   43.03,   52.00,   34.05,   45.81,   53.29,   39.31
06/06/2013 02:15:00,   44.70,   51.91,   34.48,   47.19,   53.54,   39.07
06/06/2013 02:20:00,   43.38,   51.11,   33.57,   45.85,   52.72,   39.38
06/06/2013 02:25:00,   43.01,   51.76,   33.14,   45.57,   53.01,   38.44
06/06/2013 02:30:00,   41.86,   49.95,   32.80,   44.88,   51.92,   38.04
06/06/2013 02:35:00,   41.15,   47.23,   34.87,   44.95,   50.39,   39.97
06/06/2013 02:40:00,   40.75,   47.08,   34.10,   43.51,   49.13,   38.45
06/06/2013 02:45:00,   45.69,   54.38,   35.20,   47.86,   55.73,   39.89
06/06/2013 02:50:00,   40.26,   43.80,   34.61,   43.91,   46.84,   39.17
06/06/2013 02:55:00,   41.91,   47.62,   35.43,   44.35,   48.82,   39.47
06/06/2013 03:00:00,   43.52,   47.94,   35.67,   46.40,   51.22,   39.70
06/06/2013 03:05:00,   45.65,   53.75,   35.14,   48.22,   55.53,   39.96
06/06/2013 03:10:00,   45.93,   52.52,   34.92,   48.67,   55.11,   39.42
06/06/2013 03:15:00,   45.01,   53.89,   33.91,   48.15,   55.10,   38.80
06/06/2013 03:20:00,   38.46,   40.23,   34.53,   42.22,   43.90,   39.22
06/06/2013 03:25:00,   45.25,   53.50,   34.43,   47.92,   55.50,   39.22
06/06/2013 03:30:00,   43.55,   50.76,   34.45,   45.71,   52.36,   38.69
06/06/2013 03:35:00,   44.62,   52.63,   36.02,   46.90,   53.91,   40.06
06/06/2013 03:40:00,   46.15,   53.87,   36.34,   49.52,   56.40,   40.33
06/06/2013 03:45:00,   46.62,   53.99,   36.77,   48.68,   56.15,   41.13
06/06/2013 03:50:00,   45.19,   50.21,   36.88,   47.05,   50.19,   41.50
06/06/2013 03:55:00,   45.89,   50.87,   38.12,   47.46,   50.73,   41.54
06/06/2013 04:00:00,   46.29,   52.87,   37.16,   47.52,   53.85,   41.10
06/06/2013 04:05:00,   47.50,   51.77,   39.05,   48.41,   51.52,   42.13
06/06/2013 04:10:00,   47.98,   52.56,   39.90,   49.06,   52.84,   43.12
06/06/2013 04:15:00,   47.72,   52.36,   40.70,   49.85,   53.97,   43.44
06/06/2013 04:20:00,   47.61,   51.76,   40.69,   48.31,   51.93,   43.60
06/06/2013 04:25:00,   48.29,   52.62,   39.70,   49.25,   53.01,   43.61
06/06/2013 04:30:00,   47.89,   52.72,   39.46,   49.02,   53.17,   43.23
06/06/2013 04:35:00,   49.14,   52.91,   40.68,   50.30,   54.44,   44.25
06/06/2013 04:40:00,   49.95,   55.34,   42.02,   52.33,   58.94,   44.43
06/06/2013 04:45:00,   51.65,   55.70,   39.74,   52.51,   56.31,   43.37
06/06/2013 04:50:00,   49.81,   56.66,   39.91,   51.61,   56.61,   44.11
06/06/2013 04:55:00,   52.19,   61.04,   40.86,   52.65,   60.56,   44.70
06/06/2013 05:00:00,   51.81,   58.35,   41.25,   52.70,   58.51,   45.32
06/06/2013 05:05:00,   46.81,   52.73,   39.73,   49.26,   54.56,   43.73
06/06/2013 05:10:00,   47.59,   54.51,   40.22,   50.75,   57.02,   44.65
06/06/2013 05:15:00,   49.39,   55.85,   41.67,   51.34,   57.59,   45.32
06/06/2013 05:20:00,   50.67,   56.54,   41.72,   53.76,   59.64,   45.60
06/06/2013 05:25:00,   50.42,   55.34,   43.08,   52.54,   57.17,   46.55
06/06/2013 05:30:00,   46.24,   50.08,   41.06,   48.90,   51.90,   45.00
06/06/2013 05:35:00,   50.66,   56.72,   42.88,   54.12,   60.16,   46.22
06/06/2013 05:40:00,   50.29,   55.07,   44.81,   52.92,   57.22,   48.55
06/06/2013 05:45:00,   51.25,   56.35,   45.02,   53.79,   57.74,   48.84
06/06/2013 05:50:00,   52.95,   57.58,   45.71,   55.19,   59.54,   48.98
06/06/2013 05:55:00,   51.25,   56.81,   44.38,   53.20,   58.05,   47.80
06/06/2013 06:00:00,   51.38,   57.02,   44.32,   53.97,   58.68,   47.48
06/06/2013 06:05:00,   49.80,   54.51,   44.47,   52.89,   57.18,   47.97
06/06/2013 06:10:00,   50.36,   55.56,   44.02,   53.75,   58.47,   48.13
06/06/2013 06:15:00,   51.36,   55.92,   45.53,   54.67,   58.92,   48.65
06/06/2013 06:20:00,   50.75,   55.51,   44.22,   53.99,   59.13,   48.05
06/06/2013 06:25:00,   51.59,   56.46,   45.40,   55.01,   59.83,   48.96
06/06/2013 06:30:00,   52.19,   57.01,   45.59,   55.83,   59.92,   48.97
06/06/2013 06:35:00,   52.57,   57.54,   45.26,   56.26,   61.23,   48.59
06/06/2013 06:40:00,   51.35,   56.92,   44.25,   53.64,   58.35,   48.18
06/06/2013 06:45:00,   53.24,   57.79,   46.65,   56.76,   60.89,   49.97
06/06/2013 06:50:00,   52.28,   57.38,   45.17,   54.84,   58.71,   48.74
06/06/2013 06:55:00,   52.15,   55.54,   45.94,   55.39,   58.51,   50.73
06/06/2013 07:00:00,   53.24,   57.40,   46.39,   57.62,   61.01,   51.90
06/06/2013 07:05:00,   54.10,   58.05,   46.07,   58.16,   61.63,   50.89
06/06/2013 07:10:00,   52.22,   57.03,   45.05,   55.86,   60.46,   49.39
06/06/2013 07:15:00,   52.73,   56.91,   45.18,   56.46,   59.62,   50.34
06/06/2013 07:20:00,   54.24,   58.93,   46.60,   58.78,   63.33,   52.06
06/06/2013 07:25:00,   54.08,   58.53,   45.60,   58.53,   62.45,   51.41
06/06/2013 07:30:00,   53.35,   57.11,   45.43,   57.26,   61.18,   50.35
06/06/2013 07:35:00,   54.04,   59.25,   43.42,   59.16,   62.68,   50.22
06/06/2013 07:40:00,   54.30,   57.94,   46.54,   58.02,   60.91,   51.19
06/06/2013 07:45:00,   55.53,   58.89,   48.62,   59.45,   62.43,   54.66
06/06/2013 07:50:00,   56.28,   59.54,   49.36,   60.10,   63.19,   54.60
06/06/2013 07:55:00,   56.23,   59.74,   49.92,   61.11,   63.44,   57.24
06/06/2013 08:00:00,   54.82,   58.85,   48.64,   60.11,   64.00,   53.53
06/06/2013 08:05:00,   55.91,   59.55,   50.35,   59.74,   63.01,   54.35
06/06/2013 08:10:00,   55.67,   59.67,   48.65,   59.78,   62.99,   53.09
06/06/2013 08:15:00,   55.81,   59.31,   49.78,   59.45,   63.26,   54.33
06/06/2013 08:20:00,   53.95,   57.99,   47.45,   58.39,   61.91,   52.48
06/06/2013 08:25:00,   55.18,   58.91,   49.24,   60.57,   64.31,   55.61
06/06/2013 08:30:00,   55.73,   59.26,   49.45,   60.45,   64.13,   54.68
06/06/2013 08:35:00,   54.76,   58.65,   48.33,   59.60,   63.47,   53.77
06/06/2013 08:40:00,   54.35,   58.61,   47.93,   59.88,   63.49,   54.96
06/06/2013 08:45:00,   54.19,   57.70,   49.50,   60.72,   63.76,   55.85
06/06/2013 08:50:00,   55.29,   58.37,   50.65,   60.48,   63.35,   56.31
06/06/2013 08:55:00,   55.37,   58.63,   49.03,   59.35,   61.62,   54.95
06/06/2013 09:00:00,   58.39,   63.78,   50.44,   62.88,   68.60,   55.59
06/06/2013 09:05:00,   64.92,   69.42,   57.74,   70.53,   75.59,   64.53
06/06/2013 09:10:00,   67.99,   71.17,   64.12,   74.03,   77.95,   68.39
06/06/2013 09:15:00,   69.81,   76.59,   50.21,   75.92,   82.35,   55.45
06/06/2013 09:20:00,   70.99,   78.63,   61.07,   76.96,   84.56,   67.68
06/06/2013 09:25:00,   72.68,   79.57,   59.05,   78.57,   85.39,   63.75
06/06/2013 09:30:00,   60.12,   63.64,   54.11,   66.48,   70.25,   61.93
06/06/2013 09:35:00,   58.48,   60.88,   54.60,   65.03,   68.03,   60.94
06/06/2013 09:40:00,   58.95,   61.67,   54.91,   65.52,   68.40,   60.42
06/06/2013 09:45:00,   59.46,   61.42,   55.89,   66.99,   69.41,   61.82
06/06/2013 09:50:00,   58.80,   60.99,   54.94,   65.84,   68.26,   62.05
06/06/2013 09:55:00,   57.42,   59.73,   51.50,   63.98,   67.16,   55.89
06/06/2013 10:00:00,   55.03,   58.18,   48.19,   60.37,   63.37,   53.55
06/06/2013 10:05:00,   54.61,   58.82,   49.30,   60.21,   63.30,   55.13
06/06/2013 10:10:00,   56.29,   59.63,   50.46,   61.08,   64.79,   55.01
06/06/2013 10:15:00,   54.34,   57.39,   48.43,   60.51,   62.76,   54.18
06/06/2013 10:20:00,   54.21,   57.75,   48.49,   59.00,   62.00,   54.61
06/06/2013 10:25:00,   54.81,   58.02,   48.90,   59.34,   61.99,   55.29
06/06/2013 10:30:00,   55.33,   58.82,   50.11,   60.06,   63.57,   55.57
06/06/2013 10:35:00,   56.72,   60.91,   49.30,   63.79,   70.02,   54.33
06/06/2013 10:40:00,   54.95,   58.23,   49.80,   60.13,   63.22,   56.07
06/06/2013 10:45:00,   53.89,   57.70,   46.87,   58.72,   62.05,   53.48
06/06/2013 10:50:00,   54.80,   58.24,   49.71,   60.23,   63.63,   55.60
06/06/2013 10:55:00,   54.58,   58.09,   49.11,   59.85,   62.96,   54.84
06/06/2013 11:00:00,   53.37,   56.72,   47.94,   59.07,   62.72,   53.26
06/06/2013 11:05:00,   54.44,   57.91,   47.46,   59.43,   62.25,   54.08
06/06/2013 11:10:00,   55.44,   58.80,   49.02,   60.35,   63.99,   54.86
06/06/2013 11:15:00,   54.16,   57.27,   48.07,   59.56,   62.14,   55.15
06/06/2013 11:20:00,   54.33,   57.43,   49.71,   59.66,   62.50,   55.68
06/06/2013 11:25:00,   55.32,   58.05,   51.69,   60.21,   62.43,   56.30
06/06/2013 11:30:00,   54.93,   58.18,   49.59,   60.07,   63.10,   55.90
06/06/2013 11:35:00,   57.69,   60.81,   50.84,   61.33,   63.78,   56.80
06/06/2013 11:40:00,   56.11,   59.47,   51.40,   61.63,   64.11,   58.56
06/06/2013 11:45:00,   55.16,   58.38,   48.69,   61.23,   66.09,   55.34
06/06/2013 11:50:00,   55.34,   58.20,   50.08,   60.26,   63.51,   55.62
06/06/2013 11:55:00,   60.38,   61.07,   48.32,   62.80,   63.88,   54.56
06/06/2013 12:00:00,   55.53,   58.89,   49.62,   60.59,   62.95,   55.62
06/06/2013 12:05:00,   54.22,   57.21,   48.61,   59.89,   62.97,   54.72
06/06/2013 12:10:00,   55.37,   57.92,   50.28,   60.26,   62.94,   55.94
06/06/2013 12:15:00,   54.32,   57.71,   48.91,   60.24,   63.42,   55.65
06/06/2013 12:20:00,   54.17,   56.91,   49.25,   59.86,   62.26,   55.40
06/06/2013 12:25:00,   54.98,   57.58,   49.62,   59.67,   62.11,   55.14
06/06/2013 12:30:00,   54.86,   58.22,   48.86,   60.05,   63.63,   55.26
06/06/2013 12:35:00,   54.58,   57.91,   48.01,   60.00,   62.68,   54.32
06/06/2013 12:40:00,   55.27,   57.93,   50.60,   60.97,   64.71,   56.31
06/06/2013 12:45:00,   55.11,   58.14,   50.28,   59.47,   62.23,   54.88
06/06/2013 12:50:00,   55.48,   58.10,   49.49,   60.85,   63.92,   54.18
06/06/2013 12:55:00,   55.70,   59.12,   50.21,   62.12,   65.98,   57.20
06/06/2013 13:00:00,   53.91,   56.88,   49.37,   59.27,   63.12,   54.76
06/06/2013 13:05:00,   55.24,   58.47,   50.19,   60.69,   64.35,   55.04
06/06/2013 13:10:00,   55.74,   58.55,   50.53,   60.96,   63.79,   55.64
06/06/2013 13:15:00,   55.34,   58.50,   50.72,   60.70,   63.59,   56.65
06/06/2013 13:20:00,   54.42,   57.73,   48.42,   59.84,   62.48,   53.19
06/06/2013 13:25:00,   53.48,   56.63,   48.13,   58.44,   61.02,   54.06
06/06/2013 13:30:00,   54.32,   57.68,   48.78,   59.83,   62.93,   54.85
06/06/2013 13:35:00,   55.42,   58.27,   50.10,   61.53,   64.78,   56.91
06/06/2013 13:40:00,   55.42,   57.89,   50.69,   59.79,   62.55,   55.31
06/06/2013 13:45:00,   54.86,   57.11,   50.13,   59.69,   61.72,   56.19
06/06/2013 13:50:00,   53.88,   56.96,   48.35,   59.75,   63.08,   55.11
06/06/2013 13:55:00,   54.51,   57.34,   49.95,   60.12,   63.36,   55.03
06/06/2013 14:00:00,   55.37,   58.67,   49.69,   59.36,   62.56,   54.39
06/06/2013 14:05:00,   54.57,   57.75,   49.68,   59.61,   62.35,   55.11
06/06/2013 14:10:00,   56.66,   59.98,   49.67,   61.79,   65.61,   55.76
06/06/2013 14:15:00,   55.37,   58.21,   50.08,   60.80,   63.87,   56.50
06/06/2013 14:20:00,   54.65,   57.75,   49.83,   60.59,   63.67,   56.34
06/06/2013 14:25:00,   55.32,   58.07,   49.80,   61.56,   64.72,   56.78
06/06/2013 14:30:00,   54.60,   57.96,   50.14,   59.79,   62.65,   55.38
06/06/2013 14:35:00,   55.90,   59.05,   49.02,   61.58,   65.02,   54.43
06/06/2013 14:40:00,   55.26,   57.36,   49.73,   60.43,   62.14,   56.05
06/06/2013 14:45:00,   55.53,   58.25,   51.41,   60.98,   64.15,   57.43
06/06/2013 14:50:00,   54.95,   57.70,   50.60,   60.18,   62.33,   57.20
06/06/2013 14:55:00,   54.78,   57.74,   48.76,   59.89,   62.74,   55.11
06/06/2013 15:00:00,   55.25,   57.49,   50.64,   60.09,   62.45,   56.05
06/06/2013 15:05:00,   54.82,   57.95,   49.46,   60.25,   64.36,   54.16
06/06/2013 15:10:00,   54.43,   56.86,   49.72,   60.00,   62.37,   54.88
06/06/2013 15:15:00,   54.99,   58.06,   48.57,   59.29,   62.00,   52.84
06/06/2013 15:20:00,   56.87,   60.30,   49.38,   61.92,   66.83,   55.57
06/06/2013 15:25:00,   55.59,   58.87,   49.90,   61.41,   65.17,   55.46
06/06/2013 15:30:00,   54.63,   57.51,   49.75,   60.09,   62.97,   54.02
06/06/2013 15:35:00,   55.14,   58.27,   49.35,   61.67,   65.51,   55.31
06/06/2013 15:40:00,   55.10,   58.58,   48.91,   59.56,   62.87,   55.15
06/06/2013 15:45:00,   55.94,   59.31,   50.66,   60.64,   63.08,   55.41
06/06/2013 15:50:00,   55.88,   58.32,   51.61,   60.90,   63.37,   56.42
06/06/2013 15:55:00,   57.09,   60.57,   52.10,   61.32,   64.42,   57.03
06/06/2013 16:00:00,   56.40,   58.95,   50.52,   60.85,   64.21,   55.05
06/06/2013 16:05:00,   55.85,   59.89,   49.50,   61.73,   65.68,   55.04
06/06/2013 16:10:00,   56.00,   58.97,   49.06,   60.53,   63.51,   53.45
06/06/2013 16:15:00,   54.87,   57.68,   50.05,   59.55,   62.48,   55.63
06/06/2013 16:20:00,   55.61,   59.24,   48.86,   61.19,   65.54,   54.74
06/06/2013 16:25:00,   55.28,   58.64,   48.92,   59.70,   62.94,   54.08
06/06/2013 16:30:00,   55.47,   57.96,   49.57,   60.65,   62.93,   54.75
06/06/2013 16:35:00,   54.34,   57.50,   49.31,   59.18,   62.22,   54.18
06/06/2013 16:40:00,   55.92,   58.74,   50.90,   60.13,   63.11,   55.74
06/06/2013 16:45:00,   55.69,   58.46,   50.44,   59.45,   61.91,   54.57
06/06/2013 16:50:00,   53.95,   56.87,   48.87,   59.87,   62.03,   54.33
06/06/2013 16:55:00,   55.93,   58.41,   49.96,   60.00,   62.17,   55.59
06/06/2013 17:00:00,   54.86,   57.65,   48.69,   59.17,   61.88,   53.79
06/06/2013 17:05:00,   55.13,   57.79,   50.46,   60.43,   63.50,   55.66
06/06/2013 17:10:00,   54.22,   58.16,   47.43,   59.41,   63.17,   53.61
06/06/2013 17:15:00,   55.37,   58.54,   50.45,   59.86,   62.43,   55.72
06/06/2013 17:20:00,   55.74,   57.89,   49.13,   59.86,   62.21,   54.54
06/06/2013 17:25:00,   55.65,   58.56,   49.19,   60.12,   63.14,   54.48
06/06/2013 17:30:00,   54.90,   57.62,   50.16,   59.11,   61.53,   54.77
06/06/2013 17:35:00,   55.61,   58.47,   48.94,   60.59,   63.36,   55.07
06/06/2013 17:40:00,   52.98,   56.65,   48.62,   58.60,   61.61,   54.97
06/06/2013 17:45:00,   56.03,   58.59,   50.48,   62.31,   67.06,   55.59
06/06/2013 17:50:00,   55.54,   58.28,   51.19,   60.42,   63.16,   56.45
06/06/2013 17:55:00,   54.33,   57.85,   47.64,   59.73,   63.43,   52.48
06/06/2013 18:00:00,   56.47,   59.40,   49.13,   60.72,   63.96,   53.74
06/06/2013 18:05:00,   57.48,   60.61,   50.98,   59.67,   61.94,   55.37
06/06/2013 18:10:00,   57.14,   60.26,   51.57,   59.55,   62.48,   54.00
06/06/2013 18:15:00,   56.57,   59.28,   49.43,   60.29,   63.51,   53.59
06/06/2013 18:20:00,   57.50,   60.10,   51.86,   60.19,   63.10,   54.65
06/06/2013 18:25:00,   56.69,   59.42,   52.00,   59.62,   62.23,   55.01
06/06/2013 18:30:00,   55.38,   58.34,   50.18,   59.43,   62.01,   54.74
06/06/2013 18:35:00,   55.22,   58.33,   49.71,   59.51,   62.90,   54.28
06/06/2013 18:40:00,   54.16,   57.64,   48.37,   58.92,   62.59,   53.99
06/06/2013 18:45:00,   55.00,   57.86,   48.83,   60.18,   63.19,   54.51
06/06/2013 18:50:00,   56.01,   58.35,   51.68,   59.70,   61.76,   56.28
06/06/2013 18:55:00,   55.30,   58.26,   49.12,   58.88,   61.47,   54.12
06/06/2013 19:00:00,   55.73,   59.37,   49.70,   61.02,   64.97,   55.45
06/06/2013 19:05:00,   54.62,   57.87,   47.87,   59.82,   63.02,   53.78
06/06/2013 19:10:00,   55.28,   58.13,   49.96,   59.56,   62.92,   54.48
06/06/2013 19:15:00,   55.14,   58.44,   45.99,   58.68,   61.44,   50.45
06/06/2013 19:20:00,   56.10,   58.33,   51.20,   60.40,   62.53,   54.80
06/06/2013 19:25:00,   55.23,   58.93,   48.53,   59.08,   62.30,   53.36
06/06/2013 19:30:00,   54.67,   57.82,   49.91,   58.29,   61.03,   54.24
06/06/2013 19:35:00,   55.07,   58.35,   48.46,   59.22,   62.23,   53.63
06/06/2013 19:40:00,   56.67,   59.88,   50.50,   58.87,   61.43,   54.06
06/06/2013 19:45:00,   56.56,   59.72,   50.87,   58.84,   61.33,   54.38
06/06/2013 19:50:00,   56.55,   59.49,   51.22,   59.97,   63.04,   55.05
06/06/2013 19:55:00,   54.95,   58.38,   50.05,   58.86,   62.22,   54.41
06/06/2013 20:00:00,   56.25,   59.43,   51.08,   59.46,   62.33,   55.44
06/06/2013 20:05:00,   54.58,   57.96,   47.83,   57.72,   60.58,   52.51
06/06/2013 20:10:00,   57.28,   61.20,   49.31,   60.72,   62.95,   54.01
06/06/2013 20:15:00,   54.70,   58.08,   47.89,   58.81,   62.01,   53.61
06/06/2013 20:20:00,   54.31,   58.01,   46.53,   59.41,   62.91,   53.26
06/06/2013 20:25:00,   54.40,   57.39,   49.26,   58.75,   62.33,   53.96
06/06/2013 20:30:00,   54.66,   58.21,   46.92,   57.76,   60.56,   52.15
06/06/2013 20:35:00,   54.18,   58.19,   46.26,   58.20,   61.16,   52.46
06/06/2013 20:40:00,   55.45,   58.78,   49.01,   59.23,   62.12,   54.18
06/06/2013 20:45:00,   54.83,   58.48,   48.07,   58.16,   61.60,   52.31
06/06/2013 20:50:00,   56.13,   59.44,   47.66,   58.30,   61.35,   52.15
06/06/2013 20:55:00,   54.96,   58.68,   46.51,   58.06,   61.28,   50.85
06/06/2013 21:00:00,   54.11,   57.77,   47.13,   57.72,   60.61,   51.58
06/06/2013 21:05:00,   54.76,   58.60,   46.78,   58.88,   62.72,   51.59
06/06/2013 21:10:00,   55.38,   59.22,   48.75,   58.53,   61.66,   53.32
06/06/2013 21:15:00,   55.02,   58.57,   46.14,   58.77,   61.87,   50.76
06/06/2013 21:20:00,   56.14,   59.88,   46.62,   59.11,   62.04,   51.97
06/06/2013 21:25:00,   57.20,   60.19,   50.82,   59.27,   61.44,   55.38
06/06/2013 21:30:00,   55.47,   59.78,   46.91,   58.39,   61.93,   50.68
06/06/2013 21:35:00,   54.16,   57.99,   46.24,   57.44,   60.73,   50.87
06/06/2013 21:40:00,   54.67,   58.47,   47.51,   57.66,   60.20,   53.02
06/06/2013 21:45:00,   55.01,   58.69,   48.87,   59.93,   63.66,   53.51
06/06/2013 21:50:00,   54.96,   58.10,   49.19,   58.79,   61.90,   52.94
06/06/2013 21:55:00,   54.58,   58.85,   46.29,   59.14,   62.78,   51.17
06/06/2013 22:00:00,   54.13,   58.96,   45.64,   59.15,   63.35,   50.29
06/06/2013 22:05:00,   55.35,   59.07,   47.52,   59.08,   62.61,   52.62
06/06/2013 22:10:00,   54.14,   57.78,   47.03,   57.34,   60.35,   51.87
06/06/2013 22:15:00,   53.81,   58.35,   46.34,   57.34,   60.62,   51.58
06/06/2013 22:20:00,   54.99,   58.98,   47.81,   58.30,   61.52,   52.30
06/06/2013 22:25:00,   53.06,   57.60,   45.83,   56.21,   59.96,   49.91
06/06/2013 22:30:00,   53.54,   57.61,   45.37,   57.35,   60.79,   50.90
06/06/2013 22:35:00,   53.46,   57.72,   44.80,   56.71,   60.63,   49.86
06/06/2013 22:40:00,   53.50,   57.91,   45.70,   56.54,   60.60,   49.73
06/06/2013 22:45:00,   52.72,   58.06,   43.08,   55.88,   60.51,   47.08
06/06/2013 22:50:00,   52.49,   57.59,   44.10,   55.60,   60.18,   48.61
06/06/2013 22:55:00,   52.89,   58.09,   42.68,   56.10,   59.90,   47.13
06/06/2013 23:00:00,   50.51,   55.72,   41.57,   53.16,   57.25,   47.06
06/06/2013 23:05:00,   51.87,   56.67,   43.56,   55.13,   59.13,   47.80
06/06/2013 23:10:00,   51.33,   56.94,   43.57,   54.41,   58.61,   47.84
06/06/2013 23:15:00,   52.13,   57.45,   43.72,   55.45,   59.80,   49.11
06/06/2013 23:20:00,   49.29,   55.24,   41.19,   52.76,   57.35,   46.16
06/06/2013 23:25:00,   52.30,   57.70,   44.00,   55.94,   59.54,   48.70
06/06/2013 23:30:00,   50.90,   56.89,   40.94,   54.81,   60.34,   46.48
06/06/2013 23:35:00,   52.85,   58.90,   39.09,   55.68,   60.95,   44.83
06/06/2013 23:40:00,   51.78,   56.78,   42.13,   55.15,   60.03,   46.02
06/06/2013 23:45:00,   54.23,   60.61,   40.91,   57.51,   63.01,   45.73
06/06/2013 23:50:00,   52.41,   57.75,   40.51,   56.37,   60.91,   45.13
06/06/2013 23:56:00,   51.66,   56.51,   42.60,   54.53,   59.14,   47.76

