# noise_analysis run from DCC-NOISE-001003 at Wed Jan 16 00:00:00 2013
# Monitoring unit located at 53.342609N 6.340721W
# logfile   = /home/root/noise_analysis.log
# cfg_dir   = /home/root/config
# outputdir = /home/root/noise
# Sensitivity = -25.869366
# Gain = 1.000000
# Time should be in local format (i.e. daylight savings time)
# dd/mm/yyyy hh:mm:ss, A Leq,   A L10,   A L95,   C Leq,   C L10,   C L95
16/01/2013 00:05:00,   53.27,   57.87,   42.63,   56.12,   61.07,   46.48
16/01/2013 00:10:00,   53.77,   59.49,   42.68,   55.23,   60.68,   45.88
16/01/2013 00:15:00,   50.28,   56.76,   41.25,   52.31,   58.33,   44.52
16/01/2013 00:20:00,   51.73,   58.27,   41.70,   53.06,   58.74,   44.84
16/01/2013 00:25:00,   49.87,   58.21,   40.99,   52.08,   58.43,   44.72
16/01/2013 00:30:00,   49.67,   55.79,   41.40,   51.79,   56.97,   45.15
16/01/2013 00:35:00,   48.73,   56.04,   39.76,   51.57,   58.06,   43.94
16/01/2013 00:40:00,   51.74,   57.53,   42.24,   53.35,   58.60,   45.18
16/01/2013 00:45:00,   51.95,   58.88,   41.15,   53.39,   59.60,   44.50
16/01/2013 00:50:00,   48.64,   56.10,   40.48,   50.37,   56.94,   43.50
16/01/2013 00:55:00,   50.40,   57.51,   40.60,   52.10,   58.17,   43.88
16/01/2013 01:00:00,   51.64,   59.37,   40.21,   53.14,   59.97,   44.17
16/01/2013 01:05:00,   49.98,   55.90,   40.08,   52.28,   57.47,   44.36
16/01/2013 01:10:00,   49.29,   57.77,   39.09,   51.49,   58.68,   43.62
16/01/2013 01:15:00,   50.74,   58.97,   40.51,   52.95,   59.42,   44.62
16/01/2013 01:20:00,   45.68,   51.09,   38.35,   48.15,   53.11,   42.31
16/01/2013 01:25:00,   48.88,   57.47,   38.69,   50.71,   58.13,   42.07
16/01/2013 01:30:00,   49.75,   56.41,   40.03,   52.04,   57.74,   43.22
16/01/2013 01:35:00,   41.88,   44.99,   38.13,   44.78,   47.63,   41.87
16/01/2013 01:40:00,   40.83,   44.16,   37.09,   46.70,   52.45,   41.26
16/01/2013 01:45:00,   48.23,   55.76,   37.99,   50.37,   56.58,   41.93
16/01/2013 01:50:00,   46.03,   53.93,   37.28,   48.20,   54.60,   41.67
16/01/2013 01:55:00,   43.15,   51.00,   36.76,   45.73,   52.35,   40.54
16/01/2013 02:00:00,   46.50,   54.18,   38.46,   49.17,   56.21,   41.93
16/01/2013 02:05:00,   45.63,   52.56,   37.31,   51.09,   57.21,   41.21
16/01/2013 02:10:00,   47.68,   55.29,   37.62,   50.92,   57.33,   42.02
16/01/2013 02:15:00,   47.72,   55.36,   36.80,   51.83,   58.49,   40.75
16/01/2013 02:20:00,   42.98,   49.83,   35.88,   46.15,   52.62,   40.30
16/01/2013 02:25:00,   37.64,   39.77,   35.38,   43.57,   47.65,   39.49
16/01/2013 02:30:00,   46.85,   53.37,   36.48,   50.39,   56.96,   40.02
16/01/2013 02:35:00,   42.98,   46.24,   36.10,   49.63,   55.27,   39.87
16/01/2013 02:40:00,   53.26,   62.54,   37.07,   58.36,   68.27,   40.87
16/01/2013 02:45:00,   45.21,   54.18,   36.93,   49.07,   55.77,   41.13
16/01/2013 02:50:00,   43.98,   48.28,   37.11,   48.99,   53.16,   41.46
16/01/2013 02:55:00,   43.99,   51.06,   35.60,   48.49,   55.22,   39.45
16/01/2013 03:00:00,   43.99,   49.51,   35.96,   48.02,   53.87,   39.64
16/01/2013 03:05:00,   46.51,   54.89,   37.60,   49.38,   56.27,   42.84
16/01/2013 03:10:00,   41.71,   42.35,   36.97,   45.66,   47.45,   42.66
16/01/2013 03:15:00,   48.38,   56.18,   37.44,   50.79,   56.84,   42.88
16/01/2013 03:20:00,   44.41,   48.48,   37.29,   47.40,   51.41,   41.13
16/01/2013 03:25:00,   44.35,   50.54,   37.44,   48.08,   54.32,   41.31
16/01/2013 03:30:00,   42.74,   46.03,   37.13,   46.29,   50.47,   41.30
16/01/2013 03:35:00,   44.05,   50.91,   35.95,   46.13,   52.40,   39.84
16/01/2013 03:40:00,   43.75,   49.24,   36.47,   45.82,   50.87,   40.24
16/01/2013 03:45:00,   44.83,   51.49,   35.99,   47.14,   53.47,   40.26
16/01/2013 03:50:00,   46.31,   55.21,   36.16,   48.31,   56.41,   40.07
16/01/2013 03:55:00,   46.84,   53.56,   36.22,   48.45,   54.94,   39.74
16/01/2013 04:00:00,   46.78,   54.91,   36.39,   51.47,   59.21,   40.10
16/01/2013 04:05:00,   46.84,   54.52,   37.31,   52.67,   60.46,   41.38
16/01/2013 04:10:00,   43.62,   47.91,   37.26,   47.90,   54.27,   41.19
16/01/2013 04:15:00,   43.05,   47.00,   38.10,   47.52,   53.25,   42.08
16/01/2013 04:20:00,   46.72,   55.32,   37.52,   50.84,   57.95,   41.56
16/01/2013 04:25:00,   41.51,   45.15,   36.91,   46.34,   50.50,   41.12
16/01/2013 04:30:00,   39.69,   42.93,   36.19,   45.53,   49.60,   40.60
16/01/2013 04:35:00,   48.51,   57.71,   37.83,   54.00,   60.75,   42.54
16/01/2013 04:40:00,   48.29,   54.42,   38.51,   54.75,   62.03,   43.49
16/01/2013 04:45:00,   45.30,   51.74,   38.62,   49.64,   54.98,   42.61
16/01/2013 04:50:00,   41.81,   44.63,   38.03,   45.17,   47.59,   42.19
16/01/2013 04:55:00,   41.92,   43.16,   38.09,   45.35,   47.76,   42.39
16/01/2013 05:00:00,   43.86,   51.27,   38.28,   46.71,   52.29,   42.37
16/01/2013 05:05:00,   42.77,   45.35,   38.09,   45.87,   48.31,   42.15
16/01/2013 05:10:00,   44.70,   50.56,   38.64,   47.21,   52.72,   42.61
16/01/2013 05:15:00,   48.62,   55.46,   40.34,   50.77,   56.87,   44.07
16/01/2013 05:20:00,   47.96,   54.14,   40.06,   51.30,   57.01,   43.72
16/01/2013 05:25:00,   48.87,   55.71,   40.21,   51.35,   56.63,   44.44
16/01/2013 05:30:00,   49.61,   56.27,   40.95,   52.66,   58.70,   45.38
16/01/2013 05:35:00,   48.60,   55.59,   40.40,   52.96,   59.78,   44.86
16/01/2013 05:40:00,   51.44,   57.71,   41.56,   53.83,   59.26,   45.46
16/01/2013 05:45:00,   50.84,   56.77,   41.89,   53.68,   59.71,   45.15
16/01/2013 05:50:00,   48.94,   55.27,   40.37,   51.49,   57.13,   44.03
16/01/2013 05:55:00,   51.39,   57.38,   41.96,   53.37,   59.60,   45.71
16/01/2013 06:00:00,   50.00,   55.57,   42.21,   52.64,   57.33,   46.10
16/01/2013 06:05:00,   52.16,   57.82,   42.92,   54.57,   59.07,   46.65
16/01/2013 06:10:00,   50.53,   56.90,   42.63,   53.51,   58.99,   47.05
16/01/2013 06:15:00,   49.69,   56.48,   42.01,   53.14,   59.69,   45.91
16/01/2013 06:20:00,   51.45,   58.19,   42.68,   53.71,   59.86,   46.23
16/01/2013 06:25:00,   52.47,   57.54,   44.02,   55.28,   59.36,   47.91
16/01/2013 06:30:00,   50.50,   55.82,   42.91,   52.98,   58.27,   46.42
16/01/2013 06:35:00,   55.01,   58.92,   44.67,   58.02,   63.72,   48.83
16/01/2013 06:40:00,   54.88,   59.73,   46.66,   56.76,   61.15,   49.63
16/01/2013 06:45:00,   55.87,   60.65,   48.14,   58.06,   62.27,   52.16
16/01/2013 06:50:00,   52.90,   57.30,   47.00,   55.15,   58.88,   50.71
16/01/2013 06:55:00,   54.49,   58.96,   47.66,   57.21,   60.82,   51.26
16/01/2013 07:00:00,   55.24,   58.54,   49.90,   57.92,   61.34,   53.05
16/01/2013 07:05:00,   56.11,   60.57,   49.19,   58.43,   62.62,   53.03
16/01/2013 07:10:00,   54.86,   58.84,   48.93,   56.86,   60.44,   51.79
16/01/2013 07:15:00,   54.70,   59.23,   46.95,   58.00,   62.36,   50.61
16/01/2013 07:20:00,   55.33,   59.94,   46.10,   58.66,   62.82,   49.85
16/01/2013 07:25:00,   55.64,   59.39,   47.71,   59.22,   62.46,   52.09
16/01/2013 07:30:00,   57.33,   61.66,   49.86,   59.71,   63.55,   53.41
16/01/2013 07:35:00,   57.14,   60.69,   50.22,   59.93,   63.09,   53.96
16/01/2013 07:40:00,   55.38,   59.20,   48.30,   58.62,   61.57,   52.87
16/01/2013 07:45:00,   56.55,   61.62,   49.02,   58.99,   63.15,   53.25
16/01/2013 07:50:00,   57.85,   61.22,   50.45,   61.53,   64.94,   55.56
16/01/2013 07:55:00,   57.78,   61.67,   52.41,   60.69,   63.95,   56.08
16/01/2013 08:00:00,   57.30,   61.46,   50.61,   60.09,   64.04,   54.17
16/01/2013 08:05:00,   56.96,   61.58,   50.62,   59.82,   64.61,   54.67
16/01/2013 08:10:00,   57.45,   60.75,   51.74,   60.64,   62.97,   55.93
16/01/2013 08:15:00,   57.64,   61.29,   52.47,   61.12,   65.38,   55.76
16/01/2013 08:20:00,   57.37,   61.39,   50.43,   60.52,   64.09,   55.20
16/01/2013 08:25:00,   57.48,   61.38,   50.99,   62.07,   67.33,   55.13
16/01/2013 08:30:00,   57.84,   61.59,   51.92,   61.68,   65.24,   56.76
16/01/2013 08:35:00,   56.75,   60.12,   51.00,   60.96,   63.81,   56.00
16/01/2013 08:40:00,   56.25,   59.44,   51.41,   60.14,   62.72,   55.81
16/01/2013 08:45:00,   56.05,   59.36,   50.97,   60.68,   63.07,   56.11
16/01/2013 08:50:00,   57.94,   60.78,   52.78,   62.57,   66.17,   57.47
16/01/2013 08:55:00,   57.69,   60.94,   53.51,   62.36,   65.54,   58.34
16/01/2013 09:00:00,   57.67,   61.23,   52.83,   61.82,   65.31,   57.52
16/01/2013 09:05:00,   58.22,   60.82,   53.61,   61.56,   63.96,   57.98
16/01/2013 09:10:00,   57.46,   61.60,   50.98,   60.73,   63.63,   54.91
16/01/2013 09:15:00,   59.15,   62.26,   54.30,   63.11,   65.59,   59.46
16/01/2013 09:20:00,   57.05,   60.43,   52.15,   60.81,   63.44,   56.36
16/01/2013 09:25:00,   58.63,   62.43,   51.66,   61.80,   65.16,   56.30
16/01/2013 09:30:00,   57.40,   60.96,   52.12,   60.81,   64.05,   56.09
16/01/2013 09:35:00,   57.47,   61.40,   49.53,   60.55,   63.78,   54.71
16/01/2013 09:40:00,   57.77,   60.82,   52.85,   60.56,   63.43,   55.91
16/01/2013 09:45:00,   58.24,   61.56,   52.90,   61.24,   64.21,   55.97
16/01/2013 09:50:00,   58.57,   62.03,   51.38,   61.11,   64.12,   54.86
16/01/2013 09:55:00,   57.82,   61.63,   51.27,   60.59,   63.68,   54.98
16/01/2013 10:00:00,   58.63,   61.09,   54.23,   62.31,   65.48,   57.12
16/01/2013 10:05:00,   61.31,   64.16,   51.70,   63.56,   68.13,   55.88
16/01/2013 10:10:00,   58.00,   62.01,   49.53,   61.32,   65.91,   54.00
16/01/2013 10:15:00,   57.10,   60.57,   50.13,   59.71,   63.05,   53.18
16/01/2013 10:20:00,   57.29,   60.84,   51.34,   60.15,   63.17,   54.89
16/01/2013 10:25:00,   56.50,   59.91,   49.96,   59.21,   62.07,   54.14
16/01/2013 10:30:00,   57.05,   60.77,   49.89,   59.82,   62.87,   53.39
16/01/2013 10:35:00,   59.10,   63.09,   49.54,   61.04,   65.30,   54.37
16/01/2013 10:40:00,   64.19,   62.30,   50.31,   65.95,   66.85,   56.16
16/01/2013 10:45:00,   58.44,   61.56,   53.13,   61.45,   65.05,   56.72
16/01/2013 10:50:00,   56.56,   60.37,   50.03,   58.88,   62.09,   53.41
16/01/2013 10:55:00,   57.25,   60.76,   51.77,   60.26,   62.89,   56.19
16/01/2013 11:00:00,   57.06,   61.23,   49.75,   59.46,   62.59,   53.89
16/01/2013 11:05:00,   59.56,   62.03,   54.11,   61.39,   63.84,   56.70
16/01/2013 11:10:00,   58.27,   61.46,   53.19,   61.10,   64.00,   56.26
16/01/2013 11:15:00,   58.84,   61.74,   53.84,   61.31,   64.36,   56.78
16/01/2013 11:20:00,   58.48,   61.43,   52.84,   60.58,   63.16,   55.60
16/01/2013 11:25:00,   59.15,   62.69,   51.63,   61.42,   64.41,   55.00
16/01/2013 11:30:00,   64.44,   64.89,   53.28,   65.82,   67.08,   56.09
16/01/2013 11:36:00,   59.39,   63.14,   53.27,   62.82,   66.37,   56.70
16/01/2013 11:41:00,   58.63,   62.19,   51.83,   60.85,   64.48,   55.50
16/01/2013 11:46:00,   58.74,   62.20,   51.36,   61.15,   63.99,   54.77
16/01/2013 11:51:00,   60.41,   64.18,   54.01,   62.12,   65.03,   56.56
16/01/2013 11:56:00,   59.64,   62.68,   53.36,   61.47,   64.54,   56.27
16/01/2013 12:01:00,   61.13,   64.58,   53.67,   63.14,   66.74,   57.92
16/01/2013 12:06:00,   59.52,   63.21,   52.12,   61.32,   64.02,   55.96
16/01/2013 12:11:00,   62.00,   64.83,   54.46,   63.81,   66.99,   56.96
16/01/2013 12:16:00,   60.65,   64.22,   53.61,   62.93,   66.09,   57.56
16/01/2013 12:21:00,   61.08,   64.66,   52.89,   62.44,   65.32,   56.42
16/01/2013 12:26:00,   60.43,   64.76,   53.27,   63.25,   67.40,   56.30
16/01/2013 12:31:00,   60.69,   63.90,   54.79,   62.58,   65.67,   57.19
16/01/2013 12:36:00,   59.70,   63.67,   53.18,   61.31,   65.13,   55.21
16/01/2013 12:41:00,   60.71,   63.56,   56.48,   62.86,   65.51,   59.33
16/01/2013 12:46:00,   60.30,   63.46,   55.52,   62.53,   65.81,   57.64
16/01/2013 12:51:00,   60.81,   63.77,   54.77,   62.23,   64.96,   56.67
16/01/2013 12:56:00,   59.95,   64.11,   53.80,   61.88,   65.45,   56.62
16/01/2013 13:01:00,   63.78,   64.78,   55.53,   65.27,   66.43,   57.96
16/01/2013 13:06:00,   58.96,   61.70,   54.02,   60.80,   63.31,   57.08
16/01/2013 13:11:00,   60.32,   63.45,   54.08,   63.08,   66.29,   57.05
16/01/2013 13:16:00,   59.69,   63.01,   53.22,   62.96,   66.22,   57.78
16/01/2013 13:21:00,   59.58,   63.42,   52.03,   61.77,   65.02,   55.83
16/01/2013 13:26:00,   58.97,   62.51,   52.73,   61.76,   64.64,   57.05
16/01/2013 13:31:00,   60.32,   63.27,   55.84,   62.43,   65.40,   57.38
16/01/2013 13:36:00,   60.89,   64.15,   54.33,   62.73,   65.67,   57.67
16/01/2013 13:41:00,   60.69,   64.23,   53.84,   63.08,   66.14,   56.82
16/01/2013 13:46:00,   60.26,   63.39,   54.54,   62.75,   65.21,   57.87
16/01/2013 13:51:00,   60.81,   63.59,   54.67,   65.46,   69.75,   57.80
16/01/2013 13:56:00,   60.57,   64.05,   55.24,   63.82,   67.54,   59.32
16/01/2013 14:01:00,   60.09,   63.28,   51.76,   62.41,   65.47,   54.79
16/01/2013 14:06:00,   59.12,   62.56,   50.88,   61.48,   64.96,   55.20
16/01/2013 14:11:00,   58.55,   62.29,   52.89,   61.04,   63.76,   56.90
16/01/2013 14:16:00,   58.49,   62.59,   53.34,   62.39,   65.28,   58.56
16/01/2013 14:21:00,   60.61,   64.08,   54.02,   64.72,   68.03,   58.15
16/01/2013 14:26:00,   60.56,   63.55,   52.14,   63.33,   65.93,   57.77
16/01/2013 14:31:00,   59.02,   62.45,   52.88,   61.49,   64.29,   56.28
16/01/2013 14:36:00,   58.09,   62.09,   51.23,   61.00,   64.81,   54.65
16/01/2013 14:41:00,   60.45,   63.31,   55.33,   63.38,   66.51,   58.70
16/01/2013 14:46:00,   64.17,   64.01,   53.05,   65.53,   65.68,   56.43
16/01/2013 14:51:00,   59.36,   62.41,   55.04,   61.95,   64.52,   58.19
16/01/2013 14:56:00,   59.04,   62.13,   54.43,   61.91,   64.68,   57.46
16/01/2013 15:01:00,   59.85,   63.35,   53.70,   63.36,   67.18,   57.22
16/01/2013 15:06:00,   58.65,   62.33,   52.86,   62.64,   65.80,   56.38
16/01/2013 15:11:00,   59.60,   62.35,   53.86,   62.26,   64.55,   57.07
16/01/2013 15:16:00,   59.99,   63.15,   54.20,   63.19,   65.67,   59.06
16/01/2013 15:21:00,   59.31,   62.53,   53.34,   62.80,   66.05,   57.40
16/01/2013 15:26:00,   58.85,   61.81,   53.94,   61.13,   63.34,   57.43
16/01/2013 15:31:00,   59.18,   62.64,   52.34,   61.78,   65.01,   55.67
16/01/2013 15:36:00,   58.79,   62.33,   51.71,   61.72,   65.78,   55.16
16/01/2013 15:41:00,   59.29,   62.46,   53.40,   62.68,   65.65,   57.21
16/01/2013 15:46:00,   59.78,   62.78,   53.87,   63.59,   67.08,   58.10
16/01/2013 15:51:00,   58.98,   62.61,   52.87,   62.15,   65.07,   57.78
16/01/2013 15:56:00,   59.10,   61.86,   52.69,   62.04,   64.33,   57.30
16/01/2013 16:01:00,   59.65,   63.23,   52.74,   62.31,   65.86,   56.05
16/01/2013 16:06:00,   58.58,   62.03,   52.52,   61.63,   64.88,   56.31
16/01/2013 16:11:00,   58.74,   61.93,   52.01,   62.21,   65.60,   56.97
16/01/2013 16:16:00,   59.41,   62.95,   52.19,   62.53,   65.70,   57.95
16/01/2013 16:21:00,   59.08,   62.59,   52.76,   62.37,   65.42,   56.99
16/01/2013 16:26:00,   58.58,   62.36,   51.57,   62.29,   65.84,   57.00
16/01/2013 16:31:00,   59.00,   61.93,   53.32,   62.02,   65.10,   57.77
16/01/2013 16:36:00,   58.75,   62.23,   52.18,   61.45,   64.34,   55.96
16/01/2013 16:41:00,   58.49,   61.74,   50.52,   61.44,   63.96,   55.59
16/01/2013 16:46:00,   59.38,   62.40,   53.79,   61.94,   64.12,   57.59
16/01/2013 16:51:00,   60.33,   63.34,   53.03,   63.35,   66.12,   56.87
16/01/2013 16:56:00,   58.73,   62.48,   50.52,   61.42,   64.31,   55.52
16/01/2013 17:01:00,   58.93,   62.46,   53.13,   61.43,   64.11,   56.84
16/01/2013 17:06:00,   59.16,   62.62,   52.03,   62.05,   65.37,   56.15
16/01/2013 17:11:00,   60.93,   63.46,   51.56,   64.04,   66.50,   57.13
16/01/2013 17:16:00,   59.41,   62.66,   53.10,   62.04,   65.26,   57.50
16/01/2013 17:21:00,   60.44,   63.30,   53.94,   62.96,   64.89,   58.14
16/01/2013 17:26:00,   59.41,   63.16,   53.05,   61.58,   64.42,   55.90
16/01/2013 17:31:00,   59.16,   62.83,   52.09,   61.99,   65.77,   55.75
16/01/2013 17:36:00,   58.45,   61.52,   52.26,   62.16,   64.75,   56.98
16/01/2013 17:41:00,   59.74,   62.57,   52.21,   62.41,   64.82,   57.17
16/01/2013 17:46:00,   59.73,   62.04,   54.76,   62.26,   64.23,   58.05
16/01/2013 17:51:00,   58.90,   62.13,   53.74,   61.97,   64.01,   58.52
16/01/2013 17:56:00,   59.57,   62.93,   51.98,   61.95,   65.07,   55.53
16/01/2013 18:01:00,   60.25,   63.38,   54.37,   62.32,   64.53,   57.57
16/01/2013 18:06:00,   60.86,   63.28,   54.54,   63.36,   65.44,   57.35
16/01/2013 18:11:00,   59.84,   62.93,   54.31,   62.87,   65.47,   58.25
16/01/2013 18:16:00,   59.44,   62.91,   53.74,   62.30,   65.07,   57.73
16/01/2013 18:21:00,   59.67,   63.75,   50.21,   62.10,   65.82,   54.70
16/01/2013 18:26:00,   59.36,   63.16,   50.92,   62.21,   65.32,   54.77
16/01/2013 18:31:00,   58.89,   62.78,   51.65,   60.99,   64.63,   55.24
16/01/2013 18:36:00,   58.64,   62.41,   53.33,   60.86,   63.75,   56.27
16/01/2013 18:41:00,   60.81,   64.08,   54.66,   64.01,   67.33,   59.10
16/01/2013 18:46:00,   59.33,   62.78,   52.99,   61.66,   65.17,   56.47
16/01/2013 18:51:00,   58.56,   62.12,   51.70,   60.89,   64.24,   55.46
16/01/2013 18:56:00,   59.29,   62.84,   52.94,   62.38,   65.53,   56.45
16/01/2013 19:01:00,   60.11,   62.89,   54.60,   63.14,   66.90,   58.83
16/01/2013 19:06:00,   59.83,   62.86,   55.12,   62.86,   65.70,   58.20
16/01/2013 19:11:00,   59.00,   61.99,   53.09,   61.32,   64.14,   56.60
16/01/2013 19:16:00,   59.14,   62.49,   53.07,   61.37,   63.92,   56.60
16/01/2013 19:21:00,   59.81,   63.32,   53.76,   61.93,   64.91,   56.86
16/01/2013 19:26:00,   58.67,   62.37,   52.22,   61.03,   63.77,   55.72
16/01/2013 19:31:00,   58.71,   62.43,   52.54,   61.22,   64.29,   56.12
16/01/2013 19:36:00,   58.71,   62.32,   52.43,   61.63,   65.38,   55.91
16/01/2013 19:41:00,   58.07,   61.40,   52.71,   60.59,   63.17,   56.12
16/01/2013 19:46:00,   57.63,   61.94,   50.35,   60.80,   64.29,   54.24
16/01/2013 19:51:00,   58.39,   61.89,   53.23,   61.57,   64.51,   57.23
16/01/2013 19:56:00,   58.72,   61.89,   52.67,   60.79,   63.48,   55.94
16/01/2013 20:01:00,   57.56,   60.98,   51.55,   59.79,   62.91,   54.39
16/01/2013 20:06:00,   58.02,   61.15,   51.87,   60.10,   62.69,   54.64
16/01/2013 20:11:00,   59.13,   62.54,   53.47,   61.35,   64.08,   56.40
16/01/2013 20:16:00,   59.66,   63.02,   53.30,   61.98,   64.67,   56.30
16/01/2013 20:21:00,   58.26,   62.44,   52.40,   60.35,   63.54,   55.49
16/01/2013 20:26:00,   57.73,   61.24,   51.45,   59.73,   62.74,   54.61
16/01/2013 20:31:00,   58.43,   61.45,   51.29,   61.04,   64.29,   54.87
16/01/2013 20:36:00,   56.98,   62.38,   50.70,   59.16,   63.35,   54.05
16/01/2013 20:41:00,   58.10,   61.76,   51.61,   60.90,   64.14,   55.35
16/01/2013 20:46:00,   58.07,   62.15,   51.38,   60.27,   63.87,   53.78
16/01/2013 20:51:00,   58.33,   62.72,   48.97,   61.03,   64.79,   52.78
16/01/2013 20:56:00,   57.25,   61.40,   49.44,   60.80,   65.58,   52.38
16/01/2013 21:01:00,   57.05,   61.28,   50.82,   58.85,   62.44,   53.24
16/01/2013 21:06:00,   57.45,   61.26,   50.86,   59.88,   63.57,   53.81
16/01/2013 21:11:00,   56.98,   60.92,   51.39,   59.84,   62.91,   54.02
16/01/2013 21:16:00,   57.31,   60.63,   52.38,   59.97,   62.99,   55.66
16/01/2013 21:21:00,   56.99,   60.25,   50.59,   60.03,   63.56,   54.65
16/01/2013 21:26:00,   57.51,   61.53,   49.19,   60.26,   63.93,   52.55
16/01/2013 21:31:00,   56.57,   61.07,   49.32,   59.09,   63.24,   52.55
16/01/2013 21:36:00,   58.10,   62.49,   50.22,   60.92,   65.43,   53.18
16/01/2013 21:41:00,   56.55,   61.07,   49.13,   59.40,   64.12,   53.24
16/01/2013 21:46:00,   57.03,   60.52,   52.04,   60.32,   62.83,   55.00
16/01/2013 21:51:00,   56.45,   60.17,   49.52,   58.95,   62.55,   52.37
16/01/2013 21:56:00,   55.87,   60.58,   47.28,   58.32,   62.17,   51.00
16/01/2013 22:01:00,   55.10,   58.94,   48.19,   57.40,   60.69,   51.57
16/01/2013 22:06:00,   57.30,   61.75,   49.84,   59.44,   62.99,   53.44
16/01/2013 22:11:00,   56.73,   60.99,   50.84,   59.03,   62.89,   53.74
16/01/2013 22:16:00,   56.39,   60.46,   49.19,   58.55,   62.00,   52.63
16/01/2013 22:21:00,   56.32,   60.42,   49.61,   58.80,   62.47,   52.36
16/01/2013 22:26:00,   55.68,   60.40,   49.74,   58.45,   62.32,   52.68
16/01/2013 22:31:00,   55.37,   60.03,   48.42,   58.08,   61.27,   52.12
16/01/2013 22:36:00,   55.40,   60.13,   48.79,   58.37,   62.03,   52.73
16/01/2013 22:41:00,   53.65,   59.14,   46.96,   56.17,   61.27,   50.29
16/01/2013 22:46:00,   54.15,   59.49,   47.21,   56.28,   60.95,   50.41
16/01/2013 22:51:00,   56.31,   61.27,   48.17,   58.85,   63.07,   51.70
16/01/2013 22:56:00,   54.86,   60.47,   46.10,   57.19,   61.39,   49.88
16/01/2013 23:01:00,   54.79,   60.00,   45.25,   56.37,   60.96,   48.32
16/01/2013 23:06:00,   52.29,   57.53,   45.28,   54.59,   58.17,   48.09
16/01/2013 23:11:00,   55.59,   61.96,   44.95,   57.72,   63.47,   48.05
16/01/2013 23:16:00,   54.29,   59.18,   47.13,   56.44,   60.76,   50.38
16/01/2013 23:21:00,   54.70,   59.55,   46.22,   55.89,   60.00,   48.91
16/01/2013 23:26:00,   54.96,   60.99,   44.64,   58.81,   63.03,   48.03
16/01/2013 23:31:00,   53.52,   59.11,   45.28,   55.98,   61.43,   48.24
16/01/2013 23:36:00,   51.80,   57.55,   43.58,   54.68,   60.44,   46.38
16/01/2013 23:41:00,   53.54,   59.35,   43.90,   55.50,   60.70,   46.34
16/01/2013 23:46:00,   53.09,   58.61,   43.61,   54.47,   59.51,   46.32
16/01/2013 23:51:00,   54.52,   59.54,   44.04,   55.87,   60.47,   47.10
16/01/2013 23:56:00,   54.51,   59.43,   45.24,   57.47,   61.86,   48.40

