# noise_analysis run from DCC-NOISE-001003 at Fri Mar 29 00:00:00 2013
# Monitoring unit located at 53.342609N 6.340721W
# logfile   = /home/root/noise_analysis.log
# cfg_dir   = /home/root/config
# outputdir = /home/root/noise
# Sensitivity = -26.271103
# Gain = 1.000000
# Time should be in local format (i.e. daylight savings time)
# dd/mm/yyyy hh:mm:ss, A Leq,   A L10,   A L95,   C Leq,   C L10,   C L95
29/03/2013 00:05:00,   53.29,   58.44,   45.46,   56.02,   60.44,   48.86
29/03/2013 00:10:00,   54.58,   58.82,   46.19,   57.71,   61.10,   51.42
29/03/2013 00:15:00,   52.78,   58.10,   44.20,   55.96,   60.27,   48.13
29/03/2013 00:20:00,   53.95,   59.36,   44.51,   56.48,   61.20,   47.53
29/03/2013 00:25:00,   53.84,   58.95,   44.61,   56.49,   60.88,   48.76
29/03/2013 00:30:00,   53.15,   59.11,   44.11,   56.09,   61.06,   48.86
29/03/2013 00:35:00,   52.24,   56.82,   45.12,   55.93,   59.68,   48.72
29/03/2013 00:40:00,   54.34,   59.44,   45.48,   57.21,   61.55,   49.69
29/03/2013 00:45:00,   52.52,   57.97,   43.71,   55.34,   59.76,   48.26
29/03/2013 00:50:00,   52.73,   59.53,   42.00,   55.48,   61.82,   46.49
29/03/2013 00:55:00,   54.01,   59.83,   44.35,   56.72,   61.94,   48.62
29/03/2013 01:00:00,   52.81,   58.73,   44.82,   55.79,   60.51,   48.57
29/03/2013 01:05:00,   52.86,   58.33,   43.79,   55.52,   60.26,   48.33
29/03/2013 01:10:00,   52.61,   57.99,   43.57,   55.56,   60.18,   47.86
29/03/2013 01:15:00,   51.11,   57.48,   42.38,   53.66,   59.41,   46.15
29/03/2013 01:20:00,   51.51,   56.12,   44.49,   54.68,   58.86,   47.52
29/03/2013 01:25:00,   51.66,   57.17,   42.77,   54.33,   59.32,   46.55
29/03/2013 01:30:00,   50.87,   58.05,   41.47,   54.01,   59.80,   45.32
29/03/2013 01:35:00,   51.17,   57.68,   41.76,   53.48,   59.40,   46.49
29/03/2013 01:40:00,   51.24,   57.86,   42.94,   53.88,   59.64,   46.31
29/03/2013 01:45:00,   52.63,   58.29,   43.33,   55.75,   61.56,   46.96
29/03/2013 01:50:00,   50.03,   55.87,   40.80,   52.72,   57.74,   44.70
29/03/2013 01:55:00,   50.51,   56.61,   39.85,   52.50,   58.13,   43.94
29/03/2013 02:00:00,   50.99,   57.71,   39.86,   53.24,   58.93,   43.51
29/03/2013 02:05:00,   51.77,   58.05,   41.37,   53.69,   59.17,   44.84
29/03/2013 02:10:00,   51.48,   58.98,   39.94,   53.44,   60.13,   43.11
29/03/2013 02:15:00,   51.61,   60.01,   38.79,   53.43,   61.43,   42.45
29/03/2013 02:20:00,   49.50,   56.21,   37.41,   52.57,   59.00,   42.07
29/03/2013 02:25:00,   48.65,   55.31,   37.09,   51.21,   57.08,   41.04
29/03/2013 02:30:00,   50.23,   57.78,   39.71,   53.07,   58.96,   43.64
29/03/2013 02:35:00,   44.10,   49.91,   37.02,   47.05,   52.26,   41.14
29/03/2013 02:40:00,   48.86,   56.46,   38.77,   51.78,   58.02,   43.35
29/03/2013 02:45:00,   42.85,   45.77,   37.66,   47.41,   50.56,   42.41
29/03/2013 02:50:00,   50.45,   57.23,   40.17,   52.48,   59.04,   44.27
29/03/2013 02:55:00,   49.36,   57.24,   37.76,   52.03,   59.42,   42.96
29/03/2013 03:00:00,   44.39,   49.62,   38.31,   49.09,   52.56,   44.07
29/03/2013 03:05:00,   46.36,   52.00,   38.01,   50.55,   55.86,   44.58
29/03/2013 03:10:00,   46.77,   53.98,   38.34,   50.45,   55.86,   44.36
29/03/2013 03:15:00,   42.07,   45.11,   37.21,   47.43,   50.20,   43.58
29/03/2013 03:20:00,   45.47,   52.44,   38.06,   48.61,   53.96,   43.30
29/03/2013 03:25:00,   46.34,   53.45,   37.13,   49.72,   56.41,   41.52
29/03/2013 03:30:00,   45.97,   52.95,   37.53,   49.49,   56.15,   42.20
29/03/2013 03:35:00,   43.76,   48.21,   35.73,   47.07,   51.98,   40.77
29/03/2013 03:40:00,   51.11,   58.69,   36.53,   52.90,   59.70,   41.42
29/03/2013 03:45:00,   48.66,   55.45,   37.95,   51.39,   57.35,   42.37
29/03/2013 03:50:00,   48.01,   55.03,   37.17,   50.51,   56.91,   41.91
29/03/2013 03:55:00,   47.62,   54.46,   37.19,   51.68,   58.56,   42.23
29/03/2013 04:00:00,   47.60,   55.33,   38.34,   51.31,   57.95,   42.66
29/03/2013 04:05:00,   44.14,   49.74,   36.90,   48.97,   54.95,   42.00
29/03/2013 04:10:00,   48.44,   57.14,   38.09,   51.25,   59.47,   41.98
29/03/2013 04:15:00,   44.95,   52.55,   36.82,   47.89,   54.92,   41.83
29/03/2013 04:20:00,   48.06,   55.79,   38.60,   50.88,   57.65,   42.57
29/03/2013 04:25:00,   45.54,   52.10,   37.64,   49.00,   55.25,   42.27
29/03/2013 04:30:00,   44.25,   49.13,   37.67,   49.49,   55.78,   42.57
29/03/2013 04:35:00,   43.12,   47.69,   37.06,   46.85,   50.29,   41.73
29/03/2013 04:40:00,   45.65,   52.74,   37.44,   49.07,   55.53,   42.03
29/03/2013 04:45:00,   48.35,   54.44,   39.28,   50.23,   55.90,   43.26
29/03/2013 04:50:00,   47.65,   54.27,   39.92,   50.18,   56.40,   44.12
29/03/2013 04:55:00,   45.31,   49.68,   37.50,   47.66,   51.78,   41.37
29/03/2013 05:00:00,   41.71,   43.21,   37.42,   45.85,   49.54,   41.60
29/03/2013 05:05:00,   47.79,   55.71,   38.38,   50.13,   56.94,   42.16
29/03/2013 05:10:00,   45.50,   49.50,   38.60,   48.11,   51.42,   43.05
29/03/2013 05:15:00,   43.72,   47.78,   39.64,   47.42,   51.30,   43.67
29/03/2013 05:20:00,   47.54,   53.98,   40.18,   50.45,   56.33,   44.07
29/03/2013 05:25:00,   49.92,   56.13,   41.68,   53.34,   59.00,   44.55
29/03/2013 05:30:00,   48.07,   53.53,   42.03,   51.90,   56.67,   46.15
29/03/2013 05:35:00,   49.29,   54.56,   40.92,   53.02,   57.93,   45.39
29/03/2013 05:40:00,   51.20,   56.00,   42.89,   53.91,   58.97,   46.41
29/03/2013 05:45:00,   50.53,   57.23,   41.55,   52.52,   59.08,   45.71
29/03/2013 05:50:00,   51.67,   58.09,   42.21,   54.22,   60.46,   45.94
29/03/2013 05:55:00,   50.58,   56.52,   42.78,   52.96,   58.10,   46.54
29/03/2013 06:00:00,   49.28,   54.96,   40.99,   53.01,   58.68,   45.46
29/03/2013 06:05:00,   51.20,   57.37,   42.24,   53.39,   59.01,   46.93
29/03/2013 06:10:00,   51.15,   57.88,   43.31,   53.88,   59.70,   46.84
29/03/2013 06:15:00,   53.44,   58.84,   42.82,   56.84,   62.18,   46.80
29/03/2013 06:20:00,   53.65,   58.74,   44.95,   57.23,   61.19,   49.62
29/03/2013 06:25:00,   54.02,   59.24,   44.95,   57.20,   62.20,   48.46
29/03/2013 06:30:00,   51.97,   57.95,   43.22,   55.12,   60.77,   47.67
29/03/2013 06:35:00,   54.77,   59.79,   46.67,   58.63,   64.25,   50.81
29/03/2013 06:40:00,   52.34,   56.69,   45.51,   54.57,   59.26,   48.25
29/03/2013 06:45:00,   55.24,   59.04,   47.62,   57.60,   61.91,   50.51
29/03/2013 06:50:00,   54.40,   59.45,   47.00,   56.29,   60.85,   49.33
29/03/2013 06:55:00,   52.14,   56.38,   44.49,   56.13,   59.87,   48.34
29/03/2013 07:00:00,   56.06,   61.35,   47.25,   59.68,   64.51,   51.29
29/03/2013 07:05:00,   54.36,   59.00,   47.47,   57.38,   62.26,   50.55
29/03/2013 07:10:00,   60.29,   63.49,   50.65,   62.60,   67.76,   52.38
29/03/2013 07:15:00,   57.67,   61.28,   49.66,   60.37,   64.11,   51.78
29/03/2013 07:20:00,   54.43,   59.52,   47.66,   56.64,   61.01,   50.18
29/03/2013 07:25:00,   56.60,   60.87,   50.14,   60.02,   64.62,   52.29
29/03/2013 07:30:00,   55.10,   59.96,   48.78,   58.28,   62.51,   53.03
29/03/2013 07:35:00,   56.34,   59.96,   50.03,   59.82,   63.80,   52.44
29/03/2013 07:40:00,   55.50,   59.21,   48.33,   58.47,   61.48,   52.02
29/03/2013 07:45:00,   55.39,   59.68,   47.83,   59.50,   63.71,   52.80
29/03/2013 07:50:00,   57.05,   61.36,   48.67,   61.82,   66.87,   52.39
29/03/2013 07:55:00,   57.85,   61.83,   51.21,   61.16,   65.47,   54.77
29/03/2013 08:00:00,   55.11,   58.77,   49.76,   58.71,   61.70,   53.14
29/03/2013 08:05:00,   56.73,   60.15,   51.59,   60.01,   63.85,   54.26
29/03/2013 08:10:00,   56.12,   59.93,   48.37,   59.06,   63.31,   51.45
29/03/2013 08:15:00,   55.86,   60.33,   49.09,   58.47,   62.50,   52.48
29/03/2013 08:20:00,   56.67,   61.15,   48.33,   59.23,   63.24,   52.75
29/03/2013 08:25:00,   57.33,   60.97,   50.82,   60.20,   64.14,   54.50
29/03/2013 08:30:00,   56.47,   60.47,   48.81,   60.26,   63.77,   53.54
29/03/2013 08:35:00,   57.30,   60.74,   49.83,   60.12,   63.39,   53.26
29/03/2013 08:40:00,   56.90,   60.54,   50.64,   59.80,   63.13,   54.39
29/03/2013 08:45:00,   57.51,   61.82,   48.20,   60.46,   64.96,   51.57
29/03/2013 08:50:00,   58.23,   64.06,   49.21,   61.06,   66.05,   53.82
29/03/2013 08:55:00,   57.23,   61.06,   49.47,   60.10,   63.35,   53.29
29/03/2013 09:00:00,   56.73,   60.38,   50.03,   59.87,   63.30,   54.17
29/03/2013 09:05:00,   56.77,   60.28,   49.81,   59.21,   62.75,   53.93
29/03/2013 09:10:00,   56.74,   60.30,   51.58,   59.46,   62.59,   55.14
29/03/2013 09:15:00,   55.86,   59.97,   48.21,   59.96,   63.44,   52.40
29/03/2013 09:20:00,   56.86,   60.34,   51.17,   60.53,   63.68,   55.53
29/03/2013 09:25:00,   56.99,   60.64,   51.89,   59.64,   62.76,   54.48
29/03/2013 09:30:00,   55.76,   60.01,   48.93,   58.54,   62.75,   52.18
29/03/2013 09:35:00,   60.21,   64.36,   53.37,   62.07,   65.43,   55.65
29/03/2013 09:40:00,   61.94,   64.82,   53.41,   63.70,   66.65,   55.97
29/03/2013 09:45:00,   59.10,   62.07,   54.24,   60.99,   64.23,   55.41
29/03/2013 09:50:00,   58.69,   61.43,   53.69,   60.34,   63.20,   55.78
29/03/2013 09:55:00,   61.14,   64.98,   50.01,   63.58,   66.60,   56.12
29/03/2013 10:00:00,   62.06,   68.32,   52.86,   63.73,   67.97,   57.27
29/03/2013 10:05:00,   62.98,   69.58,   52.81,   63.31,   68.66,   55.06
29/03/2013 10:10:00,   64.81,   68.22,   56.01,   64.53,   67.32,   59.27
29/03/2013 10:15:00,   60.17,   64.42,   53.76,   62.46,   65.44,   58.44
29/03/2013 10:20:00,   57.00,   60.76,   50.45,   59.95,   63.54,   53.06
29/03/2013 10:25:00,   57.27,   60.48,   51.70,   60.50,   63.30,   56.21
29/03/2013 10:30:00,   65.40,   70.72,   53.16,   65.36,   69.58,   58.33
29/03/2013 10:35:00,   63.68,   67.81,   55.06,   63.89,   67.51,   56.32
29/03/2013 10:40:00,   60.71,   64.75,   51.43,   63.08,   66.49,   56.08
29/03/2013 10:45:00,   57.84,   60.83,   52.60,   61.16,   64.04,   56.17
29/03/2013 10:50:00,   59.26,   61.94,   52.48,   62.22,   65.75,   56.17
29/03/2013 10:55:00,   57.99,   61.50,   52.31,   61.35,   64.66,   55.97
29/03/2013 11:00:00,   58.92,   61.60,   53.90,   61.18,   63.94,   56.59
29/03/2013 11:05:00,   56.78,   60.60,   51.48,   61.52,   65.44,   56.33
29/03/2013 11:10:00,   57.33,   61.18,   49.88,   61.74,   64.44,   54.33
29/03/2013 11:15:00,   57.84,   60.93,   52.40,   60.62,   63.79,   54.64
29/03/2013 11:20:00,   59.21,   62.94,   52.72,   61.17,   65.03,   56.22
29/03/2013 11:25:00,   61.44,   64.06,   57.39,   62.34,   64.71,   58.58
29/03/2013 11:30:00,   60.98,   63.17,   57.37,   62.97,   65.53,   59.30
29/03/2013 11:35:00,   60.25,   63.47,   55.00,   62.68,   65.63,   57.25
29/03/2013 11:40:00,   60.21,   63.38,   54.22,   63.12,   66.09,   57.65
29/03/2013 11:45:00,   58.92,   62.23,   53.05,   61.81,   64.61,   57.22
29/03/2013 11:50:00,   58.97,   61.71,   54.06,   61.44,   63.98,   56.73
29/03/2013 11:55:00,   57.41,   60.20,   53.45,   61.32,   63.86,   57.35
29/03/2013 12:00:00,   58.38,   61.12,   53.04,   61.34,   64.24,   55.49
29/03/2013 12:05:00,   57.43,   60.08,   52.32,   60.65,   63.46,   56.26
29/03/2013 12:10:00,   57.28,   60.20,   52.35,   60.23,   62.77,   55.06
29/03/2013 12:15:00,   57.34,   60.50,   51.86,   61.92,   65.11,   56.18
29/03/2013 12:20:00,   58.06,   60.75,   52.54,   61.50,   64.44,   56.65
29/03/2013 12:25:00,   59.86,   62.11,   55.84,   62.18,   64.82,   57.44
29/03/2013 12:30:00,   60.20,   62.64,   55.76,   62.91,   66.43,   58.25
29/03/2013 12:35:00,   58.30,   61.11,   53.57,   60.91,   63.47,   56.53
29/03/2013 12:40:00,   59.42,   61.87,   55.48,   62.67,   65.02,   58.43
29/03/2013 12:45:00,   61.05,   63.79,   56.54,   62.59,   65.23,   58.91
29/03/2013 12:50:00,   61.64,   64.53,   54.54,   63.31,   65.62,   58.94
29/03/2013 12:55:00,   60.92,   63.73,   55.65,   62.81,   65.77,   58.66
29/03/2013 13:00:00,   58.26,   61.33,   51.18,   60.54,   63.51,   54.57
29/03/2013 13:05:00,   57.59,   60.53,   50.35,   61.80,   64.70,   55.36
29/03/2013 13:10:00,   56.92,   60.13,   51.31,   61.31,   64.38,   56.22
29/03/2013 13:15:00,   57.93,   61.58,   51.94,   62.41,   67.02,   56.59
29/03/2013 13:20:00,   58.58,   61.09,   53.32,   61.82,   65.80,   56.22
29/03/2013 13:25:00,   58.31,   62.41,   51.38,   60.98,   63.75,   55.71
29/03/2013 13:30:00,   60.29,   63.68,   54.04,   62.03,   65.21,   57.30
29/03/2013 13:35:00,   58.57,   61.46,   53.72,   61.08,   63.74,   56.72
29/03/2013 13:40:00,   59.03,   62.12,   53.11,   61.86,   64.88,   56.19
29/03/2013 13:45:00,   57.95,   61.25,   52.53,   61.74,   65.38,   56.40
29/03/2013 13:50:00,   57.72,   60.80,   52.21,   61.09,   64.05,   55.68
29/03/2013 13:55:00,   59.29,   61.48,   55.41,   62.64,   65.00,   58.74
29/03/2013 14:00:00,   58.66,   61.30,   53.76,   61.21,   63.71,   56.23
29/03/2013 14:05:00,   58.37,   61.63,   49.57,   61.23,   64.66,   53.99
29/03/2013 14:10:00,   61.48,   64.73,   56.47,   63.54,   66.24,   58.24
29/03/2013 14:15:00,   60.19,   62.63,   56.21,   62.42,   64.83,   58.72
29/03/2013 14:20:00,   58.92,   62.18,   52.90,   62.02,   64.28,   56.03
29/03/2013 14:25:00,   57.90,   60.96,   52.60,   60.95,   63.34,   55.91
29/03/2013 14:30:00,   58.64,   61.46,   52.67,   62.06,   64.62,   56.81
29/03/2013 14:35:00,   58.08,   60.95,   53.13,   61.23,   63.19,   57.09
29/03/2013 14:40:00,   60.39,   62.40,   56.60,   62.75,   64.89,   58.94
29/03/2013 14:45:00,   59.99,   62.31,   56.33,   62.76,   65.45,   57.87
29/03/2013 14:50:00,   59.34,   61.94,   54.28,   62.35,   64.69,   57.75
29/03/2013 14:55:00,   57.21,   59.71,   52.75,   61.61,   64.08,   56.77
29/03/2013 15:00:00,   57.76,   60.37,   52.22,   61.54,   63.77,   56.34
29/03/2013 15:05:00,   59.36,   62.18,   50.83,   62.33,   64.30,   56.36
29/03/2013 15:10:00,   60.97,   63.11,   55.30,   63.02,   65.46,   59.51
29/03/2013 15:15:00,   61.92,   63.38,   58.35,   63.15,   65.51,   60.02
29/03/2013 15:20:00,   63.46,   64.95,   59.93,   64.14,   66.51,   60.57
29/03/2013 15:25:00,   63.18,   64.58,   60.02,   63.44,   65.42,   59.94
29/03/2013 15:30:00,   63.02,   64.77,   59.95,   64.17,   67.23,   60.25
29/03/2013 15:35:00,   60.84,   62.76,   58.14,   62.44,   64.49,   59.69
29/03/2013 15:40:00,   62.00,   64.13,   57.84,   62.78,   65.36,   58.01
29/03/2013 15:45:00,   61.56,   63.51,   58.38,   64.17,   67.02,   59.21
29/03/2013 15:50:00,   62.42,   64.09,   59.83,   63.17,   65.28,   60.01
29/03/2013 15:55:00,   60.83,   62.87,   57.28,   63.60,   66.54,   58.85
29/03/2013 16:00:00,   61.13,   62.24,   51.70,   63.25,   65.56,   54.74
29/03/2013 16:05:00,   60.63,   63.58,   53.48,   63.23,   65.96,   58.19
29/03/2013 16:10:00,   63.65,   65.18,   60.40,   64.17,   65.73,   60.61
29/03/2013 16:15:00,   59.13,   62.93,   51.93,   62.19,   65.44,   56.33
29/03/2013 16:20:00,   56.97,   59.96,   50.64,   60.87,   63.83,   55.89
29/03/2013 16:25:00,   56.20,   59.66,   51.15,   60.48,   63.45,   55.89
29/03/2013 16:30:00,   56.28,   60.11,   50.77,   61.12,   64.66,   55.18
29/03/2013 16:35:00,   56.11,   59.95,   49.76,   60.51,   63.88,   53.64
29/03/2013 16:40:00,   56.82,   60.16,   50.31,   62.93,   65.52,   56.20
29/03/2013 16:45:00,   57.91,   61.04,   50.40,   62.13,   65.91,   54.79
29/03/2013 16:50:00,   58.15,   61.75,   50.85,   61.63,   65.13,   55.30
29/03/2013 16:55:00,   57.50,   60.71,   52.07,   61.30,   64.27,   56.94
29/03/2013 17:00:00,   58.11,   60.40,   53.72,   61.17,   63.54,   57.65
29/03/2013 17:05:00,   57.21,   60.02,   51.84,   60.98,   63.83,   56.01
29/03/2013 17:10:00,   57.79,   60.63,   52.48,   61.14,   63.73,   56.13
29/03/2013 17:15:00,   57.99,   61.15,   51.20,   62.12,   65.81,   56.13
29/03/2013 17:20:00,   56.26,   59.75,   50.27,   60.05,   62.70,   55.16
29/03/2013 17:25:00,   58.07,   60.90,   52.99,   61.56,   64.09,   56.68
29/03/2013 17:30:00,   57.54,   60.57,   52.60,   62.38,   65.62,   56.70
29/03/2013 17:35:00,   56.86,   60.52,   50.42,   61.16,   64.31,   55.13
29/03/2013 17:40:00,   57.00,   60.68,   51.43,   62.21,   66.51,   56.50
29/03/2013 17:45:00,   57.47,   60.58,   50.67,   61.48,   64.75,   56.36
29/03/2013 17:50:00,   58.48,   60.68,   51.61,   64.21,   67.54,   56.70
29/03/2013 17:55:00,   57.98,   60.70,   51.89,   62.40,   64.69,   57.85
29/03/2013 18:00:00,   56.05,   60.26,   48.77,   60.11,   63.42,   53.74
29/03/2013 18:05:00,   56.83,   60.02,   50.41,   60.28,   63.41,   54.76
29/03/2013 18:10:00,   58.70,   61.25,   51.45,   61.59,   64.64,   56.09
29/03/2013 18:15:00,   58.02,   61.63,   53.05,   62.09,   65.19,   56.97
29/03/2013 18:20:00,   57.34,   60.19,   51.62,   60.81,   63.52,   55.46
29/03/2013 18:25:00,   56.89,   59.78,   52.69,   60.51,   62.97,   56.74
29/03/2013 18:30:00,   56.60,   60.67,   50.10,   60.84,   64.29,   54.35
29/03/2013 18:35:00,   56.70,   59.88,   51.27,   61.22,   64.56,   55.63
29/03/2013 18:40:00,   57.09,   60.21,   51.16,   60.87,   63.55,   55.54
29/03/2013 18:45:00,   56.46,   60.52,   50.94,   60.03,   62.99,   54.42
29/03/2013 18:50:00,   56.60,   60.38,   49.49,   59.55,   62.94,   53.93
29/03/2013 18:55:00,   58.01,   61.72,   50.15,   60.99,   63.88,   52.79
29/03/2013 19:00:00,   56.37,   60.61,   50.32,   60.33,   64.25,   55.03
29/03/2013 19:05:00,   56.42,   60.40,   49.31,   60.02,   63.57,   53.49
29/03/2013 19:10:00,   57.12,   60.04,   51.51,   61.41,   65.76,   55.69
29/03/2013 19:15:00,   57.78,   61.19,   51.38,   62.04,   65.33,   55.45
29/03/2013 19:20:00,   58.53,   61.72,   53.16,   62.05,   64.58,   57.05
29/03/2013 19:25:00,   56.53,   59.54,   51.22,   59.46,   62.19,   54.80
29/03/2013 19:30:00,   55.65,   59.71,   49.33,   60.38,   63.37,   54.65
29/03/2013 19:35:00,   56.15,   59.89,   49.92,   60.43,   64.27,   54.42
29/03/2013 19:40:00,   56.28,   59.61,   49.83,   59.22,   62.15,   53.55
29/03/2013 19:45:00,   57.28,   60.69,   49.85,   61.76,   65.95,   55.45
29/03/2013 19:50:00,   55.39,   60.05,   48.86,   58.58,   62.65,   52.07
29/03/2013 19:55:00,   56.00,   59.45,   48.33,   60.44,   63.32,   52.91
29/03/2013 20:00:00,   56.11,   59.75,   47.99,   59.25,   62.81,   51.82
29/03/2013 20:05:00,   55.49,   59.82,   48.73,   58.84,   62.55,   53.58
29/03/2013 20:10:00,   55.32,   58.99,   48.43,   58.32,   61.45,   52.62
29/03/2013 20:15:00,   56.14,   59.78,   50.01,   59.38,   62.24,   54.88
29/03/2013 20:20:00,   56.35,   59.79,   50.34,   60.30,   63.37,   54.39
29/03/2013 20:25:00,   56.33,   60.39,   48.81,   59.66,   62.93,   52.39
29/03/2013 20:30:00,   55.84,   59.55,   48.15,   59.31,   63.34,   52.11
29/03/2013 20:35:00,   55.35,   59.06,   49.74,   59.02,   62.42,   54.72
29/03/2013 20:40:00,   54.43,   58.41,   48.55,   57.78,   61.62,   52.93
29/03/2013 20:45:00,   55.40,   59.82,   48.14,   58.64,   62.40,   52.57
29/03/2013 20:50:00,   55.43,   59.43,   48.23,   58.63,   62.06,   52.51
29/03/2013 20:55:00,   55.00,   59.34,   47.93,   58.17,   61.73,   52.47
29/03/2013 21:00:00,   55.52,   59.66,   48.18,   58.33,   61.56,   51.93
29/03/2013 21:05:00,   55.76,   59.83,   47.06,   58.80,   62.52,   52.19
29/03/2013 21:10:00,   54.57,   59.03,   47.84,   57.58,   61.63,   51.99
29/03/2013 21:15:00,   55.82,   60.19,   46.82,   58.18,   61.56,   50.63
29/03/2013 21:20:00,   56.84,   59.67,   48.50,   59.73,   62.65,   53.95
29/03/2013 21:25:00,   55.55,   59.23,   48.24,   58.33,   61.88,   51.60
29/03/2013 21:30:00,   54.55,   59.65,   45.64,   57.23,   61.46,   50.01
29/03/2013 21:35:00,   53.78,   57.66,   46.31,   57.99,   61.80,   50.11
29/03/2013 21:40:00,   54.59,   59.73,   45.57,   57.05,   61.17,   50.04
29/03/2013 21:45:00,   53.95,   59.10,   44.38,   58.92,   63.80,   49.49
29/03/2013 21:50:00,   54.57,   58.87,   46.29,   57.78,   61.83,   50.54
29/03/2013 21:55:00,   53.82,   58.44,   44.64,   57.11,   61.43,   48.27
29/03/2013 22:00:00,   54.13,   58.95,   45.44,   57.09,   60.89,   49.17
29/03/2013 22:05:00,   53.25,   58.92,   43.82,   57.38,   62.45,   48.45
29/03/2013 22:10:00,   54.19,   58.20,   46.00,   57.83,   61.40,   50.37
29/03/2013 22:15:00,   54.73,   59.16,   46.44,   58.53,   62.78,   50.23
29/03/2013 22:20:00,   54.98,   60.23,   44.11,   59.14,   63.82,   49.39
29/03/2013 22:25:00,   55.08,   59.42,   46.73,   57.91,   61.43,   50.69
29/03/2013 22:30:00,   54.34,   58.43,   45.99,   59.05,   62.15,   50.88
29/03/2013 22:35:00,   54.19,   58.49,   45.14,   58.38,   62.34,   51.15
29/03/2013 22:40:00,   53.42,   58.76,   44.84,   56.90,   61.99,   48.19
29/03/2013 22:45:00,   53.31,   58.57,   44.73,   55.97,   60.44,   48.32
29/03/2013 22:50:00,   53.39,   58.72,   43.92,   56.45,   60.88,   48.80
29/03/2013 22:55:00,   54.65,   58.85,   45.38,   58.73,   63.14,   50.73
29/03/2013 23:00:00,   53.48,   57.82,   42.92,   55.68,   59.84,   46.83
29/03/2013 23:05:00,   55.19,   60.35,   43.15,   59.71,   63.54,   47.46
29/03/2013 23:10:00,   54.54,   59.19,   44.35,   57.88,   62.34,   47.63
29/03/2013 23:15:00,   55.47,   59.89,   45.96,   58.45,   61.94,   50.18
29/03/2013 23:20:00,   54.25,   59.72,   44.33,   57.14,   61.58,   48.55
29/03/2013 23:25:00,   51.83,   56.84,   42.85,   55.48,   60.29,   46.72
29/03/2013 23:30:00,   52.37,   58.06,   40.19,   55.14,   59.75,   44.05
29/03/2013 23:35:00,   53.19,   58.65,   41.63,   56.23,   60.72,   46.99
29/03/2013 23:40:00,   51.82,   57.56,   41.46,   54.51,   59.59,   44.42
29/03/2013 23:45:00,   51.10,   55.69,   43.80,   54.67,   58.52,   47.55
29/03/2013 23:50:00,   53.80,   58.89,   44.89,   57.19,   61.60,   48.80
29/03/2013 23:56:00,   51.56,   58.03,   40.38,   53.94,   59.39,   44.68
