# noise_analysis run from DCC-NOISE-001014 at Mon Jan 28 00:00:00 2013
# Monitoring unit located at 53.278938N 6.315392W
# logfile   = /home/root/noise_analysis.log
# cfg_dir   = /home/root/config
# outputdir = /home/root/noise
# Sensitivity = -26.577707
# Gain = 1.000000
# Time should be in local format (i.e. daylight savings time)
# dd/mm/yyyy hh:mm:ss, A Leq,   A L10,   A L95,   C Leq,   C L10,   C L95
28/01/2013 00:05:00,   54.99,   59.24,   49.44,   61.22,   65.08,   53.87
28/01/2013 00:10:00,   57.38,   61.58,   50.50,   61.81,   66.85,   54.03
28/01/2013 00:15:00,   56.08,   59.78,   49.54,   58.54,   61.92,   53.45
28/01/2013 00:20:00,   56.60,   60.40,   49.95,   59.77,   62.90,   54.32
28/01/2013 00:25:00,   56.99,   61.16,   50.53,   60.86,   64.13,   54.07
28/01/2013 00:30:00,   56.51,   61.00,   48.46,   61.95,   66.54,   53.08
28/01/2013 00:35:00,   56.88,   61.27,   47.90,   60.19,   64.14,   52.86
28/01/2013 00:40:00,   55.83,   60.39,   48.92,   59.93,   63.90,   52.82
28/01/2013 00:45:00,   54.18,   59.30,   47.22,   58.03,   62.47,   51.50
28/01/2013 00:50:00,   54.23,   59.25,   48.69,   58.22,   61.77,   53.10
28/01/2013 00:55:00,   56.92,   61.38,   49.83,   60.81,   64.73,   54.35
28/01/2013 01:00:00,   55.80,   60.86,   46.13,   60.50,   64.43,   50.78
28/01/2013 01:05:00,   57.22,   61.43,   46.34,   60.38,   64.53,   51.33
28/01/2013 01:10:00,   56.25,   61.12,   49.04,   58.45,   62.45,   52.08
28/01/2013 01:15:00,   53.93,   59.48,   47.64,   58.60,   62.30,   51.98
28/01/2013 01:20:00,   54.43,   59.75,   45.44,   57.88,   62.02,   50.78
28/01/2013 01:25:00,   54.06,   59.78,   43.79,   57.63,   62.50,   49.33
28/01/2013 01:30:00,   53.90,   59.71,   46.85,   57.03,   62.14,   50.54
28/01/2013 01:35:00,   53.90,   59.58,   45.94,   57.63,   62.28,   50.40
28/01/2013 01:40:00,   53.14,   58.87,   45.61,   57.77,   63.80,   50.88
28/01/2013 01:45:00,   53.18,   58.63,   46.35,   57.74,   62.42,   51.51
28/01/2013 01:50:00,   51.34,   56.49,   44.00,   56.59,   60.62,   49.60
28/01/2013 01:55:00,   49.51,   55.42,   43.55,   55.11,   60.63,   49.26
28/01/2013 02:00:00,   48.15,   51.73,   43.26,   52.23,   54.90,   48.40
28/01/2013 02:05:00,   51.39,   57.73,   43.10,   55.14,   60.37,   48.50
28/01/2013 02:10:00,   61.48,   64.07,   46.68,   62.98,   67.28,   50.76
28/01/2013 02:15:00,   55.49,   58.34,   44.63,   57.59,   61.45,   49.61
28/01/2013 02:20:00,   50.85,   56.99,   44.29,   56.64,   62.19,   49.15
28/01/2013 02:25:00,   52.94,   59.09,   44.59,   57.87,   62.93,   49.25
28/01/2013 02:30:00,   51.04,   57.77,   44.02,   55.14,   61.08,   49.07
28/01/2013 02:35:00,   51.41,   56.22,   44.38,   58.70,   64.83,   48.85
28/01/2013 02:40:00,   51.64,   58.02,   44.89,   57.39,   62.82,   50.02
28/01/2013 02:45:00,   49.03,   53.08,   42.77,   56.99,   62.54,   48.59
28/01/2013 02:50:00,   47.40,   50.14,   43.25,   54.47,   58.91,   48.92
28/01/2013 02:55:00,   48.79,   53.22,   42.88,   55.45,   59.42,   48.58
28/01/2013 03:00:00,   50.90,   56.20,   43.38,   59.35,   65.76,   49.11
28/01/2013 03:05:00,   50.36,   56.00,   43.52,   55.69,   60.32,   49.24
28/01/2013 03:10:00,   49.00,   51.84,   43.25,   54.77,   58.92,   49.39
28/01/2013 03:15:00,   50.56,   55.66,   42.83,   56.93,   62.73,   48.78
28/01/2013 03:20:00,   48.71,   53.01,   43.76,   55.35,   60.52,   49.00
28/01/2013 03:25:00,   51.82,   56.62,   44.04,   58.58,   63.89,   48.92
28/01/2013 03:30:00,   50.69,   56.42,   44.00,   55.54,   60.19,   49.98
28/01/2013 03:35:00,   51.23,   58.02,   43.11,   58.40,   64.18,   48.06
28/01/2013 03:40:00,   52.05,   59.99,   42.23,   56.24,   62.81,   48.06
28/01/2013 03:45:00,   49.67,   55.85,   43.48,   56.78,   61.85,   48.72
28/01/2013 03:50:00,   50.47,   56.98,   43.74,   57.26,   62.86,   48.70
28/01/2013 03:55:00,   49.45,   55.08,   42.73,   58.39,   64.29,   48.33
28/01/2013 04:00:00,   47.71,   54.01,   41.70,   52.27,   56.82,   47.23
28/01/2013 04:05:00,   51.43,   57.96,   42.77,   55.35,   60.59,   47.95
28/01/2013 04:10:00,   49.83,   56.20,   43.84,   55.50,   60.97,   48.97
28/01/2013 04:15:00,   53.27,   59.79,   44.98,   59.87,   65.55,   50.20
28/01/2013 04:20:00,   50.30,   56.53,   43.72,   58.61,   64.62,   49.24
28/01/2013 04:25:00,   50.83,   56.70,   43.89,   57.19,   62.28,   49.68
28/01/2013 04:30:00,   50.12,   54.65,   44.10,   58.05,   62.97,   49.82
28/01/2013 04:35:00,   51.10,   57.04,   44.99,   56.15,   61.08,   50.33
28/01/2013 04:40:00,   49.62,   55.84,   43.20,   54.45,   59.32,   48.39
28/01/2013 04:45:00,   49.66,   53.53,   44.04,   55.05,   60.78,   49.19
28/01/2013 04:50:00,   48.22,   51.26,   44.12,   52.99,   57.35,   49.29
28/01/2013 04:55:00,   47.93,   51.14,   44.24,   52.80,   57.28,   48.80
28/01/2013 05:00:00,   49.55,   56.39,   43.64,   53.08,   58.27,   48.74
28/01/2013 05:05:00,   48.06,   52.28,   43.75,   52.42,   56.54,   48.90
28/01/2013 05:10:00,   50.46,   55.85,   44.70,   56.00,   59.65,   49.30
28/01/2013 05:15:00,   51.13,   55.78,   45.22,   55.30,   60.52,   49.90
28/01/2013 05:20:00,   53.80,   59.04,   48.48,   57.37,   62.88,   52.21
28/01/2013 05:25:00,   51.95,   56.34,   47.60,   55.35,   59.09,   52.02
28/01/2013 05:30:00,   51.50,   56.59,   46.96,   54.45,   58.31,   51.04
28/01/2013 05:35:00,   51.95,   55.41,   48.03,   56.21,   59.78,   52.18
28/01/2013 05:40:00,   55.54,   59.95,   49.44,   59.20,   63.55,   53.17
28/01/2013 05:45:00,   51.26,   55.92,   47.79,   55.74,   59.55,   51.97
28/01/2013 05:50:00,   55.36,   59.61,   48.75,   60.26,   64.39,   52.93
28/01/2013 05:55:00,   55.26,   60.21,   49.52,   58.24,   62.46,   53.39
28/01/2013 06:00:00,   52.87,   57.14,   47.94,   56.18,   59.93,   52.03
28/01/2013 06:05:00,   53.43,   57.28,   48.69,   58.06,   62.87,   52.66
28/01/2013 06:10:00,   53.57,   58.07,   48.70,   57.16,   61.36,   52.71
28/01/2013 06:15:00,   55.54,   60.42,   50.34,   58.69,   62.78,   53.95
28/01/2013 06:20:00,   55.41,   60.56,   49.98,   58.27,   62.02,   53.99
28/01/2013 06:25:00,   55.01,   60.03,   50.13,   60.04,   65.24,   53.60
28/01/2013 06:30:00,   56.70,   60.67,   51.63,   61.46,   64.68,   56.20
28/01/2013 06:35:00,   55.19,   58.87,   51.05,   59.04,   62.20,   54.97
28/01/2013 06:40:00,   56.36,   59.83,   52.33,   61.72,   66.07,   56.53
28/01/2013 06:45:00,   56.26,   59.26,   52.39,   60.43,   63.49,   56.27
28/01/2013 06:50:00,   57.40,   61.79,   52.72,   63.10,   67.90,   57.53
28/01/2013 06:55:00,   55.99,   60.10,   51.80,   59.69,   63.40,   55.77
28/01/2013 07:00:00,   57.58,   60.48,   53.05,   62.06,   64.86,   57.36
28/01/2013 07:05:00,   58.97,   62.75,   54.14,   62.39,   65.44,   57.76
28/01/2013 07:10:00,   58.11,   60.57,   53.73,   61.66,   64.18,   57.78
28/01/2013 07:15:00,   57.78,   60.34,   53.98,   61.55,   64.02,   57.94
28/01/2013 07:20:00,   58.76,   61.52,   54.27,   62.14,   64.90,   58.12
28/01/2013 07:25:00,   58.02,   61.00,   54.32,   61.64,   64.15,   58.32
28/01/2013 07:30:00,   59.01,   61.43,   55.89,   63.57,   66.27,   59.82
28/01/2013 07:35:00,   58.90,   61.55,   55.78,   63.19,   65.90,   59.80
28/01/2013 07:40:00,   59.40,   62.07,   55.62,   63.21,   65.78,   59.48
28/01/2013 07:45:00,   59.47,   61.73,   56.14,   64.50,   67.12,   60.34
28/01/2013 07:50:00,   59.39,   62.02,   56.14,   64.40,   67.68,   60.40
28/01/2013 07:55:00,   59.08,   62.03,   55.62,   65.04,   69.07,   60.91
28/01/2013 08:00:00,   59.83,   62.75,   55.12,   63.91,   66.98,   59.32
28/01/2013 08:05:00,   59.82,   63.01,   55.01,   64.33,   67.30,   59.39
28/01/2013 08:10:00,   59.14,   61.59,   56.08,   66.77,   70.75,   61.44
28/01/2013 08:15:00,   58.12,   60.76,   54.70,   63.33,   65.69,   59.71
28/01/2013 08:20:00,   59.10,   61.53,   56.04,   64.45,   67.42,   60.62
28/01/2013 08:25:00,   59.72,   62.50,   55.29,   64.96,   68.65,   59.41
28/01/2013 08:30:00,   58.76,   61.68,   55.39,   65.82,   69.75,   60.50
28/01/2013 08:35:00,   59.06,   62.01,   55.72,   66.08,   70.54,   61.30
28/01/2013 08:40:00,   58.12,   60.54,   55.21,   64.93,   69.17,   60.14
28/01/2013 08:45:00,   59.35,   62.36,   55.55,   66.72,   70.58,   61.52
28/01/2013 08:50:00,   59.43,   61.92,   55.96,   66.85,   70.82,   61.47
28/01/2013 08:55:00,   60.52,   62.73,   57.55,   69.11,   74.01,   62.42
28/01/2013 09:00:00,   60.35,   63.03,   57.10,   68.03,   72.79,   62.37
28/01/2013 09:05:00,   59.54,   61.93,   56.47,   65.31,   67.21,   61.39
28/01/2013 09:10:00,   60.02,   62.75,   56.72,   66.34,   69.56,   61.60
28/01/2013 09:15:00,   60.50,   63.21,   55.54,   66.29,   69.67,   60.27
28/01/2013 09:20:00,   60.43,   63.69,   56.47,   67.80,   72.71,   61.62
28/01/2013 09:25:00,   61.37,   63.94,   57.61,   67.88,   71.83,   62.65
28/01/2013 09:30:00,   60.95,   64.34,   56.13,   64.38,   67.17,   60.44
28/01/2013 09:35:00,   60.71,   63.87,   56.38,   64.96,   68.18,   59.97
28/01/2013 09:40:00,   61.11,   64.55,   56.66,   66.23,   69.57,   61.07
28/01/2013 09:45:00,   61.35,   64.32,   56.92,   65.58,   69.06,   60.51
28/01/2013 09:50:00,   62.52,   65.28,   57.36,   67.16,   70.00,   61.96
28/01/2013 09:55:00,   62.46,   65.16,   58.18,   69.25,   73.69,   62.32
28/01/2013 10:00:00,   62.21,   64.31,   58.30,   70.24,   76.25,   63.35
28/01/2013 10:05:00,   63.02,   65.83,   58.72,   70.54,   75.87,   63.27
28/01/2013 10:10:00,   62.15,   64.65,   58.16,   67.70,   71.24,   62.44
28/01/2013 10:15:00,   63.43,   66.21,   57.93,   71.95,   77.16,   62.85
28/01/2013 10:20:00,   62.25,   64.36,   58.01,   67.26,   70.08,   62.21
28/01/2013 10:25:00,   62.49,   64.94,   58.54,   70.96,   76.92,   63.06
28/01/2013 10:30:00,   62.18,   65.13,   57.61,   71.29,   77.22,   62.37
28/01/2013 10:35:00,   63.43,   65.98,   58.67,   71.66,   76.67,   64.48
28/01/2013 10:40:00,   61.36,   63.97,   56.87,   67.07,   70.48,   61.78
28/01/2013 10:45:00,   61.46,   64.49,   56.39,   67.91,   71.99,   61.37
28/01/2013 10:50:00,   63.70,   67.38,   58.13,   73.90,   81.69,   61.83
28/01/2013 10:55:00,   63.02,   66.45,   57.87,   72.73,   79.87,   62.64
28/01/2013 11:00:00,   62.49,   65.66,   57.45,   70.97,   75.85,   63.57
28/01/2013 11:05:00,   62.26,   64.62,   58.01,   72.20,   78.30,   63.25
28/01/2013 11:10:00,   61.95,   65.17,   57.39,   71.20,   76.57,   62.25
28/01/2013 11:15:00,   63.79,   66.61,   58.26,   73.79,   80.18,   63.46
28/01/2013 11:20:00,   65.95,   70.05,   59.74,   78.28,   84.78,   65.56
28/01/2013 11:25:00,   64.69,   69.40,   57.98,   75.82,   83.23,   65.09
28/01/2013 11:30:00,   62.67,   64.87,   58.28,   73.37,   79.19,   64.69
28/01/2013 11:35:00,   65.64,   68.84,   59.04,   77.02,   83.88,   64.59
28/01/2013 11:40:00,   66.34,   70.42,   60.72,   79.78,   86.16,   67.96
28/01/2013 11:45:00,   64.57,   67.92,   59.60,   76.58,   82.96,   65.34
28/01/2013 11:50:00,   66.04,   70.94,   57.78,   78.64,   85.29,   65.11
28/01/2013 11:55:00,   65.19,   69.79,   58.09,   77.81,   84.36,   64.37
28/01/2013 12:00:00,   64.41,   68.47,   59.09,   76.44,   82.66,   65.21
28/01/2013 12:05:00,   64.46,   68.28,   59.30,   76.67,   83.15,   66.26
28/01/2013 12:10:00,   62.98,   66.31,   56.22,   73.73,   79.44,   63.69
28/01/2013 12:15:00,   62.51,   65.39,   57.88,   72.96,   78.65,   63.96
28/01/2013 12:20:00,   65.13,   69.41,   59.63,   77.78,   85.15,   66.20
28/01/2013 12:25:00,   64.71,   67.55,   59.15,   75.84,   81.60,   64.84
28/01/2013 12:30:00,   66.86,   71.55,   60.15,   79.66,   85.84,   67.42
28/01/2013 12:35:00,   63.49,   65.98,   58.70,   74.04,   79.67,   64.24
28/01/2013 12:40:00,   66.55,   70.73,   59.89,   79.64,   85.70,   67.33
28/01/2013 12:45:00,   66.44,   71.23,   59.48,   78.70,   85.46,   65.76
28/01/2013 12:50:00,   68.62,   72.05,   61.38,   81.54,   87.39,   67.98
28/01/2013 12:55:00,   66.53,   70.86,   60.24,   78.91,   85.79,   65.84
28/01/2013 13:00:00,   69.90,   75.17,   62.17,   82.20,   89.41,   68.85
28/01/2013 13:05:00,   69.16,   75.33,   61.72,   81.70,   89.35,   67.25
28/01/2013 13:10:00,   65.31,   68.67,   60.94,   76.48,   83.07,   66.78
28/01/2013 13:15:00,   66.41,   69.80,   60.50,   77.36,   84.22,   66.38
28/01/2013 13:20:00,   62.31,   64.12,   59.20,   70.22,   75.20,   63.22
28/01/2013 13:25:00,   62.66,   65.17,   58.41,   70.06,   75.36,   62.82
28/01/2013 13:30:00,   61.30,   63.76,   57.91,   68.54,   74.42,   61.95
28/01/2013 13:35:00,   60.53,   62.74,   57.51,   66.72,   68.58,   61.74
28/01/2013 13:40:00,   61.47,   63.49,   58.22,   68.99,   73.92,   62.49
28/01/2013 13:45:00,   60.99,   62.65,   57.54,   66.09,   68.76,   62.14
28/01/2013 13:50:00,   61.54,   63.80,   58.43,   67.85,   71.70,   62.89
28/01/2013 13:55:00,   61.27,   63.42,   58.04,   67.91,   71.74,   62.72
28/01/2013 14:00:00,   61.96,   64.28,   58.75,   67.93,   72.54,   62.83
28/01/2013 14:05:00,   61.27,   63.60,   56.76,   67.92,   71.67,   61.31
28/01/2013 14:10:00,   61.21,   63.30,   57.87,   67.72,   72.38,   61.64
28/01/2013 14:15:00,   59.97,   62.38,   56.49,   64.45,   66.43,   61.34
28/01/2013 14:20:00,   61.00,   63.62,   56.80,   65.83,   67.77,   60.37
28/01/2013 14:25:00,   62.64,   64.64,   58.16,   65.05,   66.87,   61.91
28/01/2013 14:30:00,   63.35,   63.14,   57.18,   67.46,   71.66,   61.07
28/01/2013 14:35:00,   61.36,   63.48,   58.42,   66.80,   70.07,   62.02
28/01/2013 14:40:00,   60.55,   62.74,   57.27,   66.21,   69.25,   61.76
28/01/2013 14:45:00,   59.88,   62.15,   56.83,   65.50,   68.42,   61.20
28/01/2013 14:50:00,   60.48,   62.83,   57.41,   65.27,   67.45,   61.73
28/01/2013 14:55:00,   60.83,   63.09,   56.22,   66.99,   70.43,   61.56
28/01/2013 15:00:00,   62.26,   64.42,   59.03,   70.07,   74.78,   63.85
28/01/2013 15:05:00,   62.58,   65.21,   59.53,   70.01,   73.59,   63.89
28/01/2013 15:10:00,   62.94,   64.55,   60.30,   69.44,   73.45,   64.40
28/01/2013 15:15:00,   63.69,   65.50,   60.93,   70.41,   74.04,   65.56
28/01/2013 15:20:00,   63.52,   65.44,   59.34,   71.09,   76.23,   64.03
28/01/2013 15:25:00,   62.47,   65.07,   58.18,   69.00,   71.75,   62.20
28/01/2013 15:30:00,   61.38,   63.43,   57.55,   66.14,   68.70,   61.78
28/01/2013 15:35:00,   62.04,   64.49,   57.60,   67.47,   71.66,   62.53
28/01/2013 15:40:00,   61.37,   63.49,   57.45,   67.86,   71.62,   61.27
28/01/2013 15:45:00,   61.02,   63.50,   56.69,   66.32,   70.65,   61.07
28/01/2013 15:50:00,   61.25,   63.26,   58.28,   68.86,   74.62,   63.30
28/01/2013 15:55:00,   61.45,   63.71,   57.44,   68.24,   71.47,   62.24
28/01/2013 16:00:00,   59.89,   61.88,   57.29,   66.23,   71.13,   61.49
28/01/2013 16:05:00,   61.34,   63.33,   56.85,   67.18,   70.67,   61.43
28/01/2013 16:10:00,   64.75,   67.49,   60.43,   73.91,   79.79,   65.47
28/01/2013 16:15:00,   63.09,   65.03,   58.80,   70.48,   74.92,   63.69
28/01/2013 16:20:00,   61.47,   63.62,   58.34,   68.40,   72.27,   63.07
28/01/2013 16:25:00,   61.07,   63.26,   57.14,   65.80,   69.09,   60.61
28/01/2013 16:30:00,   60.63,   62.73,   57.60,   65.74,   67.67,   61.34
28/01/2013 16:35:00,   59.64,   62.02,   56.57,   64.93,   67.21,   60.13
28/01/2013 16:40:00,   61.46,   64.08,   57.31,   68.51,   73.85,   61.13
28/01/2013 16:45:00,   61.41,   63.24,   58.63,   67.60,   70.69,   62.75
28/01/2013 16:50:00,   61.79,   63.65,   58.75,   68.98,   73.46,   62.86
28/01/2013 16:55:00,   61.82,   63.94,   56.62,   71.31,   75.80,   61.08
28/01/2013 17:00:00,   60.87,   63.05,   56.39,   66.83,   71.12,   60.89
28/01/2013 17:05:00,   59.72,   61.67,   57.15,   65.56,   68.57,   61.59
28/01/2013 17:10:00,   59.80,   61.76,   56.88,   65.31,   68.02,   60.96
28/01/2013 17:15:00,   60.58,   62.54,   57.67,   67.27,   71.21,   62.15
28/01/2013 17:20:00,   61.06,   62.60,   57.94,   67.82,   70.83,   62.33
28/01/2013 17:25:00,   61.71,   63.80,   57.69,   67.45,   71.26,   62.22
28/01/2013 17:30:00,   60.48,   62.93,   57.11,   66.79,   71.30,   61.28
28/01/2013 17:35:00,   61.42,   64.29,   57.57,   69.49,   75.20,   62.80
28/01/2013 17:40:00,   61.47,   63.52,   57.29,   70.22,   75.07,   61.79
28/01/2013 17:45:00,   61.29,   63.58,   57.80,   68.46,   73.61,   61.72
28/01/2013 17:50:00,   61.24,   63.53,   57.72,   68.64,   73.58,   62.35
28/01/2013 17:55:00,   61.65,   63.64,   57.00,   70.19,   75.09,   62.62
28/01/2013 18:00:00,   61.26,   63.75,   57.65,   67.86,   72.95,   61.36
28/01/2013 18:05:00,   61.72,   64.06,   57.09,   70.05,   74.81,   61.74
28/01/2013 18:10:00,   62.32,   64.66,   58.42,   70.64,   75.91,   63.07
28/01/2013 18:15:00,   60.99,   63.33,   57.21,   67.69,   72.04,   61.82
28/01/2013 18:20:00,   61.59,   64.06,   56.96,   70.57,   79.37,   60.40
28/01/2013 18:25:00,   60.93,   63.43,   56.10,   67.87,   73.74,   60.58
28/01/2013 18:30:00,   60.82,   63.01,   57.32,   68.29,   72.94,   61.62
28/01/2013 18:35:00,   60.86,   62.58,   58.15,   67.71,   71.71,   62.42
28/01/2013 18:40:00,   62.52,   65.40,   57.92,   71.13,   75.72,   62.50
28/01/2013 18:45:00,   63.41,   66.88,   57.94,   73.54,   80.41,   62.34
28/01/2013 18:50:00,   60.87,   63.80,   56.39,   70.24,   77.29,   60.98
28/01/2013 18:55:00,   59.45,   61.65,   56.37,   65.38,   69.22,   60.26
28/01/2013 19:00:00,   60.45,   62.75,   55.83,   67.35,   70.61,   60.91
28/01/2013 19:05:00,   61.20,   63.70,   55.06,   69.32,   74.56,   60.14
28/01/2013 19:10:00,   60.86,   63.43,   56.99,   68.54,   72.89,   61.27
28/01/2013 19:15:00,   60.81,   63.26,   56.82,   68.34,   73.55,   60.96
28/01/2013 19:20:00,   61.47,   64.25,   57.20,   70.64,   76.18,   62.82
28/01/2013 19:25:00,   60.93,   63.25,   57.82,   69.30,   75.14,   62.26
28/01/2013 19:30:00,   59.68,   61.70,   56.68,   66.08,   71.01,   60.58
28/01/2013 19:35:00,   59.72,   62.36,   56.08,   67.19,   72.47,   60.71
28/01/2013 19:40:00,   62.45,   65.76,   58.11,   72.19,   78.26,   62.47
28/01/2013 19:45:00,   59.97,   62.56,   55.94,   68.19,   74.02,   60.06
28/01/2013 19:50:00,   60.01,   62.52,   55.87,   68.49,   74.11,   60.49
28/01/2013 19:55:00,   59.37,   61.87,   54.71,   65.76,   69.61,   58.43
28/01/2013 20:00:00,   58.27,   60.81,   54.60,   63.76,   66.53,   58.57
28/01/2013 20:05:00,   60.18,   62.48,   55.80,   66.21,   70.56,   60.41
28/01/2013 20:10:00,   60.08,   62.41,   56.74,   66.29,   70.33,   60.76
28/01/2013 20:15:00,   59.77,   62.25,   55.83,   67.31,   72.26,   60.11
28/01/2013 20:20:00,   59.45,   61.97,   55.29,   67.72,   73.27,   59.31
28/01/2013 20:25:00,   59.57,   61.57,   56.81,   67.83,   73.08,   61.06
28/01/2013 20:30:00,   59.82,   62.70,   55.58,   68.06,   73.30,   60.16
28/01/2013 20:35:00,   58.27,   61.31,   53.61,   64.40,   68.36,   57.50
28/01/2013 20:40:00,   59.14,   61.67,   54.85,   66.63,   70.33,   58.33
28/01/2013 20:45:00,   58.07,   61.32,   53.67,   65.27,   70.39,   57.88
28/01/2013 20:50:00,   59.40,   62.02,   55.22,   65.73,   69.27,   60.50
28/01/2013 20:55:00,   58.84,   61.91,   55.00,   66.83,   72.84,   58.96
28/01/2013 21:00:00,   60.38,   62.72,   55.81,   68.09,   73.51,   60.26
28/01/2013 21:05:00,   58.87,   61.09,   55.06,   65.80,   70.95,   59.46
28/01/2013 21:10:00,   61.54,   64.97,   56.22,   70.41,   76.04,   61.07
28/01/2013 21:15:00,   58.65,   61.09,   55.34,   65.41,   70.11,   59.33
28/01/2013 21:20:00,   58.84,   61.12,   54.30,   64.22,   68.09,   58.83
28/01/2013 21:25:00,   60.16,   62.97,   54.36,   67.67,   72.07,   59.00
28/01/2013 21:30:00,   59.14,   61.82,   55.03,   64.57,   68.35,   59.62
28/01/2013 21:35:00,   57.23,   59.97,   51.30,   63.43,   67.48,   55.86
28/01/2013 21:40:00,   58.31,   61.75,   53.37,   65.10,   69.36,   57.45
28/01/2013 21:45:00,   59.02,   61.34,   54.42,   66.88,   70.40,   59.68
28/01/2013 21:50:00,   58.12,   60.87,   53.14,   63.65,   68.52,   57.17
28/01/2013 21:55:00,   58.10,   61.53,   52.70,   63.61,   68.51,   57.02
28/01/2013 22:00:00,   59.81,   63.47,   54.25,   67.81,   74.31,   58.39
28/01/2013 22:05:00,   58.22,   61.47,   53.85,   65.02,   69.75,   58.36
28/01/2013 22:10:00,   58.25,   60.89,   54.59,   65.71,   70.57,   59.21
28/01/2013 22:15:00,   58.48,   62.19,   52.71,   66.35,   73.00,   57.03
28/01/2013 22:20:00,   57.59,   60.45,   52.74,   65.91,   71.61,   57.44
28/01/2013 22:25:00,   57.09,   60.56,   52.44,   64.97,   70.31,   56.91
28/01/2013 22:30:00,   58.38,   61.83,   52.80,   67.08,   73.37,   58.10
28/01/2013 22:35:00,   58.14,   61.52,   52.17,   66.53,   71.92,   58.03
28/01/2013 22:40:00,   55.62,   59.16,   50.25,   63.20,   68.29,   55.00
28/01/2013 22:45:00,   56.39,   59.46,   50.52,   63.26,   67.10,   55.49
28/01/2013 22:50:00,   57.24,   61.65,   51.53,   67.63,   75.38,   57.03
28/01/2013 22:55:00,   57.10,   59.99,   53.01,   64.00,   68.97,   57.48
28/01/2013 23:00:00,   58.54,   62.07,   51.95,   68.13,   75.80,   56.50
28/01/2013 23:05:00,   57.18,   60.45,   51.28,   66.18,   72.78,   56.73
28/01/2013 23:10:00,   57.40,   61.12,   52.07,   66.18,   71.82,   56.90
28/01/2013 23:15:00,   56.36,   60.32,   51.48,   64.10,   70.32,   56.56
28/01/2013 23:20:00,   58.89,   62.19,   53.18,   68.96,   75.39,   59.28
28/01/2013 23:25:00,   57.30,   61.98,   51.51,   66.76,   72.99,   56.86
28/01/2013 23:30:00,   56.58,   60.06,   50.27,   67.43,   74.61,   55.00
28/01/2013 23:35:00,   57.68,   61.67,   52.00,   67.23,   73.15,   58.11
28/01/2013 23:40:00,   57.47,   62.17,   50.99,   68.22,   74.65,   55.80
28/01/2013 23:45:00,   57.76,   62.94,   49.97,   68.93,   76.12,   55.51
28/01/2013 23:50:00,   57.14,   60.50,   51.25,   67.77,   73.99,   56.91
28/01/2013 23:55:00,   57.14,   61.60,   51.14,   66.86,   74.36,   56.45

