# noise_analysis run from DCC-NOISE-001003 at Fri Aug  9 00:00:00 2013
# Monitoring unit located at 53.342609N 6.340721W
# logfile   = /home/root/noise_analysis.log
# cfg_dir   = /home/root/config
# outputdir = /home/root/noise
# Sensitivity = -26.271103
# Gain = 1.000000
# Time should be in local format (i.e. daylight savings time)
# dd/mm/yyyy hh:mm:ss, A Leq,   A L10,   A L95,   C Leq,   C L10,   C L95
09/08/2013 00:05:00,   50.58,   55.09,   46.67,   53.52,   56.95,   50.35
09/08/2013 00:10:00,   50.33,   54.98,   45.41,   53.31,   56.94,   49.06
09/08/2013 00:15:00,   50.99,   55.94,   45.68,   53.83,   58.64,   49.47
09/08/2013 00:20:00,   51.84,   57.26,   44.43,   54.48,   59.25,   48.53
09/08/2013 00:25:00,   50.67,   56.21,   44.63,   53.22,   57.81,   48.47
09/08/2013 00:30:00,   48.57,   52.97,   43.41,   51.49,   55.13,   47.66
09/08/2013 00:35:00,   51.74,   57.21,   45.18,   54.11,   58.64,   49.30
09/08/2013 00:40:00,   49.41,   53.16,   45.30,   52.19,   55.31,   48.79
09/08/2013 00:45:00,   52.68,   56.92,   47.43,   55.24,   59.00,   50.08
09/08/2013 00:50:00,   51.63,   56.30,   44.91,   55.63,   59.73,   48.90
09/08/2013 00:55:00,   50.13,   54.84,   43.51,   54.22,   59.83,   47.72
09/08/2013 01:00:00,   51.97,   56.88,   44.20,   54.31,   58.33,   47.78
09/08/2013 01:05:00,   49.98,   55.28,   43.92,   52.43,   56.75,   47.80
09/08/2013 01:10:00,   50.00,   54.58,   43.34,   52.72,   56.90,   47.27
09/08/2013 01:15:00,   48.94,   53.72,   43.50,   51.70,   55.68,   47.39
09/08/2013 01:20:00,   50.65,   56.51,   43.41,   53.16,   58.44,   47.49
09/08/2013 01:25:00,   48.98,   54.56,   43.70,   51.74,   56.56,   47.44
09/08/2013 01:30:00,   50.69,   55.40,   44.54,   52.73,   56.65,   48.19
09/08/2013 01:35:00,   48.77,   53.14,   43.07,   51.61,   56.15,   47.12
09/08/2013 01:40:00,   49.76,   55.77,   43.61,   52.48,   58.34,   47.63
09/08/2013 01:45:00,   49.68,   54.74,   42.67,   52.46,   57.13,   47.18
09/08/2013 01:50:00,   49.77,   54.59,   44.17,   52.38,   56.62,   48.03
09/08/2013 01:55:00,   50.39,   55.57,   43.85,   52.43,   57.52,   47.49
09/08/2013 02:00:00,   48.98,   53.16,   44.60,   52.26,   55.69,   48.38
09/08/2013 02:05:00,   49.60,   52.71,   44.71,   52.56,   55.78,   47.99
09/08/2013 02:10:00,   50.07,   54.01,   45.66,   52.76,   56.43,   48.72
09/08/2013 02:15:00,   51.91,   57.06,   45.56,   54.21,   59.34,   48.48
09/08/2013 02:20:00,   47.17,   49.65,   43.46,   50.22,   53.23,   47.22
09/08/2013 02:25:00,   48.49,   52.58,   43.44,   51.79,   55.87,   47.17
09/08/2013 02:30:00,   48.06,   51.94,   43.01,   51.61,   56.60,   46.95
09/08/2013 02:35:00,   50.39,   54.46,   45.31,   52.74,   56.51,   48.29
09/08/2013 02:40:00,   46.38,   48.01,   42.87,   49.72,   51.15,   47.13
09/08/2013 02:45:00,   47.65,   49.80,   43.60,   50.57,   53.45,   47.16
09/08/2013 02:50:00,   50.11,   56.02,   42.68,   52.53,   57.85,   46.28
09/08/2013 02:55:00,   49.09,   52.76,   44.37,   52.37,   56.21,   48.14
09/08/2013 03:00:00,   47.31,   49.98,   42.64,   50.58,   53.11,   46.43
09/08/2013 03:05:00,   48.67,   54.39,   40.99,   51.15,   56.04,   45.01
09/08/2013 03:10:00,   50.10,   56.12,   43.04,   53.91,   59.48,   46.25
09/08/2013 03:15:00,   47.98,   52.51,   43.24,   51.23,   55.24,   46.33
09/08/2013 03:20:00,   49.23,   53.73,   42.33,   52.24,   56.78,   46.31
09/08/2013 03:25:00,   48.35,   53.50,   43.06,   51.58,   55.75,   46.84
09/08/2013 03:30:00,   48.63,   54.44,   42.86,   51.69,   57.03,   46.83
09/08/2013 03:35:00,   46.06,   48.84,   41.96,   49.28,   51.66,   45.77
09/08/2013 03:40:00,   49.19,   55.05,   43.67,   51.58,   56.03,   47.42
09/08/2013 03:45:00,   48.07,   52.67,   43.54,   51.50,   56.09,   47.42
09/08/2013 03:50:00,   46.98,   49.07,   43.69,   50.28,   52.52,   47.70
09/08/2013 03:55:00,   49.21,   53.81,   44.51,   52.02,   55.60,   48.23
09/08/2013 04:00:00,   48.16,   51.78,   43.13,   51.13,   53.85,   47.34
09/08/2013 04:05:00,   47.93,   52.90,   43.05,   50.90,   54.64,   46.99
09/08/2013 04:10:00,   47.31,   52.48,   43.12,   50.22,   54.14,   47.15
09/08/2013 04:15:00,   48.27,   53.20,   43.05,   51.01,   55.41,   46.92
09/08/2013 04:20:00,   46.66,   49.03,   43.64,   49.93,   51.87,   47.66
09/08/2013 04:25:00,   47.32,   49.98,   43.75,   50.70,   53.82,   47.64
09/08/2013 04:30:00,   47.79,   51.30,   44.39,   51.59,   55.61,   47.86
09/08/2013 04:35:00,   50.19,   55.16,   44.42,   53.60,   58.44,   48.83
09/08/2013 04:40:00,   49.57,   54.52,   44.40,   52.60,   56.50,   48.40
09/08/2013 04:45:00,   49.21,   53.47,   45.07,   51.99,   55.35,   48.74
09/08/2013 04:50:00,   51.39,   56.49,   45.86,   54.25,   59.05,   49.67
09/08/2013 04:55:00,   51.23,   55.51,   45.80,   55.62,   60.34,   49.73
09/08/2013 05:00:00,   52.02,   55.78,   46.99,   54.67,   57.91,   50.53
09/08/2013 05:05:00,   55.46,   59.36,   47.94,   60.03,   63.31,   51.35
09/08/2013 05:10:00,   51.51,   55.26,   47.64,   54.06,   57.32,   50.87
09/08/2013 05:15:00,   51.44,   56.25,   46.13,   54.19,   58.60,   49.79
09/08/2013 05:20:00,   51.85,   56.27,   46.24,   55.01,   59.55,   50.18
09/08/2013 05:25:00,   52.87,   58.42,   46.54,   58.03,   64.80,   50.42
09/08/2013 05:30:00,   52.96,   58.48,   47.18,   55.90,   60.37,   51.20
09/08/2013 05:35:00,   53.50,   57.74,   48.15,   57.10,   61.08,   51.91
09/08/2013 05:40:00,   55.57,   60.29,   48.43,   61.86,   67.75,   52.73
09/08/2013 05:45:00,   53.54,   56.98,   49.47,   57.08,   60.34,   53.41
09/08/2013 05:50:00,   53.47,   57.67,   49.56,   57.13,   60.73,   53.26
09/08/2013 05:55:00,   55.31,   59.41,   51.19,   59.95,   64.14,   55.58
09/08/2013 06:00:00,   55.35,   58.18,   51.06,   59.07,   62.04,   54.87
09/08/2013 06:05:00,   55.22,   59.18,   51.12,   58.73,   62.77,   55.03
09/08/2013 06:10:00,   55.38,   58.81,   50.64,   59.54,   62.56,   54.82
09/08/2013 06:15:00,   55.87,   59.84,   50.08,   59.66,   63.53,   53.65
09/08/2013 06:20:00,   56.34,   59.45,   51.74,   60.69,   63.82,   56.01
09/08/2013 06:25:00,   55.60,   59.79,   51.43,   59.27,   62.83,   55.23
09/08/2013 06:30:00,   55.71,   58.62,   51.20,   59.15,   61.29,   55.16
09/08/2013 06:35:00,   55.78,   57.76,   52.59,   60.38,   62.72,   56.90
09/08/2013 06:40:00,   57.88,   61.36,   52.73,   62.24,   65.65,   56.81
09/08/2013 06:45:00,   55.87,   58.64,   52.31,   60.11,   62.87,   56.17
09/08/2013 06:50:00,   57.33,   59.86,   52.02,   61.80,   64.67,   56.02
09/08/2013 06:55:00,   57.34,   61.36,   52.36,   61.28,   65.88,   56.12
09/08/2013 07:00:00,   56.82,   60.00,   52.42,   60.28,   63.97,   56.09
09/08/2013 07:05:00,   56.62,   59.01,   52.84,   60.41,   63.03,   56.66
09/08/2013 07:10:00,   56.24,   59.25,   52.85,   59.90,   62.56,   56.61
09/08/2013 07:15:00,   56.45,   59.84,   52.46,   59.66,   62.28,   55.95
09/08/2013 07:20:00,   57.63,   60.57,   53.31,   60.82,   63.44,   56.87
09/08/2013 07:25:00,   56.39,   59.38,   50.79,   60.43,   63.64,   55.36
09/08/2013 07:30:00,   56.86,   59.68,   52.93,   60.61,   64.29,   56.40
09/08/2013 07:35:00,   58.10,   61.27,   54.03,   62.54,   66.07,   57.66
09/08/2013 07:40:00,   55.69,   58.81,   51.66,   60.07,   62.89,   55.49
09/08/2013 07:45:00,   57.36,   61.22,   51.50,   61.99,   66.25,   56.97
09/08/2013 07:50:00,   57.59,   60.95,   53.30,   62.37,   65.41,   57.50
09/08/2013 07:55:00,   56.69,   59.45,   52.83,   61.85,   64.10,   57.36
09/08/2013 08:00:00,   56.86,   59.19,   53.21,   61.32,   63.84,   57.80
09/08/2013 08:05:00,   58.16,   60.49,   54.02,   62.12,   63.90,   58.68
09/08/2013 08:10:00,   56.68,   59.45,   52.54,   60.53,   62.62,   57.42
09/08/2013 08:15:00,   56.56,   59.83,   52.37,   61.97,   65.60,   57.02
09/08/2013 08:20:00,   56.54,   59.36,   51.68,   61.29,   64.23,   57.17
09/08/2013 08:25:00,   56.58,   60.16,   51.44,   60.39,   63.57,   55.31
09/08/2013 08:30:00,   56.95,   60.25,   52.91,   60.53,   63.64,   56.79
09/08/2013 08:35:00,   56.67,   59.71,   52.37,   60.42,   62.94,   56.17
09/08/2013 08:40:00,   56.42,   59.67,   52.13,   61.25,   64.21,   56.71
09/08/2013 08:45:00,   55.58,   58.58,   51.82,   59.47,   61.92,   55.66
09/08/2013 08:50:00,   57.66,   61.08,   53.43,   60.96,   63.70,   56.98
09/08/2013 08:55:00,   55.98,   58.55,   52.01,   61.79,   64.84,   57.08
09/08/2013 09:00:00,   57.53,   60.99,   52.61,   61.00,   64.42,   56.35
09/08/2013 09:05:00,   57.72,   60.32,   53.65,   62.09,   64.89,   57.49
09/08/2013 09:10:00,   57.72,   60.37,   53.50,   62.38,   65.65,   56.71
09/08/2013 09:15:00,   56.72,   59.68,   52.21,   60.60,   63.85,   56.11
09/08/2013 09:20:00,   56.96,   59.14,   53.51,   61.28,   63.79,   57.73
09/08/2013 09:25:00,   56.27,   59.30,   51.49,   60.06,   62.37,   55.46
09/08/2013 09:30:00,   57.11,   61.09,   51.98,   62.28,   66.99,   56.63
09/08/2013 09:35:00,   56.35,   58.84,   52.80,   60.31,   62.48,   56.18
09/08/2013 09:40:00,   56.23,   58.92,   52.12,   60.35,   63.21,   55.99
09/08/2013 09:45:00,   57.47,   60.17,   53.32,   61.10,   63.56,   57.66
09/08/2013 09:50:00,   56.74,   58.95,   52.75,   61.04,   63.51,   56.69
09/08/2013 09:55:00,   56.26,   58.80,   52.88,   60.96,   63.73,   57.58
09/08/2013 10:00:00,   56.70,   59.65,   52.41,   60.51,   63.42,   56.17
09/08/2013 10:05:00,   57.48,   60.21,   51.86,   61.07,   64.03,   55.72
09/08/2013 10:10:00,   55.53,   58.80,   51.17,   59.26,   62.26,   55.07
09/08/2013 10:15:00,   54.67,   57.85,   50.17,   59.48,   62.66,   54.92
09/08/2013 10:20:00,   56.36,   59.48,   51.20,   60.71,   63.78,   55.64
09/08/2013 10:25:00,   55.79,   58.48,   51.51,   60.67,   63.56,   55.77
09/08/2013 10:30:00,   56.60,   59.55,   52.04,   60.70,   63.85,   56.33
09/08/2013 10:35:00,   55.50,   58.72,   50.78,   59.56,   62.48,   55.60
09/08/2013 10:40:00,   56.18,   59.16,   51.32,   60.66,   64.01,   56.10
09/08/2013 10:45:00,   56.34,   58.84,   50.67,   60.19,   62.79,   55.33
09/08/2013 10:50:00,   56.28,   58.69,   52.53,   61.22,   64.22,   57.19
09/08/2013 10:55:00,   56.69,   59.53,   52.73,   60.43,   63.55,   56.71
09/08/2013 11:00:00,   56.99,   59.44,   52.42,   61.72,   64.73,   57.20
09/08/2013 11:05:00,   56.76,   59.16,   52.90,   61.42,   64.61,   56.93
09/08/2013 11:10:00,   55.75,   58.75,   51.63,   59.97,   62.35,   55.87
09/08/2013 11:15:00,   57.32,   59.65,   52.76,   61.19,   63.99,   57.01
09/08/2013 11:20:00,   57.30,   59.98,   53.85,   61.50,   64.26,   57.47
09/08/2013 11:25:00,   55.10,   58.21,   51.00,   60.02,   63.00,   55.41
09/08/2013 11:30:00,   56.18,   59.00,   51.42,   62.04,   65.45,   55.94
09/08/2013 11:35:00,   55.69,   59.43,   50.63,   59.97,   63.42,   54.78
09/08/2013 11:40:00,   56.39,   59.03,   51.93,   60.45,   62.81,   56.34
09/08/2013 11:45:00,   55.62,   58.17,   52.52,   59.99,   62.32,   56.59
09/08/2013 11:50:00,   56.23,   59.36,   51.84,   60.88,   63.98,   56.69
09/08/2013 11:55:00,   56.04,   58.81,   52.23,   60.63,   63.35,   56.87
09/08/2013 12:00:00,   56.35,   59.16,   52.74,   60.60,   63.05,   57.31
09/08/2013 12:05:00,   56.20,   59.10,   51.36,   61.08,   64.33,   55.14
09/08/2013 12:10:00,   57.78,   61.27,   51.92,   62.48,   66.40,   56.71
09/08/2013 12:15:00,   55.69,   58.69,   51.21,   59.94,   62.52,   55.85
09/08/2013 12:20:00,   57.23,   60.96,   51.69,   60.67,   64.68,   56.12
09/08/2013 12:25:00,   55.70,   58.29,   50.32,   60.76,   64.60,   55.05
09/08/2013 12:30:00,   55.78,   58.76,   50.55,   61.08,   64.18,   56.08
09/08/2013 12:35:00,   56.20,   58.31,   52.66,   61.26,   63.68,   57.53
09/08/2013 12:40:00,   60.38,   59.93,   52.41,   62.69,   64.46,   56.31
09/08/2013 12:45:00,   57.27,   59.60,   52.97,   62.54,   65.19,   57.33
09/08/2013 12:50:00,   55.42,   58.08,   50.81,   59.49,   62.08,   54.87
09/08/2013 12:55:00,   56.72,   59.51,   52.27,   61.19,   64.63,   56.69
09/08/2013 13:00:00,   57.59,   59.73,   52.94,   61.77,   63.83,   57.69
09/08/2013 13:05:00,   57.54,   59.79,   53.76,   61.23,   63.12,   57.27
09/08/2013 13:10:00,   57.46,   60.21,   53.94,   61.52,   64.21,   57.87
09/08/2013 13:15:00,   57.53,   59.68,   52.97,   61.77,   63.51,   58.00
09/08/2013 13:20:00,   57.22,   59.67,   53.29,   60.51,   62.78,   57.16
09/08/2013 13:25:00,   59.38,   63.32,   52.27,   61.80,   65.19,   56.50
09/08/2013 13:30:00,   57.39,   60.63,   53.29,   60.98,   63.52,   57.77
09/08/2013 13:35:00,   56.23,   59.31,   51.60,   59.79,   62.74,   55.46
09/08/2013 13:40:00,   56.98,   59.57,   52.81,   60.97,   63.55,   57.11
09/08/2013 13:45:00,   57.19,   59.97,   51.49,   61.51,   64.19,   56.31
09/08/2013 13:50:00,   55.52,   58.11,   52.05,   60.03,   62.34,   56.39
09/08/2013 13:55:00,   57.00,   59.17,   51.64,   60.94,   63.32,   55.55
09/08/2013 14:00:00,   55.40,   57.75,   51.81,   60.19,   62.71,   56.83
09/08/2013 14:05:00,   54.37,   57.02,   51.14,   59.45,   62.01,   56.11
09/08/2013 14:10:00,   55.91,   58.66,   51.55,   61.36,   63.80,   57.94
09/08/2013 14:15:00,   55.93,   58.83,   50.74,   60.36,   63.49,   55.70
09/08/2013 14:20:00,   55.20,   58.63,   50.28,   59.78,   62.99,   55.42
09/08/2013 14:25:00,   55.85,   58.55,   51.49,   59.74,   62.27,   56.13
09/08/2013 14:30:00,   56.42,   58.96,   50.63,   61.07,   63.91,   54.09
09/08/2013 14:35:00,   55.04,   57.99,   50.77,   59.62,   62.85,   55.38
09/08/2013 14:40:00,   56.71,   59.43,   52.59,   61.47,   64.96,   56.72
09/08/2013 14:45:00,   55.72,   58.28,   51.45,   59.21,   61.27,   55.47
09/08/2013 14:50:00,   56.12,   59.06,   51.34,   59.68,   62.12,   55.00
09/08/2013 14:55:00,   56.03,   59.00,   51.56,   60.79,   63.46,   56.20
09/08/2013 15:00:00,   56.32,   58.99,   51.00,   60.64,   63.42,   55.86
09/08/2013 15:05:00,   56.47,   58.76,   52.80,   60.15,   62.43,   56.56
09/08/2013 15:10:00,   56.46,   58.96,   51.94,   60.04,   62.88,   55.94
09/08/2013 15:15:00,   56.72,   59.29,   51.45,   60.02,   62.47,   55.53
09/08/2013 15:20:00,   55.52,   58.05,   51.19,   60.03,   62.61,   55.83
09/08/2013 15:25:00,   55.71,   58.64,   51.24,   60.10,   63.16,   56.04
09/08/2013 15:30:00,   54.62,   57.43,   48.45,   59.49,   62.24,   54.23
09/08/2013 15:35:00,   56.45,   59.52,   49.56,   60.07,   62.01,   54.44
09/08/2013 15:40:00,   56.45,   59.42,   50.21,   60.58,   64.51,   53.97
09/08/2013 15:45:00,   59.80,   60.91,   51.04,   62.65,   64.91,   54.87
09/08/2013 15:50:00,   56.06,   59.39,   50.34,   59.24,   61.93,   53.99
09/08/2013 15:55:00,   56.32,   59.39,   50.91,   60.31,   62.32,   54.44
09/08/2013 16:00:00,   55.67,   59.01,   50.85,   59.44,   62.45,   54.88
09/08/2013 16:05:00,   56.66,   59.83,   50.80,   60.06,   62.95,   55.49
09/08/2013 16:10:00,   57.74,   60.14,   52.91,   61.10,   63.25,   56.81
09/08/2013 16:15:00,   57.07,   60.23,   51.06,   61.45,   65.19,   54.90
09/08/2013 16:20:00,   57.65,   61.18,   50.74,   61.58,   65.04,   55.36
09/08/2013 16:25:00,   56.32,   58.61,   52.28,   61.18,   63.71,   57.01
09/08/2013 16:30:00,   56.53,   59.01,   52.09,   60.18,   62.56,   56.18
09/08/2013 16:35:00,   56.48,   58.97,   52.95,   61.27,   63.13,   57.93
09/08/2013 16:40:00,   55.11,   57.11,   51.58,   60.13,   62.24,   56.78
09/08/2013 16:45:00,   56.55,   58.91,   52.82,   60.43,   62.57,   57.12
09/08/2013 16:50:00,   56.14,   58.51,   52.22,   60.36,   62.86,   56.95
09/08/2013 16:55:00,   55.99,   58.87,   51.12,   59.81,   62.06,   55.28
09/08/2013 17:00:00,   56.01,   59.15,   50.19,   59.71,   62.58,   53.67
09/08/2013 17:05:00,   55.81,   58.37,   51.85,   59.94,   62.62,   55.39
09/08/2013 17:10:00,   57.17,   60.05,   51.58,   60.80,   64.02,   55.64
09/08/2013 17:15:00,   56.80,   59.53,   51.69,   61.01,   63.86,   56.17
09/08/2013 17:20:00,   56.09,   58.71,   51.01,   60.05,   63.42,   55.20
09/08/2013 17:25:00,   55.91,   59.02,   50.65,   60.10,   63.43,   54.34
09/08/2013 17:30:00,   55.46,   58.39,   51.21,   59.62,   62.27,   56.02
09/08/2013 17:35:00,   55.59,   58.21,   51.71,   60.13,   62.48,   56.47
09/08/2013 17:40:00,   56.29,   58.38,   52.06,   60.99,   64.06,   56.08
09/08/2013 17:45:00,   56.79,   59.48,   51.42,   61.04,   64.32,   55.06
09/08/2013 17:50:00,   56.41,   59.58,   51.61,   59.71,   62.25,   55.70
09/08/2013 17:55:00,   56.97,   59.58,   51.65,   60.54,   63.57,   56.20
09/08/2013 18:00:00,   55.82,   58.62,   50.61,   59.30,   61.66,   54.85
09/08/2013 18:05:00,   55.73,   58.36,   51.10,   59.63,   62.37,   54.83
09/08/2013 18:10:00,   55.35,   58.50,   50.91,   58.53,   61.14,   54.37
09/08/2013 18:15:00,   56.81,   60.06,   51.32,   60.37,   64.09,   54.89
09/08/2013 18:20:00,   55.93,   58.91,   51.10,   59.82,   62.58,   54.72
09/08/2013 18:25:00,   57.44,   60.71,   51.48,   60.67,   63.69,   55.63
09/08/2013 18:30:00,   56.72,   59.92,   50.61,   59.45,   62.58,   54.36
09/08/2013 18:35:00,   56.72,   59.57,   51.33,   59.78,   62.28,   55.34
09/08/2013 18:40:00,   55.92,   58.33,   51.80,   60.06,   62.42,   55.69
09/08/2013 18:45:00,   55.16,   58.13,   50.62,   59.38,   61.85,   54.83
09/08/2013 18:50:00,   55.14,   58.83,   50.21,   59.81,   63.86,   54.64
09/08/2013 18:55:00,   55.51,   58.55,   49.58,   58.85,   61.53,   54.09
09/08/2013 19:00:00,   55.10,   58.43,   49.50,   59.23,   62.88,   53.44
09/08/2013 19:05:00,   56.44,   59.97,   49.09,   60.50,   64.91,   53.90
09/08/2013 19:10:00,   55.55,   59.07,   50.04,   58.90,   61.78,   54.84
09/08/2013 19:15:00,   55.62,   58.57,   50.24,   59.24,   61.82,   54.43
09/08/2013 19:20:00,   55.33,   58.55,   50.22,   59.02,   62.09,   53.97
09/08/2013 19:25:00,   56.14,   59.46,   51.18,   59.56,   62.27,   54.68
09/08/2013 19:30:00,   56.77,   59.28,   51.53,   61.60,   65.34,   55.41
09/08/2013 19:35:00,   55.47,   58.28,   52.00,   58.92,   61.71,   55.35
09/08/2013 19:40:00,   56.91,   59.17,   51.11,   60.76,   62.36,   54.78
09/08/2013 19:45:00,   54.88,   58.06,   49.56,   58.93,   61.33,   53.76
09/08/2013 19:50:00,   55.11,   58.24,   50.76,   58.59,   61.89,   54.15
09/08/2013 19:55:00,   56.60,   59.54,   50.84,   61.19,   65.18,   55.61
09/08/2013 20:00:00,   56.33,   59.18,   52.48,   59.15,   61.57,   55.53
09/08/2013 20:05:00,   56.97,   59.61,   51.86,   60.57,   63.46,   55.67
09/08/2013 20:10:00,   58.54,   63.10,   51.45,   62.61,   68.47,   55.07
09/08/2013 20:15:00,   56.34,   59.41,   50.75,   60.20,   63.84,   54.55
09/08/2013 20:20:00,   56.33,   59.22,   51.30,   59.87,   62.39,   55.75
09/08/2013 20:25:00,   56.18,   59.55,   51.57,   60.37,   63.10,   54.95
09/08/2013 20:30:00,   55.30,   58.41,   50.39,   59.79,   63.03,   55.08
09/08/2013 20:35:00,   57.80,   61.64,   51.70,   61.93,   65.90,   55.80
09/08/2013 20:40:00,   56.77,   59.76,   51.02,   59.30,   62.10,   55.01
09/08/2013 20:45:00,   55.52,   58.61,   50.39,   59.45,   62.91,   54.42
09/08/2013 20:50:00,   54.68,   57.90,   49.74,   57.77,   60.68,   53.28
09/08/2013 20:55:00,   55.86,   59.31,   50.22,   59.51,   62.84,   53.58
09/08/2013 21:00:00,   53.93,   57.53,   48.12,   57.79,   60.40,   52.03
09/08/2013 21:05:00,   54.39,   57.75,   48.61,   57.67,   60.66,   52.66
09/08/2013 21:10:00,   54.28,   58.64,   47.66,   57.53,   62.16,   51.44
09/08/2013 21:15:00,   53.85,   57.11,   47.72,   56.58,   59.54,   51.39
09/08/2013 21:20:00,   55.25,   57.75,   50.48,   59.19,   62.48,   54.04
09/08/2013 21:25:00,   53.28,   56.33,   47.83,   56.56,   59.28,   52.37
09/08/2013 21:30:00,   53.92,   57.79,   47.48,   56.55,   60.06,   50.51
09/08/2013 21:35:00,   54.28,   58.91,   46.59,   56.72,   60.75,   49.86
09/08/2013 21:40:00,   53.96,   57.35,   48.00,   56.92,   60.42,   51.62
09/08/2013 21:45:00,   53.34,   57.38,   47.21,   56.59,   59.86,   51.27
09/08/2013 21:50:00,   53.48,   57.95,   46.41,   56.85,   60.24,   51.03
09/08/2013 21:55:00,   53.69,   57.48,   48.68,   56.70,   59.34,   52.77
09/08/2013 22:00:00,   53.48,   58.21,   45.63,   56.28,   60.18,   50.16
09/08/2013 22:05:00,   53.44,   57.87,   45.52,   55.78,   59.83,   49.08
09/08/2013 22:10:00,   52.89,   57.34,   45.93,   55.84,   60.15,   49.75
09/08/2013 22:15:00,   52.17,   55.86,   46.44,   55.16,   58.76,   49.78
09/08/2013 22:20:00,   53.29,   57.82,   46.04,   56.00,   59.98,   49.34
09/08/2013 22:25:00,   52.37,   57.15,   45.62,   55.73,   60.28,   49.85
09/08/2013 22:30:00,   53.51,   57.27,   47.23,   56.25,   60.13,   50.51
09/08/2013 22:35:00,   52.33,   56.38,   45.87,   55.43,   59.05,   49.04
09/08/2013 22:40:00,   52.68,   57.20,   46.88,   55.77,   59.56,   50.24
09/08/2013 22:45:00,   53.01,   57.44,   47.04,   55.58,   59.22,   50.49
09/08/2013 22:50:00,   53.87,   57.39,   48.50,   58.59,   61.96,   52.85
09/08/2013 22:55:00,   52.61,   56.50,   47.03,   56.20,   59.58,   51.68
09/08/2013 23:00:00,   52.27,   57.01,   45.84,   55.53,   59.58,   50.46
09/08/2013 23:05:00,   51.47,   55.34,   46.87,   54.28,   57.36,   50.44
09/08/2013 23:10:00,   51.05,   56.07,   45.92,   54.34,   58.27,   49.79
09/08/2013 23:15:00,   52.28,   57.01,   45.95,   55.15,   59.01,   50.08
09/08/2013 23:20:00,   51.66,   55.90,   45.48,   55.39,   59.33,   49.14
09/08/2013 23:25:00,   51.60,   55.75,   46.11,   54.51,   57.54,   50.20
09/08/2013 23:30:00,   53.09,   57.23,   46.33,   57.17,   60.40,   50.86
09/08/2013 23:35:00,   51.59,   56.75,   46.50,   54.55,   59.02,   50.30
09/08/2013 23:40:00,   53.13,   57.09,   46.82,   55.53,   58.75,   50.39
09/08/2013 23:45:00,   51.54,   56.14,   45.06,   55.61,   60.86,   48.73
09/08/2013 23:50:00,   50.00,   55.66,   43.91,   53.09,   57.49,   48.22
09/08/2013 23:55:00,   52.12,   56.83,   46.26,   54.77,   58.49,   49.66

