# noise_analysis run from DCC-NOISE-001003 at Fri Jan  4 00:00:00 2013
# Monitoring unit located at 53.342609N 6.340721W
# logfile   = /home/root/noise_analysis.log
# cfg_dir   = /home/root/config
# outputdir = /home/root/noise
# Sensitivity = -25.869366
# Gain = 1.000000
# Time should be in local format (i.e. daylight savings time)
# dd/mm/yyyy hh:mm:ss, A Leq,   A L10,   A L95,   C Leq,   C L10,   C L95
04/01/2013 00:05:00,   53.71,   58.75,   44.88,   56.19,   61.25,   48.79
04/01/2013 00:10:00,   52.64,   58.23,   44.82,   55.96,   60.52,   49.78
04/01/2013 00:15:00,   50.73,   55.08,   45.84,   53.92,   57.40,   49.74
04/01/2013 00:20:00,   53.57,   58.25,   45.04,   55.48,   59.33,   49.07
04/01/2013 00:25:00,   51.57,   56.78,   44.45,   53.86,   58.23,   47.73
04/01/2013 00:30:00,   53.38,   58.17,   44.20,   55.28,   59.72,   47.45
04/01/2013 00:35:00,   53.19,   58.48,   45.52,   54.98,   59.45,   48.80
04/01/2013 00:40:00,   52.51,   58.03,   44.64,   55.67,   60.44,   47.83
04/01/2013 00:45:00,   52.94,   57.86,   45.27,   54.94,   59.41,   48.24
04/01/2013 00:50:00,   52.10,   57.71,   45.18,   54.03,   59.15,   48.45
04/01/2013 00:55:00,   51.74,   57.15,   43.88,   53.86,   58.70,   46.97
04/01/2013 01:00:00,   53.25,   58.04,   45.19,   55.51,   59.35,   48.50
04/01/2013 01:05:00,   53.14,   58.38,   44.93,   55.19,   59.70,   48.46
04/01/2013 01:10:00,   51.51,   56.52,   43.77,   54.04,   59.03,   47.50
04/01/2013 01:15:00,   51.17,   58.07,   42.82,   53.61,   59.90,   46.82
04/01/2013 01:20:00,   51.60,   57.57,   43.48,   53.81,   58.37,   47.10
04/01/2013 01:25:00,   48.26,   53.12,   41.84,   50.47,   55.09,   45.57
04/01/2013 01:30:00,   51.94,   56.80,   42.49,   53.39,   58.01,   45.60
04/01/2013 01:35:00,   49.79,   54.68,   42.20,   52.02,   55.99,   46.22
04/01/2013 01:40:00,   49.52,   56.65,   41.37,   51.70,   57.81,   44.76
04/01/2013 01:45:00,   48.67,   55.00,   41.09,   50.75,   56.24,   44.73
04/01/2013 01:50:00,   43.84,   47.22,   38.96,   47.23,   49.68,   43.36
04/01/2013 01:55:00,   49.48,   56.00,   39.96,   51.20,   56.84,   44.31
04/01/2013 02:00:00,   49.70,   56.75,   39.33,   51.79,   58.87,   43.46
04/01/2013 02:05:00,   48.63,   55.69,   40.91,   50.38,   56.82,   44.52
04/01/2013 02:10:00,   48.60,   55.56,   39.97,   50.92,   57.33,   43.84
04/01/2013 02:15:00,   47.84,   53.55,   40.01,   51.28,   57.46,   43.63
04/01/2013 02:20:00,   46.28,   52.31,   40.47,   48.87,   54.22,   44.05
04/01/2013 02:25:00,   48.23,   55.03,   39.33,   50.24,   56.08,   43.21
04/01/2013 02:30:00,   48.47,   54.84,   38.79,   50.80,   57.79,   42.85
04/01/2013 02:35:00,   43.24,   46.83,   38.33,   46.24,   49.13,   42.61
04/01/2013 02:40:00,   47.21,   54.06,   39.16,   49.42,   55.70,   43.44
04/01/2013 02:45:00,   46.19,   52.00,   39.64,   49.10,   53.88,   43.78
04/01/2013 02:50:00,   46.48,   53.56,   39.23,   49.71,   55.39,   43.37
04/01/2013 02:55:00,   47.69,   55.78,   39.44,   50.61,   57.11,   44.12
04/01/2013 03:00:00,   47.09,   52.51,   39.43,   51.94,   58.11,   44.10
04/01/2013 03:05:00,   46.58,   53.33,   39.32,   49.43,   54.51,   44.11
04/01/2013 03:10:00,   46.14,   53.34,   39.54,   50.95,   55.72,   44.51
04/01/2013 03:15:00,   47.41,   52.67,   39.63,   52.18,   57.92,   44.74
04/01/2013 03:20:00,   44.05,   49.39,   38.18,   48.54,   54.50,   42.70
04/01/2013 03:25:00,   45.92,   51.56,   39.85,   50.79,   55.55,   44.35
04/01/2013 03:30:00,   41.27,   43.79,   38.45,   46.60,   50.69,   42.48
04/01/2013 03:35:00,   48.43,   55.41,   38.95,   52.86,   58.81,   43.55
04/01/2013 03:40:00,   45.84,   50.61,   38.32,   50.24,   56.49,   43.23
04/01/2013 03:45:00,   47.60,   54.70,   38.34,   50.91,   57.13,   43.41
04/01/2013 03:50:00,   47.14,   51.09,   39.38,   49.73,   53.36,   43.51
04/01/2013 03:55:00,   47.91,   53.84,   40.13,   52.19,   57.06,   44.87
04/01/2013 04:00:00,   44.79,   48.94,   38.94,   48.63,   53.04,   43.55
04/01/2013 04:05:00,   47.15,   53.71,   39.01,   50.73,   56.36,   44.02
04/01/2013 04:10:00,   46.32,   51.85,   39.58,   50.86,   57.87,   44.26
04/01/2013 04:15:00,   47.75,   53.87,   40.67,   52.18,   57.79,   45.14
04/01/2013 04:20:00,   45.12,   49.84,   40.49,   50.54,   56.36,   44.69
04/01/2013 04:25:00,   47.08,   51.99,   40.23,   50.76,   55.58,   44.54
04/01/2013 04:30:00,   46.72,   52.36,   41.87,   50.71,   55.52,   46.03
04/01/2013 04:35:00,   47.55,   53.53,   41.93,   50.90,   56.13,   46.24
04/01/2013 04:40:00,   49.49,   55.84,   42.10,   52.11,   57.43,   46.72
04/01/2013 04:45:00,   48.44,   55.33,   42.16,   51.87,   57.99,   46.41
04/01/2013 04:50:00,   47.44,   52.90,   42.28,   51.49,   56.42,   46.73
04/01/2013 04:55:00,   47.91,   52.63,   42.68,   51.77,   56.19,   46.67
04/01/2013 05:00:00,   47.39,   53.90,   41.94,   50.00,   55.14,   46.01
04/01/2013 05:05:00,   46.52,   50.94,   42.31,   50.23,   53.61,   46.81
04/01/2013 05:10:00,   46.80,   51.37,   42.39,   49.82,   53.76,   46.44
04/01/2013 05:15:00,   47.25,   53.57,   42.12,   49.95,   54.93,   46.30
04/01/2013 05:20:00,   48.94,   55.18,   43.34,   51.45,   57.08,   47.34
04/01/2013 05:25:00,   49.31,   55.27,   44.15,   51.69,   56.37,   48.10
04/01/2013 05:30:00,   50.16,   56.76,   44.87,   52.75,   58.00,   48.73
04/01/2013 05:35:00,   51.07,   56.12,   45.84,   54.46,   58.97,   50.11
04/01/2013 05:40:00,   51.86,   57.36,   46.39,   54.47,   58.36,   50.34
04/01/2013 05:45:00,   53.61,   59.13,   46.81,   55.41,   60.12,   50.37
04/01/2013 05:50:00,   52.42,   58.30,   46.01,   56.77,   61.69,   49.96
04/01/2013 05:55:00,   52.43,   58.28,   45.11,   54.63,   59.38,   49.33
04/01/2013 06:00:00,   52.79,   58.49,   46.72,   55.07,   59.52,   50.31
04/01/2013 06:05:00,   52.94,   57.19,   46.92,   56.07,   60.58,   50.56
04/01/2013 06:10:00,   53.19,   57.06,   46.96,   55.63,   59.26,   50.79
04/01/2013 06:15:00,   52.61,   57.75,   47.56,   55.50,   59.88,   51.67
04/01/2013 06:20:00,   53.24,   58.72,   47.53,   55.57,   59.98,   51.58
04/01/2013 06:25:00,   55.13,   59.57,   48.36,   58.18,   62.04,   52.14
04/01/2013 06:30:00,   54.90,   59.12,   49.33,   58.84,   63.09,   53.13
04/01/2013 06:35:00,   56.02,   60.41,   49.94,   61.02,   66.78,   53.55
04/01/2013 06:40:00,   55.40,   59.91,   48.47,   59.24,   64.77,   53.03
04/01/2013 06:45:00,   55.81,   60.43,   49.64,   59.63,   64.09,   53.41
04/01/2013 06:50:00,   55.71,   60.12,   49.90,   59.18,   63.72,   53.85
04/01/2013 06:55:00,   53.43,   57.17,   48.44,   57.21,   60.93,   52.35
04/01/2013 07:00:00,   55.42,   59.50,   49.88,   58.70,   62.64,   53.74
04/01/2013 07:05:00,   57.56,   61.54,   52.78,   61.79,   65.62,   55.63
04/01/2013 07:10:00,   56.09,   59.10,   51.02,   60.09,   63.15,   55.36
04/01/2013 07:15:00,   55.95,   59.88,   50.68,   58.69,   62.34,   53.84
04/01/2013 07:20:00,   57.13,   60.90,   51.26,   61.41,   65.13,   55.89
04/01/2013 07:25:00,   56.06,   60.23,   50.70,   60.16,   63.42,   54.71
04/01/2013 07:30:00,   55.81,   59.34,   50.74,   59.32,   62.38,   54.80
04/01/2013 07:35:00,   58.06,   61.84,   52.45,   62.30,   66.35,   55.40
04/01/2013 07:40:00,   57.81,   60.69,   51.99,   61.10,   64.26,   55.34
04/01/2013 07:45:00,   58.25,   61.55,   53.13,   61.47,   64.76,   56.51
04/01/2013 07:50:00,   56.36,   59.81,   51.85,   59.58,   63.27,   55.32
04/01/2013 07:55:00,   58.99,   61.60,   52.52,   61.93,   64.57,   57.09
04/01/2013 08:00:00,   58.05,   61.24,   53.00,   61.62,   64.44,   56.80
04/01/2013 08:05:00,   56.42,   59.42,   52.57,   60.19,   63.20,   56.46
04/01/2013 08:10:00,   57.68,   61.01,   52.92,   60.67,   63.56,   56.45
04/01/2013 08:15:00,   57.13,   60.09,   53.25,   60.43,   63.15,   56.48
04/01/2013 08:20:00,   57.64,   60.49,   53.48,   61.41,   64.34,   56.91
04/01/2013 08:25:00,   57.82,   60.30,   53.29,   61.58,   64.71,   56.93
04/01/2013 08:30:00,   58.03,   61.75,   53.22,   62.41,   65.66,   57.15
04/01/2013 08:35:00,   58.26,   61.54,   52.48,   62.18,   65.36,   56.20
04/01/2013 08:40:00,   58.01,   61.05,   53.39,   61.17,   63.56,   57.37
04/01/2013 08:45:00,   57.02,   60.11,   52.58,   60.26,   63.26,   56.23
04/01/2013 08:50:00,   56.93,   60.36,   53.00,   59.89,   62.82,   55.96
04/01/2013 08:55:00,   57.47,   60.70,   53.06,   60.75,   63.55,   56.74
04/01/2013 09:00:00,   58.29,   61.77,   52.65,   62.02,   65.68,   56.86
04/01/2013 09:05:00,   57.63,   61.04,   53.07,   60.66,   63.26,   56.62
04/01/2013 09:10:00,   57.18,   60.75,   52.45,   60.97,   64.63,   56.22
04/01/2013 09:15:00,   57.46,   60.86,   51.88,   61.40,   64.23,   56.89
04/01/2013 09:20:00,   57.31,   60.79,   51.63,   60.52,   63.90,   55.15
04/01/2013 09:25:00,   56.84,   61.07,   50.54,   60.21,   63.84,   54.37
04/01/2013 09:30:00,   57.69,   61.00,   52.23,   61.10,   64.93,   55.60
04/01/2013 09:35:00,   56.63,   60.89,   51.15,   59.85,   64.03,   54.79
04/01/2013 09:40:00,   57.39,   61.38,   50.70,   60.32,   63.65,   53.81
04/01/2013 09:45:00,   56.73,   59.98,   50.96,   59.92,   63.10,   55.03
04/01/2013 09:50:00,   58.22,   61.41,   52.23,   62.51,   64.19,   56.58
04/01/2013 09:55:00,   56.59,   59.89,   50.44,   59.51,   62.08,   55.67
04/01/2013 10:00:00,   58.51,   60.67,   50.48,   61.91,   64.51,   54.34
04/01/2013 10:05:00,   55.37,   58.74,   49.57,   59.05,   61.83,   53.37
04/01/2013 10:10:00,   57.18,   61.01,   51.05,   61.35,   65.23,   55.35
04/01/2013 10:15:00,   55.04,   58.61,   49.35,   57.90,   61.26,   53.38
04/01/2013 10:20:00,   57.66,   60.83,   52.27,   61.07,   63.72,   56.09
04/01/2013 10:25:00,   57.35,   61.11,   49.42,   60.72,   65.17,   54.04
04/01/2013 10:30:00,   55.87,   58.80,   49.61,   58.87,   62.07,   53.93
04/01/2013 10:35:00,   58.19,   63.64,   48.49,   59.60,   63.17,   53.73
04/01/2013 10:40:00,   54.70,   58.83,   47.50,   58.77,   62.71,   53.04
04/01/2013 10:45:00,   55.56,   59.24,   48.38,   58.35,   61.22,   53.18
04/01/2013 10:50:00,   54.96,   58.57,   49.26,   57.85,   60.80,   53.86
04/01/2013 10:55:00,   55.12,   58.63,   48.51,   58.63,   61.60,   52.60
04/01/2013 11:00:00,   55.59,   59.81,   50.30,   58.60,   62.16,   53.62
04/01/2013 11:05:00,   57.40,   61.53,   50.85,   60.32,   63.72,   55.17
04/01/2013 11:10:00,   59.44,   62.11,   54.95,   63.12,   65.88,   58.61
04/01/2013 11:15:00,   58.32,   61.80,   52.52,   61.07,   63.71,   56.52
04/01/2013 11:20:00,   58.32,   61.54,   53.70,   62.09,   65.23,   56.83
04/01/2013 11:25:00,   58.34,   62.26,   52.69,   62.63,   66.81,   57.36
04/01/2013 11:30:00,   58.33,   62.00,   52.33,   61.75,   64.81,   56.46
04/01/2013 11:35:00,   59.05,   61.58,   53.52,   62.35,   65.60,   57.03
04/01/2013 11:40:00,   57.25,   60.24,   52.78,   61.30,   63.60,   57.17
04/01/2013 11:45:00,   57.31,   61.22,   51.76,   60.98,   64.76,   55.19
04/01/2013 11:50:00,   56.59,   60.53,   49.82,   59.95,   63.38,   54.16
04/01/2013 11:55:00,   56.97,   60.01,   51.84,   61.18,   64.15,   56.59
04/01/2013 12:00:00,   58.26,   61.19,   49.72,   63.03,   66.59,   54.62
04/01/2013 12:05:00,   57.59,   60.73,   53.14,   61.18,   64.11,   57.09
04/01/2013 12:10:00,   58.92,   61.93,   53.85,   62.19,   64.59,   57.89
04/01/2013 12:15:00,   58.96,   61.80,   53.22,   62.12,   64.43,   58.55
04/01/2013 12:20:00,   57.51,   61.30,   52.36,   62.06,   66.32,   57.56
04/01/2013 12:25:00,   58.22,   61.30,   53.78,   61.30,   64.36,   57.29
04/01/2013 12:30:00,   58.88,   61.73,   53.79,   62.64,   65.86,   56.74
04/01/2013 12:35:00,   57.43,   61.23,   50.76,   60.29,   63.05,   55.75
04/01/2013 12:40:00,   56.85,   59.77,   52.81,   60.21,   62.82,   57.00
04/01/2013 12:45:00,   57.13,   60.91,   51.73,   60.80,   64.64,   56.42
04/01/2013 12:50:00,   58.43,   61.34,   53.88,   62.22,   65.08,   57.68
04/01/2013 12:55:00,   58.23,   60.81,   53.93,   61.38,   63.80,   57.81
04/01/2013 13:00:00,   59.62,   62.71,   54.19,   62.60,   65.21,   58.14
04/01/2013 13:05:00,   58.70,   61.28,   53.95,   61.52,   64.10,   56.89
04/01/2013 13:10:00,   59.69,   61.94,   55.38,   63.09,   65.40,   59.71
04/01/2013 13:15:00,   59.07,   61.61,   54.21,   61.85,   64.61,   57.94
04/01/2013 13:20:00,   58.30,   60.87,   54.28,   61.84,   64.77,   57.68
04/01/2013 13:25:00,   58.83,   61.77,   53.69,   61.66,   63.92,   57.08
04/01/2013 13:30:00,   57.50,   60.31,   53.87,   61.21,   63.63,   57.57
04/01/2013 13:35:00,   57.56,   60.36,   53.31,   61.09,   63.58,   57.54
04/01/2013 13:40:00,   58.55,   61.14,   54.07,   61.95,   64.10,   57.77
04/01/2013 13:45:00,   58.50,   61.10,   55.05,   61.75,   63.67,   58.87
04/01/2013 13:50:00,   59.83,   63.30,   54.35,   63.46,   67.44,   57.71
04/01/2013 13:55:00,   58.75,   61.75,   54.11,   62.20,   64.74,   58.04
04/01/2013 14:00:00,   59.16,   61.84,   55.26,   63.39,   66.03,   59.07
04/01/2013 14:05:00,   58.44,   61.20,   54.50,   62.05,   64.69,   58.27
04/01/2013 14:10:00,   58.48,   60.77,   54.85,   62.37,   64.82,   58.28
04/01/2013 14:15:00,   58.65,   61.14,   53.95,   61.57,   63.80,   56.54
04/01/2013 14:20:00,   58.16,   60.68,   54.15,   61.37,   63.72,   57.74
04/01/2013 14:25:00,   58.46,   60.77,   53.89,   62.65,   64.91,   57.92
04/01/2013 14:30:00,   57.02,   59.85,   53.29,   61.92,   64.32,   58.04
04/01/2013 14:35:00,   58.98,   61.37,   54.77,   62.16,   63.93,   58.16
04/01/2013 14:40:00,   59.07,   61.64,   55.23,   62.73,   65.71,   58.62
04/01/2013 14:45:00,   59.08,   61.65,   54.83,   61.62,   63.68,   57.93
04/01/2013 14:50:00,   59.07,   61.76,   55.57,   63.51,   66.71,   59.17
04/01/2013 14:55:00,   58.14,   60.52,   54.66,   61.98,   64.33,   58.31
04/01/2013 15:00:00,   58.74,   61.00,   55.07,   62.28,   65.04,   58.04
04/01/2013 15:05:00,   59.19,   61.32,   54.95,   63.64,   66.76,   59.15
04/01/2013 15:10:00,   59.72,   61.79,   55.33,   62.86,   65.63,   58.60
04/01/2013 15:15:00,   59.08,   61.46,   55.10,   62.22,   64.88,   57.94
04/01/2013 15:20:00,   58.38,   61.39,   53.88,   61.45,   64.55,   57.14
04/01/2013 15:25:00,   58.54,   61.30,   53.57,   63.33,   66.84,   57.37
04/01/2013 15:30:00,   59.23,   61.56,   55.02,   62.42,   65.06,   57.99
04/01/2013 15:35:00,   58.29,   61.25,   53.08,   60.78,   63.25,   56.50
04/01/2013 15:40:00,   61.32,   61.44,   53.37,   63.50,   64.53,   56.76
04/01/2013 15:45:00,   57.60,   60.58,   53.08,   61.57,   64.09,   57.62
04/01/2013 15:50:00,   60.61,   61.74,   53.22,   63.25,   65.40,   57.16
04/01/2013 15:55:00,   57.42,   60.36,   53.00,   60.85,   63.31,   57.09
04/01/2013 16:00:00,   58.89,   61.74,   54.05,   62.31,   65.49,   57.54
04/01/2013 16:05:00,   58.14,   60.89,   53.16,   61.70,   64.02,   57.89
04/01/2013 16:10:00,   58.82,   61.34,   54.50,   61.83,   63.87,   58.52
04/01/2013 16:15:00,   58.07,   60.46,   53.84,   62.26,   65.13,   57.52
04/01/2013 16:20:00,   57.51,   60.06,   53.35,   61.82,   64.43,   58.05
04/01/2013 16:25:00,   58.09,   60.85,   53.37,   61.75,   64.21,   57.52
04/01/2013 16:30:00,   57.74,   60.98,   53.14,   61.63,   65.15,   56.52
04/01/2013 16:35:00,   57.68,   61.00,   53.47,   61.06,   63.63,   57.05
04/01/2013 16:40:00,   57.26,   59.58,   52.00,   60.68,   62.93,   56.12
04/01/2013 16:45:00,   57.32,   60.09,   53.44,   60.58,   62.72,   56.89
04/01/2013 16:50:00,   57.70,   60.71,   53.04,   61.77,   63.90,   57.08
04/01/2013 16:55:00,   57.78,   60.91,   52.93,   61.61,   64.21,   57.34
04/01/2013 17:00:00,   57.09,   60.43,   52.47,   61.09,   64.23,   56.63
04/01/2013 17:05:00,   57.40,   60.86,   52.21,   62.05,   65.52,   56.80
04/01/2013 17:10:00,   58.04,   61.55,   52.89,   61.57,   64.85,   57.19
04/01/2013 17:15:00,   57.71,   60.65,   53.21,   60.80,   62.90,   56.47
04/01/2013 17:20:00,   57.05,   60.27,   52.78,   59.98,   62.85,   56.57
04/01/2013 17:25:00,   56.84,   60.22,   52.27,   60.96,   63.88,   56.10
04/01/2013 17:30:00,   57.88,   60.57,   52.75,   60.91,   63.41,   56.00
04/01/2013 17:35:00,   57.74,   61.08,   52.63,   62.01,   65.38,   57.10
04/01/2013 17:40:00,   57.46,   60.64,   51.52,   60.51,   63.26,   54.85
04/01/2013 17:45:00,   57.57,   60.81,   52.50,   59.81,   62.33,   55.94
04/01/2013 17:50:00,   56.77,   59.52,   52.45,   60.01,   62.41,   55.85
04/01/2013 17:55:00,   57.72,   60.98,   52.81,   60.97,   63.64,   57.32
04/01/2013 18:00:00,   61.03,   63.15,   54.41,   65.08,   67.23,   58.63
04/01/2013 18:05:00,   59.43,   62.14,   52.56,   64.36,   68.97,   56.90
04/01/2013 18:10:00,   58.02,   61.02,   51.75,   61.07,   63.43,   56.36
04/01/2013 18:15:00,   58.41,   61.45,   52.37,   61.39,   63.82,   56.03
04/01/2013 18:20:00,   58.14,   61.20,   52.23,   62.13,   64.81,   55.98
04/01/2013 18:25:00,   57.91,   60.79,   53.68,   61.00,   63.21,   57.54
04/01/2013 18:30:00,   57.05,   60.46,   52.46,   59.70,   62.23,   55.90
04/01/2013 18:35:00,   57.90,   61.11,   52.17,   61.10,   63.74,   56.50
04/01/2013 18:40:00,   57.61,   60.60,   52.46,   60.45,   63.47,   55.93
04/01/2013 18:45:00,   57.75,   60.63,   53.67,   60.78,   63.54,   56.60
04/01/2013 18:50:00,   56.91,   60.07,   52.11,   59.74,   62.34,   55.38
04/01/2013 18:55:00,   57.07,   60.27,   52.14,   60.35,   63.31,   56.09
04/01/2013 19:00:00,   57.35,   60.57,   52.23,   60.10,   62.63,   55.79
04/01/2013 19:05:00,   57.82,   61.05,   52.66,   62.12,   64.94,   57.07
04/01/2013 19:10:00,   58.68,   61.51,   52.97,   61.71,   64.43,   56.16
04/01/2013 19:15:00,   58.58,   61.66,   51.31,   60.96,   63.88,   55.42
04/01/2013 19:20:00,   57.64,   61.02,   51.00,   60.12,   62.99,   54.54
04/01/2013 19:25:00,   57.88,   61.64,   50.70,   61.50,   67.40,   54.20
04/01/2013 19:30:00,   56.68,   60.29,   51.36,   59.47,   62.43,   54.58
04/01/2013 19:35:00,   58.65,   62.07,   51.98,   61.93,   65.36,   55.55
04/01/2013 19:40:00,   56.59,   60.26,   51.75,   59.69,   62.89,   55.59
04/01/2013 19:45:00,   57.62,   60.44,   51.88,   60.67,   63.05,   55.35
04/01/2013 19:50:00,   56.97,   60.26,   51.32,   59.73,   62.76,   54.79
04/01/2013 19:55:00,   57.16,   60.84,   51.14,   60.47,   63.65,   54.36
04/01/2013 20:00:00,   56.76,   59.96,   51.99,   59.30,   62.19,   55.26
04/01/2013 20:05:00,   57.33,   60.80,   52.14,   59.75,   62.94,   54.65
04/01/2013 20:10:00,   57.85,   60.54,   50.34,   61.94,   65.00,   55.37
04/01/2013 20:15:00,   57.03,   60.16,   51.58,   59.42,   62.25,   54.81
04/01/2013 20:20:00,   56.41,   59.43,   50.33,   59.40,   62.13,   53.86
04/01/2013 20:25:00,   57.01,   60.78,   50.70,   58.87,   61.87,   53.10
04/01/2013 20:30:00,   57.45,   61.25,   51.06,   60.52,   63.75,   55.37
04/01/2013 20:35:00,   56.13,   60.10,   49.13,   58.58,   62.24,   52.53
04/01/2013 20:40:00,   56.73,   60.68,   50.73,   59.89,   63.22,   54.74
04/01/2013 20:45:00,   59.28,   65.38,   50.32,   63.80,   69.62,   55.52
04/01/2013 20:50:00,   57.38,   60.42,   50.71,   61.01,   63.88,   55.39
04/01/2013 20:55:00,   55.28,   59.69,   48.13,   58.26,   61.21,   52.22
04/01/2013 21:00:00,   55.69,   59.07,   49.29,   58.52,   61.54,   53.59
04/01/2013 21:05:00,   56.34,   60.73,   48.45,   59.74,   64.11,   53.04
04/01/2013 21:10:00,   55.96,   60.13,   49.75,   58.57,   61.78,   53.64
04/01/2013 21:15:00,   56.03,   59.80,   48.79,   60.29,   63.64,   53.13
04/01/2013 21:20:00,   56.53,   60.36,   49.87,   59.71,   62.95,   54.14
04/01/2013 21:25:00,   56.35,   60.38,   48.51,   59.88,   62.99,   52.80
04/01/2013 21:30:00,   56.48,   60.50,   47.66,   58.88,   62.21,   51.40
04/01/2013 21:35:00,   56.59,   61.13,   47.92,   58.49,   62.51,   51.34
04/01/2013 21:40:00,   56.97,   60.73,   49.55,   59.47,   62.71,   53.41
04/01/2013 21:45:00,   57.09,   60.58,   51.22,   60.21,   63.50,   54.20
04/01/2013 21:50:00,   55.15,   58.69,   48.35,   57.95,   61.98,   51.30
04/01/2013 21:55:00,   55.74,   59.46,   50.20,   58.92,   61.95,   54.42
04/01/2013 22:00:00,   57.00,   60.06,   50.74,   59.04,   61.73,   53.57
04/01/2013 22:05:00,   55.69,   59.66,   49.60,   57.51,   60.78,   52.44
04/01/2013 22:10:00,   56.50,   59.99,   50.41,   59.06,   62.19,   54.69
04/01/2013 22:15:00,   56.66,   59.93,   50.37,   59.92,   62.89,   54.55
04/01/2013 22:20:00,   56.66,   60.06,   51.07,   58.96,   61.81,   53.42
04/01/2013 22:25:00,   56.09,   59.75,   48.95,   59.30,   62.41,   52.68
04/01/2013 22:30:00,   54.10,   59.16,   47.85,   56.44,   61.03,   51.31
04/01/2013 22:35:00,   54.80,   60.15,   46.90,   58.32,   63.90,   50.53
04/01/2013 22:40:00,   59.88,   62.15,   49.34,   61.10,   63.13,   52.08
04/01/2013 22:45:00,   54.48,   58.66,   48.85,   57.07,   61.28,   51.62
04/01/2013 22:50:00,   56.71,   60.56,   49.43,   59.84,   63.69,   52.37
04/01/2013 22:55:00,   54.46,   59.15,   45.68,   56.27,   60.39,   49.32
04/01/2013 23:00:00,   54.93,   59.04,   46.42,   58.05,   61.76,   50.07
04/01/2013 23:05:00,   54.03,   59.24,   46.58,   56.47,   61.33,   50.21
04/01/2013 23:10:00,   54.04,   58.43,   45.54,   57.18,   62.08,   49.80
04/01/2013 23:15:00,   54.40,   58.82,   46.65,   56.84,   60.65,   50.58
04/01/2013 23:20:00,   53.94,   58.38,   46.14,   56.88,   60.91,   50.00
04/01/2013 23:25:00,   55.68,   60.20,   46.82,   58.75,   62.99,   49.87
04/01/2013 23:30:00,   53.93,   57.97,   45.92,   56.16,   60.03,   49.01
04/01/2013 23:35:00,   53.46,   59.26,   43.38,   55.98,   61.48,   46.79
04/01/2013 23:40:00,   54.31,   59.12,   45.94,   57.11,   61.62,   49.27
04/01/2013 23:45:00,   53.89,   58.65,   44.16,   55.92,   59.86,   49.49
04/01/2013 23:50:00,   55.82,   60.08,   49.65,   57.76,   61.17,   52.10
04/01/2013 23:55:00,   52.54,   57.08,   44.49,   54.78,   59.08,   48.05

