# noise_analysis run from DCC-NOISE-001014 at Thu Jan 24 00:00:00 2013
# Monitoring unit located at 53.278938N 6.315392W
# logfile   = /home/root/noise_analysis.log
# cfg_dir   = /home/root/config
# outputdir = /home/root/noise
# Sensitivity = -26.577707
# Gain = 1.000000
# Time should be in local format (i.e. daylight savings time)
# dd/mm/yyyy hh:mm:ss, A Leq,   A L10,   A L95,   C Leq,   C L10,   C L95
24/01/2013 00:05:00,   54.77,   59.49,   45.69,   56.87,   61.39,   48.79
24/01/2013 00:10:00,   53.15,   58.87,   43.47,   55.36,   60.23,   46.40
24/01/2013 00:15:00,   52.55,   58.43,   42.54,   55.62,   61.33,   45.78
24/01/2013 00:20:00,   53.40,   58.81,   42.94,   56.09,   60.40,   47.04
24/01/2013 00:25:00,   53.68,   59.05,   44.13,   56.51,   61.46,   46.38
24/01/2013 00:30:00,   54.31,   60.02,   44.05,   56.73,   61.93,   47.03
24/01/2013 00:35:00,   53.05,   59.07,   41.71,   55.02,   59.92,   44.98
24/01/2013 00:40:00,   53.00,   58.74,   42.81,   55.70,   61.04,   46.80
24/01/2013 00:45:00,   53.29,   57.78,   44.34,   55.53,   59.84,   47.78
24/01/2013 00:50:00,   52.90,   57.84,   41.06,   56.21,   61.07,   45.52
24/01/2013 00:55:00,   53.01,   59.23,   42.32,   55.13,   60.02,   45.14
24/01/2013 01:00:00,   55.44,   61.49,   42.79,   58.14,   63.76,   46.26
24/01/2013 01:05:00,   52.23,   58.47,   41.68,   54.08,   59.52,   45.37
24/01/2013 01:10:00,   53.13,   58.13,   42.36,   57.01,   62.14,   47.56
24/01/2013 01:15:00,   54.20,   59.72,   42.33,   57.06,   61.16,   46.20
24/01/2013 01:20:00,   54.76,   60.25,   43.56,   56.27,   61.73,   46.83
24/01/2013 01:25:00,   53.88,   59.05,   44.90,   57.53,   62.90,   47.84
24/01/2013 01:30:00,   52.02,   58.52,   41.54,   53.74,   59.45,   44.92
24/01/2013 01:35:00,   52.00,   58.73,   41.77,   53.41,   59.46,   44.96
24/01/2013 01:40:00,   50.77,   57.17,   39.28,   52.54,   58.81,   43.22
24/01/2013 01:45:00,   52.06,   58.98,   39.64,   53.27,   59.66,   43.38
24/01/2013 01:50:00,   52.43,   58.99,   40.94,   53.90,   60.21,   43.63
24/01/2013 01:55:00,   51.45,   58.04,   39.75,   53.63,   59.00,   43.81
24/01/2013 02:00:00,   54.02,   60.42,   41.89,   55.28,   61.06,   45.53
24/01/2013 02:05:00,   50.70,   57.50,   39.06,   52.52,   58.74,   42.21
24/01/2013 02:10:00,   52.00,   58.94,   40.76,   53.80,   59.94,   43.95
24/01/2013 02:15:00,   52.33,   58.70,   40.03,   54.64,   60.22,   43.18
24/01/2013 02:20:00,   52.91,   60.64,   41.74,   55.87,   62.33,   44.89
24/01/2013 02:25:00,   51.78,   58.04,   42.38,   53.92,   59.50,   46.44
24/01/2013 02:30:00,   51.96,   59.76,   40.02,   54.90,   61.09,   43.22
24/01/2013 01:21:00,   50.27,   58.12,   39.07,   51.90,   58.85,   42.30
24/01/2013 01:26:00,   54.74,   60.49,   42.32,   57.18,   63.02,   45.81
24/01/2013 01:31:00,   52.61,   58.65,   40.18,   54.61,   60.04,   43.85
24/01/2013 01:36:00,   52.48,   59.94,   41.36,   53.96,   60.45,   44.48
24/01/2013 01:41:00,   50.48,   57.45,   40.09,   51.87,   58.31,   42.73
24/01/2013 01:46:00,   51.47,   59.43,   39.97,   52.26,   59.56,   42.60
24/01/2013 01:51:00,   50.36,   57.86,   40.15,   52.56,   59.29,   42.95
24/01/2013 01:56:00,   48.19,   54.54,   36.98,   49.91,   56.20,   40.16
24/01/2013 02:01:00,   49.07,   56.61,   37.41,   52.71,   59.31,   41.00
24/01/2013 02:06:00,   50.72,   56.56,   38.00,   55.07,   60.74,   42.45
24/01/2013 02:11:00,   47.42,   55.40,   36.78,   49.36,   56.66,   40.93
24/01/2013 02:16:00,   50.44,   57.63,   39.03,   52.23,   58.69,   42.04
24/01/2013 02:21:00,   47.09,   55.45,   35.40,   49.04,   56.59,   40.07
24/01/2013 02:26:00,   47.29,   54.04,   37.67,   49.16,   55.16,   42.11
24/01/2013 02:31:00,   44.44,   50.47,   36.31,   46.66,   51.43,   40.85
24/01/2013 02:36:00,   44.20,   48.57,   36.53,   46.43,   50.54,   41.25
24/01/2013 02:41:00,   48.64,   56.34,   35.35,   50.25,   57.55,   39.80
24/01/2013 02:46:00,   43.01,   50.12,   34.33,   44.98,   50.89,   38.49
24/01/2013 02:51:00,   44.83,   52.76,   34.59,   48.31,   55.72,   38.92
24/01/2013 02:56:00,   43.29,   49.52,   34.81,   45.61,   51.57,   39.42
24/01/2013 03:01:00,   45.25,   50.68,   35.82,   48.28,   53.87,   40.74
24/01/2013 03:06:00,   45.64,   53.58,   36.06,   48.44,   54.91,   42.15
24/01/2013 03:11:00,   50.74,   57.49,   39.40,   52.85,   58.66,   43.80
24/01/2013 03:16:00,   44.74,   53.00,   35.67,   47.94,   54.86,   39.67
24/01/2013 03:21:00,   48.01,   57.34,   36.21,   49.47,   58.20,   39.91
24/01/2013 03:26:00,   57.17,   64.27,   36.14,   60.21,   66.26,   40.18
24/01/2013 03:31:00,   61.73,   66.01,   50.35,   65.30,   69.48,   56.03
24/01/2013 03:36:00,   60.53,   64.49,   49.25,   64.49,   68.00,   56.85
24/01/2013 03:41:00,   60.90,   66.05,   50.19,   63.78,   68.72,   54.74
24/01/2013 03:46:00,   59.04,   63.88,   49.56,   62.90,   67.30,   54.96
24/01/2013 03:51:00,   60.45,   63.52,   54.27,   63.86,   67.19,   58.65
24/01/2013 03:56:00,   59.49,   65.36,   44.28,   63.00,   68.27,   49.05
24/01/2013 04:01:00,   49.11,   56.65,   36.03,   51.93,   58.19,   40.35
24/01/2013 04:06:00,   48.39,   56.87,   35.46,   50.10,   58.35,   39.66
24/01/2013 04:11:00,   47.03,   54.92,   36.46,   48.54,   55.81,   40.28
24/01/2013 04:16:00,   48.15,   56.05,   36.95,   51.23,   57.91,   41.34
24/01/2013 04:21:00,   49.01,   55.88,   36.86,   52.10,   59.10,   40.87
24/01/2013 04:26:00,   47.76,   55.80,   37.09,   50.37,   57.99,   41.08
24/01/2013 04:31:00,   41.17,   43.72,   36.69,   44.15,   47.64,   40.67
24/01/2013 04:36:00,   43.22,   49.96,   36.47,   46.00,   52.48,   40.50
24/01/2013 04:41:00,   47.13,   55.30,   36.61,   49.34,   57.01,   41.02
24/01/2013 04:46:00,   43.58,   49.59,   37.56,   47.10,   53.05,   41.66
24/01/2013 04:51:00,   47.42,   55.71,   39.09,   50.69,   58.20,   43.32
24/01/2013 04:56:00,   45.44,   53.52,   38.32,   47.79,   54.45,   42.34
24/01/2013 05:01:00,   47.43,   54.26,   39.26,   49.86,   55.88,   43.18
24/01/2013 05:06:00,   46.24,   52.84,   37.66,   49.98,   55.58,   41.79
24/01/2013 05:11:00,   43.87,   47.11,   37.36,   46.91,   49.74,   41.54
24/01/2013 05:16:00,   48.53,   57.50,   39.27,   50.48,   58.04,   42.86
24/01/2013 05:21:00,   50.50,   57.67,   38.90,   52.93,   60.01,   43.38
24/01/2013 05:26:00,   49.63,   57.29,   39.06,   51.50,   58.46,   42.88
24/01/2013 05:31:00,   49.97,   56.23,   41.88,   52.53,   58.17,   46.29
24/01/2013 05:36:00,   52.64,   59.87,   42.48,   55.34,   61.64,   46.45
24/01/2013 05:41:00,   49.65,   56.69,   42.13,   51.73,   57.79,   46.01
24/01/2013 05:46:00,   52.78,   58.80,   43.54,   56.83,   61.43,   47.59
24/01/2013 05:51:00,   50.99,   56.85,   42.47,   53.94,   58.86,   46.77
24/01/2013 05:56:00,   52.66,   58.18,   41.61,   54.93,   60.35,   45.29
24/01/2013 06:01:00,   49.35,   55.97,   40.92,   52.44,   58.77,   45.02
24/01/2013 06:06:00,   53.33,   59.42,   41.66,   56.07,   61.03,   46.01
24/01/2013 06:11:00,   50.69,   57.56,   41.51,   53.70,   60.12,   45.78
24/01/2013 06:16:00,   51.91,   56.85,   43.69,   55.83,   60.33,   47.17
24/01/2013 06:21:00,   51.32,   56.65,   43.64,   54.57,   58.96,   46.78
24/01/2013 06:26:00,   51.94,   59.17,   43.96,   54.77,   61.58,   47.03
24/01/2013 06:31:00,   53.16,   59.72,   43.30,   56.53,   62.31,   47.07
24/01/2013 06:36:00,   54.51,   59.52,   44.86,   56.61,   62.06,   48.13
24/01/2013 06:41:00,   55.20,   60.56,   47.96,   58.79,   63.30,   51.53
24/01/2013 06:46:00,   55.89,   60.21,   48.77,   59.23,   62.85,   52.90
24/01/2013 06:51:00,   55.72,   60.66,   49.54,   58.07,   62.31,   52.86
24/01/2013 06:56:00,   56.87,   62.13,   47.08,   60.96,   66.44,   50.69
24/01/2013 07:01:00,   56.40,   60.41,   48.93,   60.43,   64.62,   53.31
24/01/2013 07:06:00,   56.69,   60.45,   50.91,   61.46,   64.86,   55.18
24/01/2013 07:11:00,   56.96,   60.34,   51.36,   59.60,   62.63,   54.87
24/01/2013 07:16:00,   56.64,   59.52,   51.13,   59.49,   62.50,   53.96
24/01/2013 07:21:00,   58.23,   61.99,   51.51,   64.03,   68.92,   56.57
24/01/2013 07:26:00,   57.46,   62.44,   51.34,   62.62,   66.64,   56.77
24/01/2013 07:31:00,   57.96,   62.34,   51.01,   61.79,   66.02,   54.79
24/01/2013 07:36:00,   58.71,   62.85,   53.14,   62.85,   67.23,   57.34
24/01/2013 07:41:00,   58.70,   62.03,   53.87,   62.15,   64.80,   58.61
24/01/2013 07:46:00,   58.68,   63.04,   52.53,   62.68,   66.77,   57.56
24/01/2013 07:51:00,   58.23,   61.51,   52.60,   60.63,   63.17,   56.17
24/01/2013 07:56:00,   58.68,   62.20,   52.79,   61.81,   64.66,   57.05
24/01/2013 08:01:00,   59.48,   62.34,   54.72,   63.41,   66.41,   58.60
24/01/2013 08:06:00,   59.07,   63.20,   51.91,   62.42,   65.76,   55.97
24/01/2013 08:11:00,   58.31,   61.78,   52.47,   61.04,   64.11,   55.36
24/01/2013 08:16:00,   58.54,   61.55,   53.12,   62.89,   66.06,   58.84
24/01/2013 08:21:00,   59.34,   62.68,   54.12,   64.17,   67.46,   59.67
24/01/2013 08:26:00,   58.52,   61.79,   52.86,   62.70,   65.21,   57.96
24/01/2013 08:31:00,   58.86,   61.70,   54.16,   63.82,   67.20,   59.38
24/01/2013 08:36:00,   57.45,   60.67,   53.96,   62.65,   65.14,   60.02
24/01/2013 08:41:00,   58.11,   61.11,   53.90,   62.87,   65.86,   58.85
24/01/2013 08:46:00,   59.08,   62.09,   53.92,   64.48,   66.85,   59.04
24/01/2013 08:51:00,   58.19,   61.49,   53.20,   63.21,   65.64,   59.92
24/01/2013 08:56:00,   61.98,   63.65,   55.80,   68.22,   70.57,   61.07
24/01/2013 09:01:00,   59.51,   62.81,   54.09,   64.72,   68.90,   59.47
24/01/2013 09:06:00,   59.54,   62.55,   53.87,   64.26,   67.67,   58.60
24/01/2013 09:11:00,   58.84,   62.87,   53.20,   63.60,   67.41,   58.62
24/01/2013 09:16:00,   59.45,   62.75,   52.82,   64.97,   68.70,   58.60
24/01/2013 09:21:00,   58.25,   61.56,   53.11,   62.65,   65.46,   58.01
24/01/2013 09:26:00,   58.21,   61.41,   52.40,   64.14,   67.08,   58.35
24/01/2013 09:31:00,   57.80,   60.72,   53.09,   61.69,   64.15,   57.44
24/01/2013 09:36:00,   58.98,   62.46,   53.34,   62.83,   65.98,   57.33
24/01/2013 09:41:00,   59.18,   62.36,   52.86,   63.41,   66.78,   57.64
24/01/2013 09:46:00,   58.45,   61.95,   52.97,   62.09,   64.77,   57.59
24/01/2013 09:51:00,   59.57,   62.60,   54.84,   63.08,   65.83,   59.13
24/01/2013 09:56:00,   59.28,   62.71,   53.62,   63.59,   67.61,   58.06
24/01/2013 10:01:00,   59.64,   62.73,   53.49,   64.16,   68.17,   58.01
24/01/2013 10:06:00,   57.90,   61.28,   52.12,   61.65,   64.61,   56.45
24/01/2013 10:11:00,   58.70,   62.67,   52.69,   63.79,   68.56,   57.83
24/01/2013 10:16:00,   58.11,   61.34,   52.67,   61.34,   64.41,   57.21
24/01/2013 10:21:00,   57.83,   61.34,   52.69,   61.90,   65.28,   57.31
24/01/2013 10:26:00,   58.19,   61.71,   53.50,   62.51,   65.43,   58.39
24/01/2013 10:31:00,   58.49,   61.82,   52.00,   63.02,   66.47,   55.90
24/01/2013 10:36:00,   57.88,   61.46,   51.70,   61.78,   64.85,   57.25
24/01/2013 10:41:00,   58.30,   61.54,   53.21,   61.43,   63.88,   57.87
24/01/2013 10:46:00,   57.29,   61.69,   51.97,   60.72,   64.23,   56.41
24/01/2013 10:51:00,   58.56,   62.35,   52.83,   63.44,   66.98,   58.85
24/01/2013 10:56:00,   59.48,   62.37,   55.05,   63.56,   66.70,   59.49
24/01/2013 11:01:00,   58.75,   61.73,   53.18,   62.15,   64.99,   56.57
24/01/2013 11:06:00,   58.44,   61.82,   52.51,   61.60,   64.83,   57.25
24/01/2013 11:11:00,   59.88,   62.74,   54.49,   63.95,   66.24,   59.29
24/01/2013 11:15:00,   58.26,   62.39,   51.97,   61.90,   65.78,   56.75
24/01/2013 11:20:00,   59.08,   62.43,   52.74,   62.81,   65.18,   58.58
24/01/2013 11:25:00,   58.82,   61.42,   54.38,   64.42,   67.83,   60.14
24/01/2013 11:30:00,   58.77,   62.00,   51.94,   62.75,   65.49,   57.47
24/01/2013 11:35:00,   57.59,   60.98,   50.63,   60.63,   64.05,   55.69
24/01/2013 11:40:00,   57.73,   61.15,   52.49,   62.61,   66.20,   57.63
24/01/2013 11:45:00,   57.85,   61.38,   51.40,   61.05,   64.26,   55.67
24/01/2013 11:50:00,   57.84,   61.35,   52.35,   60.81,   64.00,   56.03
24/01/2013 11:55:00,   58.81,   61.86,   54.12,   62.26,   64.93,   58.60
24/01/2013 12:00:00,   58.82,   61.92,   53.83,   62.30,   65.32,   58.00
24/01/2013 12:05:00,   57.34,   60.18,   52.98,   62.07,   64.64,   57.60
24/01/2013 12:10:00,   58.49,   62.08,   52.45,   62.31,   65.47,   56.42
24/01/2013 12:15:00,   57.97,   61.81,   51.15,   61.44,   64.95,   55.79
24/01/2013 12:20:00,   57.70,   60.55,   52.58,   62.01,   64.93,   57.22
24/01/2013 12:25:00,   57.52,   60.61,   53.07,   62.23,   65.65,   57.77
24/01/2013 12:30:00,   56.80,   60.34,   51.52,   60.33,   63.59,   56.10
24/01/2013 12:35:00,   57.93,   61.51,   51.58,   61.49,   64.65,   56.41
24/01/2013 12:40:00,   57.33,   60.73,   52.02,   60.97,   64.04,   56.26
24/01/2013 12:45:00,   57.84,   61.33,   50.96,   61.43,   64.35,   56.37
24/01/2013 12:50:00,   58.90,   61.84,   53.12,   62.24,   65.10,   57.51
24/01/2013 12:55:00,   60.00,   62.19,   54.01,   63.60,   67.29,   57.35
24/01/2013 13:00:00,   58.79,   61.70,   53.42,   62.30,   64.86,   57.95
24/01/2013 13:05:00,   58.33,   61.91,   52.78,   61.96,   64.97,   57.42
24/01/2013 13:10:00,   59.95,   62.43,   53.33,   63.33,   66.42,   57.76
24/01/2013 13:15:00,   61.02,   63.50,   52.80,   65.03,   68.68,   58.01
24/01/2013 13:20:00,   59.28,   62.35,   54.44,   62.32,   64.65,   58.11
24/01/2013 13:25:00,   58.71,   61.74,   53.39,   63.55,   67.57,   58.09
24/01/2013 13:30:00,   59.72,   62.53,   54.33,   62.65,   65.02,   58.32
24/01/2013 13:35:00,   57.78,   61.13,   52.26,   61.71,   65.10,   56.63
24/01/2013 13:40:00,   58.23,   61.75,   53.20,   63.52,   67.02,   57.88
24/01/2013 13:45:00,   58.55,   61.47,   53.01,   61.92,   64.60,   57.93
24/01/2013 13:50:00,   58.89,   61.61,   53.90,   63.22,   66.04,   58.83
24/01/2013 13:55:00,   58.51,   61.39,   54.17,   62.56,   64.68,   59.04
24/01/2013 14:00:00,   60.84,   63.25,   55.29,   62.78,   64.91,   57.62
24/01/2013 14:05:00,   60.71,   62.95,   54.09,   64.46,   67.02,   57.54
24/01/2013 14:10:00,   59.21,   61.96,   54.33,   62.44,   65.21,   57.87
24/01/2013 14:15:00,   58.93,   62.02,   54.76,   63.59,   66.78,   58.68
24/01/2013 14:20:00,   59.66,   62.65,   54.63,   63.87,   66.88,   56.59
24/01/2013 14:25:00,   58.55,   61.87,   53.30,   62.24,   64.95,   57.49
24/01/2013 14:30:00,   60.22,   62.72,   55.36,   64.55,   67.11,   58.77
24/01/2013 14:35:00,   59.22,   61.95,   54.72,   61.97,   64.37,   58.12
24/01/2013 14:40:00,   58.40,   60.95,   52.74,   62.39,   65.20,   57.48
24/01/2013 14:45:00,   57.89,   60.90,   52.86,   61.65,   64.60,   57.52
24/01/2013 14:50:00,   59.06,   61.31,   54.85,   62.55,   64.86,   58.94
24/01/2013 14:55:00,   58.77,   62.21,   52.90,   62.32,   64.89,   57.04
24/01/2013 15:00:00,   58.97,   62.06,   53.47,   61.72,   64.62,   56.79
24/01/2013 15:05:00,   59.91,   62.98,   55.58,   63.62,   67.14,   58.75
24/01/2013 15:10:00,   59.28,   62.13,   52.86,   62.92,   65.44,   56.92
24/01/2013 15:15:00,   59.21,   61.85,   54.52,   62.95,   65.11,   59.20
24/01/2013 15:20:00,   59.31,   61.84,   55.29,   62.20,   64.62,   57.88
24/01/2013 15:25:00,   59.59,   61.89,   54.06,   62.96,   65.58,   57.78
24/01/2013 15:30:00,   58.69,   61.60,   52.68,   62.44,   64.88,   58.22
24/01/2013 15:35:00,   58.32,   61.14,   53.44,   62.50,   65.01,   58.38
24/01/2013 15:40:00,   57.66,   60.88,   51.37,   61.89,   64.82,   57.09
24/01/2013 15:45:00,   58.32,   61.33,   53.01,   63.05,   65.91,   58.22
24/01/2013 15:50:00,   58.24,   60.98,   53.61,   63.49,   66.82,   57.99
24/01/2013 15:55:00,   59.01,   61.61,   54.29,   62.16,   64.74,   58.21
24/01/2013 16:00:00,   58.56,   61.49,   53.55,   62.23,   65.00,   57.80
24/01/2013 16:05:00,   59.28,   62.60,   53.11,   63.68,   66.26,   58.00
24/01/2013 16:10:00,   58.66,   61.62,   53.96,   62.13,   64.70,   58.11
24/01/2013 16:15:00,   58.84,   61.89,   52.36,   62.81,   65.51,   58.15
24/01/2013 16:20:00,   57.90,   60.72,   52.81,   63.02,   65.69,   57.90
24/01/2013 16:25:00,   58.83,   61.80,   53.04,   62.57,   65.22,   57.22
24/01/2013 16:31:00,   58.77,   61.97,   53.49,   63.92,   67.21,   58.00
24/01/2013 16:36:00,   59.50,   62.19,   54.95,   63.55,   66.18,   59.70
24/01/2013 16:41:00,   58.07,   61.23,   53.14,   62.38,   65.57,   57.46
24/01/2013 16:46:00,   59.07,   62.19,   54.17,   64.13,   67.38,   59.22
24/01/2013 16:51:00,   58.66,   61.96,   53.59,   62.40,   65.32,   58.46
24/01/2013 16:56:00,   59.15,   62.18,   54.03,   62.38,   64.81,   58.46
24/01/2013 17:01:00,   59.53,   62.04,   54.36,   63.83,   66.87,   58.48
24/01/2013 17:06:00,   59.45,   62.51,   52.82,   64.04,   66.50,   57.56
24/01/2013 17:11:00,   60.10,   62.11,   55.38,   63.68,   65.49,   59.89
24/01/2013 17:16:00,   60.10,   62.84,   54.53,   64.53,   67.75,   58.98
24/01/2013 17:21:00,   58.63,   61.95,   53.22,   62.10,   64.50,   57.42
24/01/2013 17:26:00,   59.58,   62.56,   54.57,   64.92,   67.40,   60.32
24/01/2013 17:31:00,   59.75,   62.22,   54.75,   64.47,   67.21,   59.09
24/01/2013 17:36:00,   58.99,   62.04,   53.60,   64.19,   67.22,   59.15
24/01/2013 17:41:00,   58.83,   61.21,   54.90,   62.96,   65.40,   58.63
24/01/2013 17:46:00,   58.55,   61.95,   53.76,   62.58,   64.89,   58.97
24/01/2013 17:51:00,   59.66,   61.79,   53.95,   64.30,   67.01,   59.78
24/01/2013 17:56:00,   58.86,   61.36,   54.24,   62.99,   65.39,   59.95
24/01/2013 18:01:00,   59.66,   62.39,   54.93,   63.85,   66.48,   59.24
24/01/2013 18:06:00,   58.97,   62.34,   54.39,   63.09,   65.32,   58.87
24/01/2013 18:11:00,   59.40,   61.76,   53.96,   63.62,   66.73,   58.99
24/01/2013 18:16:00,   59.60,   62.25,   55.42,   63.27,   65.06,   59.82
24/01/2013 18:21:00,   59.87,   63.24,   54.69,   63.70,   66.49,   58.45
24/01/2013 18:26:00,   60.47,   62.60,   55.13,   64.77,   68.13,   59.85
24/01/2013 18:31:00,   58.80,   61.47,   54.03,   63.43,   66.18,   58.55
24/01/2013 18:36:00,   59.69,   62.64,   53.75,   63.81,   66.49,   59.86
24/01/2013 18:41:00,   59.95,   63.26,   53.57,   64.15,   67.50,   58.12
24/01/2013 18:46:00,   58.58,   62.16,   52.80,   61.88,   64.97,   57.26
24/01/2013 18:51:00,   59.17,   62.23,   54.56,   63.19,   65.87,   59.30
24/01/2013 18:56:00,   59.37,   62.02,   54.53,   62.70,   65.13,   58.66
24/01/2013 19:01:00,   59.10,   61.83,   53.64,   62.18,   64.20,   57.52
24/01/2013 19:06:00,   60.44,   62.95,   55.53,   63.82,   66.54,   59.13
24/01/2013 19:11:00,   59.55,   62.26,   54.24,   62.76,   64.92,   59.05
24/01/2013 19:16:00,   60.80,   62.95,   57.30,   64.15,   66.32,   61.12
24/01/2013 19:21:00,   59.71,   62.67,   55.24,   63.02,   65.74,   58.90
24/01/2013 19:26:00,   58.66,   62.55,   53.83,   62.37,   65.18,   57.79
24/01/2013 19:31:00,   59.00,   62.04,   54.53,   63.41,   66.21,   58.41
24/01/2013 19:36:00,   59.32,   61.70,   54.79,   64.89,   68.39,   59.08
24/01/2013 19:41:00,   59.83,   62.39,   54.98,   64.74,   68.09,   58.79
24/01/2013 19:46:00,   59.18,   62.44,   54.37,   64.20,   68.06,   58.39
24/01/2013 19:51:00,   58.80,   61.94,   54.83,   62.51,   65.24,   58.40
24/01/2013 19:56:00,   58.81,   61.86,   53.35,   63.30,   65.82,   57.79
24/01/2013 20:01:00,   58.97,   61.70,   54.36,   65.06,   70.25,   58.58
24/01/2013 20:06:00,   58.88,   62.11,   53.60,   65.40,   70.04,   59.41
24/01/2013 20:11:00,   59.53,   62.25,   54.71,   65.52,   69.80,   60.74
24/01/2013 20:16:00,   59.55,   62.60,   54.45,   63.85,   66.47,   59.16
24/01/2013 20:21:00,   59.37,   62.28,   53.47,   64.80,   68.50,   57.97
24/01/2013 20:26:00,   59.12,   62.69,   53.93,   62.92,   66.12,   58.40
24/01/2013 20:31:00,   58.87,   62.47,   52.99,   63.67,   67.35,   57.29
24/01/2013 20:36:00,   59.00,   62.33,   55.08,   64.32,   68.01,   59.64
24/01/2013 20:41:00,   58.97,   62.05,   53.69,   64.40,   68.77,   57.71
24/01/2013 20:46:00,   58.34,   61.87,   53.42,   64.31,   68.66,   58.15
24/01/2013 20:51:00,   57.53,   60.62,   52.99,   62.91,   66.98,   57.11
24/01/2013 20:56:00,   58.41,   62.44,   53.38,   62.10,   64.32,   57.85
24/01/2013 21:01:00,   57.23,   60.17,   51.16,   60.96,   63.97,   56.26
24/01/2013 21:06:00,   57.78,   61.70,   50.82,   62.66,   67.77,   55.49
24/01/2013 21:11:00,   57.85,   61.07,   51.74,   63.05,   66.36,   57.12
24/01/2013 21:16:00,   57.10,   60.20,   52.51,   60.56,   62.93,   55.84
24/01/2013 21:21:00,   60.45,   62.60,   52.20,   63.56,   64.86,   56.69
24/01/2013 21:26:00,   58.58,   61.36,   53.54,   61.37,   63.65,   56.65
24/01/2013 21:31:00,   55.67,   59.44,   50.05,   58.88,   62.24,   54.17
24/01/2013 21:36:00,   57.94,   61.67,   51.04,   60.46,   63.49,   54.79
24/01/2013 21:41:00,   58.34,   61.42,   52.58,   60.75,   63.80,   55.89
24/01/2013 21:46:00,   55.69,   59.29,   49.94,   58.68,   62.08,   53.53
24/01/2013 21:51:00,   57.83,   61.68,   52.16,   60.35,   63.88,   55.20
24/01/2013 21:56:00,   57.36,   61.42,   49.81,   59.79,   63.06,   54.08
24/01/2013 22:01:00,   55.58,   60.26,   48.50,   59.53,   63.15,   52.57
24/01/2013 22:06:00,   57.73,   61.79,   51.75,   60.00,   63.43,   55.11
24/01/2013 22:11:00,   57.90,   61.59,   51.00,   60.61,   63.83,   55.79
24/01/2013 22:16:00,   57.86,   61.44,   49.78,   61.41,   64.32,   53.82
24/01/2013 22:21:00,   56.43,   60.69,   49.15,   58.91,   62.50,   52.87
24/01/2013 22:26:00,   54.25,   58.08,   47.44,   57.50,   61.08,   51.49
24/01/2013 22:31:00,   56.04,   59.44,   49.75,   58.57,   61.73,   53.26
24/01/2013 22:36:00,   56.78,   60.69,   49.38,   60.88,   64.43,   53.27
24/01/2013 22:41:00,   55.10,   59.73,   48.35,   57.76,   61.72,   52.08

