# noise_analysis run from DCC-NOISE-001003 at Mon May  6 00:00:00 2013
# Monitoring unit located at 53.342609N 6.340721W
# logfile   = /home/root/noise_analysis.log
# cfg_dir   = /home/root/config
# outputdir = /home/root/noise
# Sensitivity = -26.271103
# Gain = 1.000000
# Time should be in local format (i.e. daylight savings time)
# dd/mm/yyyy hh:mm:ss, A Leq,   A L10,   A L95,   C Leq,   C L10,   C L95
06/05/2013 00:05:00,   53.33,   58.15,   46.76,   56.62,   61.05,   50.06
06/05/2013 00:10:00,   55.77,   60.39,   46.18,   58.74,   63.15,   52.20
06/05/2013 00:15:00,   54.33,   58.70,   46.42,   56.35,   60.09,   49.14
06/05/2013 00:20:00,   52.65,   56.85,   45.67,   54.72,   58.15,   49.00
06/05/2013 00:25:00,   53.92,   58.83,   45.42,   56.62,   60.70,   48.75
06/05/2013 00:30:00,   54.19,   58.43,   45.91,   56.59,   60.61,   49.57
06/05/2013 00:35:00,   54.34,   58.33,   46.01,   56.21,   59.97,   49.00
06/05/2013 00:40:00,   54.51,   59.11,   47.03,   57.60,   61.28,   50.04
06/05/2013 00:45:00,   52.76,   57.51,   45.45,   54.93,   59.16,   48.24
06/05/2013 00:50:00,   52.20,   58.17,   41.81,   54.25,   60.18,   45.34
06/05/2013 00:55:00,   54.16,   58.29,   47.63,   55.87,   59.85,   49.91
06/05/2013 01:00:00,   51.02,   57.92,   42.91,   53.27,   59.49,   46.48
06/05/2013 01:05:00,   53.20,   57.63,   44.57,   54.99,   59.17,   47.57
06/05/2013 01:10:00,   53.40,   58.50,   43.90,   56.54,   61.79,   46.74
06/05/2013 01:15:00,   53.05,   58.47,   43.61,   55.22,   60.14,   47.25
06/05/2013 01:20:00,   53.58,   59.07,   44.20,   55.39,   60.34,   47.06
06/05/2013 01:25:00,   52.82,   57.79,   44.12,   54.73,   59.38,   47.79
06/05/2013 01:30:00,   54.16,   58.81,   45.09,   56.79,   61.10,   49.07
06/05/2013 01:35:00,   53.27,   58.83,   42.19,   57.17,   62.27,   46.20
06/05/2013 01:40:00,   53.63,   58.19,   44.95,   55.89,   59.60,   48.13
06/05/2013 01:45:00,   53.37,   57.88,   45.04,   55.38,   59.40,   48.37
06/05/2013 01:50:00,   51.68,   56.70,   42.36,   54.23,   59.40,   45.49
06/05/2013 01:55:00,   54.98,   59.34,   46.40,   56.56,   60.67,   48.38
06/05/2013 02:00:00,   52.37,   57.86,   40.85,   54.84,   59.69,   45.69
06/05/2013 02:05:00,   52.85,   57.14,   46.13,   55.03,   59.23,   48.96
06/05/2013 02:10:00,   52.61,   57.95,   42.60,   54.43,   59.40,   46.02
06/05/2013 02:15:00,   53.95,   58.36,   43.85,   56.03,   60.03,   48.16
06/05/2013 02:20:00,   54.26,   59.24,   44.96,   56.43,   61.03,   48.21
06/05/2013 02:25:00,   52.11,   56.44,   44.08,   55.11,   59.86,   49.19
06/05/2013 02:30:00,   50.36,   55.63,   40.97,   54.19,   59.01,   44.75
06/05/2013 02:35:00,   52.81,   58.66,   43.94,   54.83,   59.84,   46.55
06/05/2013 02:40:00,   50.41,   56.52,   41.78,   52.57,   57.90,   44.70
06/05/2013 02:45:00,   53.21,   58.20,   42.91,   56.00,   60.72,   46.61
06/05/2013 02:50:00,   53.14,   58.83,   44.43,   55.97,   61.46,   47.47
06/05/2013 02:55:00,   50.19,   54.36,   42.45,   52.97,   57.17,   45.98
06/05/2013 03:00:00,   50.69,   55.90,   42.90,   53.02,   57.29,   46.71
06/05/2013 03:05:00,   48.78,   56.59,   40.36,   51.50,   58.40,   44.47
06/05/2013 03:10:00,   51.37,   57.51,   40.55,   52.90,   58.89,   43.63
06/05/2013 03:15:00,   52.30,   57.00,   43.51,   54.29,   58.95,   46.37
06/05/2013 03:20:00,   48.89,   54.27,   40.62,   51.06,   56.04,   44.17
06/05/2013 03:25:00,   52.07,   57.88,   40.75,   54.16,   59.94,   43.87
06/05/2013 03:30:00,   52.60,   58.96,   42.29,   54.60,   61.15,   45.40
06/05/2013 03:35:00,   51.59,   57.40,   41.63,   54.00,   59.31,   44.75
06/05/2013 03:40:00,   51.60,   55.96,   42.23,   53.22,   57.50,   44.80
06/05/2013 03:45:00,   53.13,   58.13,   42.68,   54.42,   59.03,   45.54
06/05/2013 03:50:00,   51.18,   58.02,   44.06,   52.69,   59.63,   45.82
06/05/2013 03:55:00,   52.14,   58.27,   43.44,   53.59,   59.05,   46.14
06/05/2013 04:00:00,   51.49,   57.27,   42.63,   53.30,   58.80,   45.28
06/05/2013 04:05:00,   52.08,   57.61,   42.41,   53.37,   58.36,   44.67
06/05/2013 04:10:00,   50.71,   59.07,   41.58,   53.52,   61.39,   44.63
06/05/2013 04:15:00,   51.63,   57.38,   41.75,   54.65,   60.08,   46.81
06/05/2013 04:20:00,   49.65,   56.11,   42.29,   51.87,   57.30,   44.65
06/05/2013 04:25:00,   49.11,   55.19,   41.68,   51.23,   56.77,   44.44
06/05/2013 04:30:00,   50.13,   56.72,   40.81,   51.04,   57.06,   43.64
06/05/2013 04:35:00,   52.62,   57.57,   43.62,   53.82,   58.72,   45.79
06/05/2013 04:40:00,   51.62,   56.42,   42.51,   52.50,   57.28,   45.63
06/05/2013 04:45:00,   51.80,   56.46,   42.82,   53.07,   58.02,   44.96
06/05/2013 04:50:00,   51.55,   56.13,   43.42,   52.47,   57.18,   45.66
06/05/2013 04:55:00,   53.11,   58.16,   44.64,   53.65,   59.07,   46.21
06/05/2013 05:00:00,   55.14,   59.86,   46.51,   55.20,   59.52,   47.52
06/05/2013 05:05:00,   53.29,   58.34,   45.32,   52.99,   57.73,   46.60
06/05/2013 05:10:00,   52.33,   57.39,   44.36,   52.89,   57.73,   47.01
06/05/2013 05:15:00,   48.85,   54.02,   41.68,   49.59,   53.82,   44.22
06/05/2013 05:20:00,   52.37,   58.27,   42.56,   53.34,   58.68,   45.47
06/05/2013 05:25:00,   53.43,   60.31,   43.98,   53.81,   59.90,   46.39
06/05/2013 05:30:00,   50.46,   55.55,   43.52,   51.95,   56.83,   46.18
06/05/2013 05:35:00,   49.92,   56.16,   42.04,   51.14,   57.16,   45.05
06/05/2013 05:40:00,   51.33,   56.86,   42.19,   52.80,   58.06,   45.08
06/05/2013 05:45:00,   48.94,   55.17,   41.73,   50.75,   56.29,   44.94
06/05/2013 05:50:00,   50.11,   54.88,   43.70,   52.50,   58.41,   46.57
06/05/2013 05:55:00,   50.41,   55.56,   42.44,   51.84,   56.60,   45.22
06/05/2013 06:00:00,   54.63,   60.87,   44.99,   55.52,   61.42,   47.03
06/05/2013 06:05:00,   48.51,   53.38,   42.24,   50.73,   54.80,   46.01
06/05/2013 06:10:00,   52.50,   58.22,   43.73,   54.32,   60.33,   46.57
06/05/2013 06:15:00,   49.96,   55.67,   42.42,   52.27,   57.27,   46.04
06/05/2013 06:20:00,   51.36,   56.24,   44.36,   53.11,   58.22,   47.63
06/05/2013 06:25:00,   50.63,   55.52,   43.70,   52.31,   56.61,   46.44
06/05/2013 06:30:00,   51.57,   57.58,   43.48,   54.61,   59.93,   46.87
06/05/2013 06:35:00,   50.49,   54.71,   42.87,   53.98,   57.72,   47.20
06/05/2013 06:40:00,   52.78,   58.35,   44.55,   58.30,   63.42,   49.21
06/05/2013 06:45:00,   51.12,   57.56,   44.01,   53.54,   58.57,   47.35
06/05/2013 06:50:00,   53.04,   57.95,   44.84,   57.83,   62.42,   50.02
06/05/2013 06:55:00,   56.92,   62.15,   44.01,   59.65,   65.19,   47.24
06/05/2013 07:00:00,   53.35,   58.56,   45.37,   55.98,   61.07,   48.95
06/05/2013 07:05:00,   52.21,   58.27,   43.81,   55.74,   61.09,   49.24
06/05/2013 07:10:00,   53.42,   58.25,   44.60,   54.93,   59.02,   47.74
06/05/2013 07:15:00,   51.89,   57.51,   43.24,   53.97,   58.66,   47.02
06/05/2013 07:20:00,   56.62,   63.70,   43.93,   61.23,   68.58,   48.67
06/05/2013 07:25:00,   51.62,   57.20,   43.60,   54.56,   59.15,   47.63
06/05/2013 07:30:00,   53.23,   58.01,   45.78,   55.77,   59.67,   50.16
06/05/2013 07:35:00,   49.12,   53.78,   43.63,   52.35,   55.94,   47.15
06/05/2013 07:40:00,   51.92,   57.98,   45.29,   54.07,   59.59,   48.27
06/05/2013 07:45:00,   52.91,   56.95,   45.96,   55.64,   60.44,   48.64
06/05/2013 07:50:00,   54.99,   59.73,   46.39,   58.22,   62.48,   52.33
06/05/2013 07:55:00,   51.73,   56.03,   45.71,   55.82,   59.82,   49.62
06/05/2013 08:00:00,   52.44,   56.93,   46.34,   56.26,   60.32,   50.40
06/05/2013 08:05:00,   53.17,   57.73,   45.22,   56.21,   61.08,   49.08
06/05/2013 08:10:00,   51.60,   57.47,   44.20,   54.04,   58.43,   48.33
06/05/2013 08:15:00,   51.56,   57.40,   43.46,   54.36,   58.71,   46.47
06/05/2013 08:20:00,   54.48,   60.48,   44.21,   57.86,   63.19,   47.36
06/05/2013 08:25:00,   48.40,   54.45,   42.75,   50.51,   55.53,   45.99
06/05/2013 08:30:00,   51.24,   57.26,   42.28,   52.80,   57.89,   45.07
06/05/2013 08:35:00,   50.58,   57.15,   42.50,   52.84,   58.57,   45.57
06/05/2013 08:40:00,   49.62,   54.27,   43.13,   52.95,   57.71,   46.75
06/05/2013 08:45:00,   50.70,   56.37,   44.25,   53.19,   58.40,   47.42
06/05/2013 08:50:00,   52.10,   57.06,   43.47,   56.77,   61.88,   47.16
06/05/2013 08:55:00,   52.09,   56.24,   44.59,   56.15,   61.07,   48.09
06/05/2013 09:00:00,   52.34,   58.12,   43.72,   55.82,   60.35,   46.81
06/05/2013 09:05:00,   53.37,   57.78,   44.86,   56.36,   61.44,   49.11
06/05/2013 09:10:00,   53.18,   58.67,   45.39,   55.03,   59.54,   48.70
06/05/2013 09:15:00,   51.31,   56.43,   43.13,   54.54,   60.76,   46.33
06/05/2013 09:20:00,   51.40,   56.66,   44.35,   53.87,   58.88,   47.53
06/05/2013 09:25:00,   51.11,   55.16,   43.66,   54.13,   58.40,   47.73
06/05/2013 09:30:00,   53.75,   59.02,   45.84,   56.89,   61.70,   48.96
06/05/2013 09:35:00,   54.51,   58.68,   48.17,   59.38,   64.68,   51.85
06/05/2013 09:40:00,   54.13,   58.35,   46.52,   56.72,   60.46,   49.94
06/05/2013 09:45:00,   56.30,   61.33,   48.24,   60.72,   66.40,   51.14
06/05/2013 09:50:00,   58.00,   62.09,   48.63,   60.65,   63.99,   52.42
06/05/2013 09:55:00,   53.41,   57.84,   46.87,   56.79,   60.37,   50.91
06/05/2013 10:00:00,   54.86,   58.89,   48.07,   57.11,   60.39,   50.72
06/05/2013 10:05:00,   54.66,   58.76,   47.95,   58.18,   62.45,   50.55
06/05/2013 10:10:00,   53.27,   57.57,   46.06,   55.67,   59.40,   49.70
06/05/2013 10:15:00,   53.86,   58.71,   46.30,   56.66,   61.28,   49.71
06/05/2013 10:20:00,   53.49,   57.25,   46.65,   55.97,   60.35,   49.44
06/05/2013 10:25:00,   53.65,   58.04,   46.64,   56.27,   60.58,   50.12
06/05/2013 10:30:00,   53.76,   58.04,   48.18,   56.67,   60.78,   51.77
06/05/2013 10:35:00,   55.99,   59.42,   50.15,   58.85,   62.38,   53.67
06/05/2013 10:40:00,   55.64,   59.02,   49.60,   58.40,   61.37,   53.33
06/05/2013 10:45:00,   56.62,   59.82,   49.68,   60.77,   63.83,   52.58
06/05/2013 10:50:00,   55.93,   59.30,   50.33,   58.34,   60.97,   53.07
06/05/2013 10:55:00,   55.59,   58.56,   49.94,   58.97,   61.80,   53.64
06/05/2013 11:00:00,   55.33,   59.49,   50.79,   59.18,   62.82,   54.62
06/05/2013 11:05:00,   53.90,   58.25,   48.21,   57.23,   60.66,   52.55
06/05/2013 11:10:00,   55.63,   59.08,   50.92,   59.20,   61.86,   53.63
06/05/2013 11:15:00,   55.09,   59.13,   48.01,   58.45,   62.18,   52.24
06/05/2013 11:20:00,   55.10,   58.28,   48.96,   58.08,   60.86,   52.76
06/05/2013 11:25:00,   56.26,   59.15,   51.53,   58.83,   61.22,   54.14
06/05/2013 11:30:00,   55.58,   59.13,   49.95,   58.81,   61.96,   54.07
06/05/2013 11:35:00,   56.04,   59.50,   50.10,   60.29,   63.75,   53.33
06/05/2013 11:40:00,   58.41,   62.45,   51.75,   63.26,   67.68,   56.74
06/05/2013 11:45:00,   56.81,   58.96,   52.35,   60.07,   61.76,   56.72
06/05/2013 11:50:00,   57.71,   60.71,   52.69,   61.11,   63.80,   57.27
06/05/2013 11:55:00,   59.33,   61.64,   54.48,   60.63,   62.52,   57.53
06/05/2013 12:00:00,   59.74,   61.48,   57.16,   61.13,   63.24,   57.69
06/05/2013 12:05:00,   59.36,   61.21,   57.08,   61.02,   63.36,   58.09
06/05/2013 12:10:00,   56.96,   59.82,   52.07,   62.02,   64.55,   56.99
06/05/2013 12:15:00,   56.44,   59.36,   50.31,   61.67,   64.36,   56.69
06/05/2013 12:20:00,   55.58,   59.11,   50.28,   59.42,   61.99,   54.67
06/05/2013 12:25:00,   55.38,   59.04,   49.71,   59.15,   62.24,   53.45
06/05/2013 12:30:00,   56.27,   58.93,   51.95,   60.28,   62.72,   56.36
06/05/2013 12:35:00,   56.79,   59.83,   51.52,   60.47,   63.34,   56.60
06/05/2013 12:40:00,   55.49,   59.09,   50.63,   59.30,   61.88,   54.62
06/05/2013 12:45:00,   55.59,   58.97,   50.53,   59.50,   62.18,   54.95
06/05/2013 12:50:00,   55.77,   58.77,   50.43,   59.50,   62.27,   53.57
06/05/2013 12:55:00,   56.58,   59.68,   51.60,   60.26,   63.37,   55.20
06/05/2013 13:00:00,   55.85,   58.91,   50.90,   60.09,   62.45,   54.51
06/05/2013 13:05:00,   65.33,   71.87,   50.98,   64.96,   70.53,   53.61
06/05/2013 13:10:00,   70.89,   72.76,   68.20,   69.74,   71.61,   67.25
06/05/2013 13:15:00,   70.80,   72.66,   68.29,   69.63,   71.38,   67.14
06/05/2013 13:20:00,   70.47,   72.12,   67.88,   69.40,   70.97,   67.10
06/05/2013 13:25:00,   65.73,   71.51,   50.40,   65.70,   70.48,   55.18
06/05/2013 13:30:00,   56.64,   59.33,   52.33,   60.36,   63.45,   56.07
06/05/2013 13:35:00,   55.50,   58.22,   50.81,   59.95,   62.94,   55.63
06/05/2013 13:40:00,   56.27,   58.85,   52.29,   60.58,   62.99,   55.92
06/05/2013 13:45:00,   65.75,   71.38,   53.22,   65.56,   70.26,   55.79
06/05/2013 13:50:00,   70.51,   72.39,   67.85,   69.31,   71.09,   66.77
06/05/2013 13:55:00,   70.64,   72.30,   68.32,   69.63,   71.20,   67.31
06/05/2013 14:00:00,   67.42,   71.47,   53.31,   66.94,   70.54,   56.87
06/05/2013 14:05:00,   56.04,   58.88,   50.22,   61.75,   65.15,   55.07
06/05/2013 14:10:00,   55.37,   58.03,   50.71,   60.12,   63.32,   55.89
06/05/2013 14:15:00,   56.19,   59.15,   51.35,   59.99,   62.80,   55.87
06/05/2013 14:20:00,   56.64,   59.23,   51.75,   59.99,   62.18,   54.98
06/05/2013 14:25:00,   55.24,   58.21,   50.51,   58.95,   62.27,   53.33
06/05/2013 14:30:00,   55.32,   57.64,   51.52,   58.75,   61.20,   54.54
06/05/2013 14:35:00,   55.87,   58.66,   50.34,   60.58,   63.37,   55.12
06/05/2013 14:40:00,   55.93,   58.56,   51.62,   59.53,   61.66,   55.57
06/05/2013 14:45:00,   55.67,   59.00,   50.89,   60.81,   63.08,   55.80
06/05/2013 14:50:00,   56.06,   57.96,   52.06,   60.97,   63.21,   58.11
06/05/2013 14:55:00,   57.09,   59.10,   52.84,   60.47,   63.31,   56.33
06/05/2013 15:00:00,   55.92,   58.81,   51.21,   59.55,   62.16,   55.26
06/05/2013 15:05:00,   55.81,   58.34,   51.86,   60.09,   62.42,   56.20
06/05/2013 15:10:00,   56.91,   59.05,   51.82,   60.96,   63.18,   56.35
06/05/2013 15:15:00,   56.60,   60.11,   52.13,   61.26,   63.81,   56.63
06/05/2013 15:20:00,   55.93,   58.45,   51.66,   60.21,   63.51,   55.80
06/05/2013 15:25:00,   57.56,   59.43,   51.99,   61.03,   63.01,   55.53
06/05/2013 15:30:00,   55.50,   58.23,   51.15,   60.22,   62.52,   55.15
06/05/2013 15:35:00,   56.53,   59.20,   50.05,   60.71,   63.22,   54.57
06/05/2013 15:40:00,   56.26,   58.50,   51.89,   61.59,   63.73,   56.64
06/05/2013 15:45:00,   55.56,   58.46,   50.46,   60.26,   63.17,   55.71
06/05/2013 15:50:00,   55.91,   58.57,   51.77,   60.82,   64.24,   55.54
06/05/2013 15:55:00,   56.96,   60.05,   51.12,   61.97,   64.77,   54.64
06/05/2013 16:00:00,   56.58,   59.14,   51.03,   60.91,   63.75,   55.50
06/05/2013 16:05:00,   56.60,   59.49,   51.43,   61.81,   65.93,   55.88
06/05/2013 16:10:00,   57.68,   60.14,   53.38,   61.34,   63.99,   56.97
06/05/2013 16:15:00,   55.79,   58.87,   49.94,   59.20,   62.18,   53.80
06/05/2013 16:20:00,   56.24,   58.88,   51.10,   60.80,   63.66,   55.60
06/05/2013 16:25:00,   55.43,   58.25,   49.59,   59.66,   62.12,   54.00
06/05/2013 16:30:00,   56.14,   59.09,   50.24,   59.18,   62.69,   53.64
06/05/2013 16:35:00,   56.21,   59.26,   51.51,   60.59,   64.09,   55.74
06/05/2013 16:40:00,   56.05,   58.68,   51.41,   60.33,   63.10,   56.20
06/05/2013 16:45:00,   55.77,   58.83,   50.67,   60.46,   63.61,   53.96
06/05/2013 16:50:00,   56.54,   59.20,   51.62,   60.02,   63.15,   54.80
06/05/2013 16:55:00,   55.90,   58.72,   49.34,   59.48,   62.07,   52.80
06/05/2013 17:00:00,   56.34,   60.23,   50.43,   60.45,   63.78,   53.80
06/05/2013 17:05:00,   58.34,   62.36,   52.08,   60.50,   63.45,   55.49
06/05/2013 17:10:00,   57.10,   59.52,   52.87,   60.90,   63.36,   56.00
06/05/2013 17:15:00,   55.12,   58.52,   49.40,   58.88,   62.05,   53.80
06/05/2013 17:20:00,   55.67,   58.96,   51.19,   58.74,   61.36,   54.05
06/05/2013 17:25:00,   56.08,   58.59,   52.35,   60.13,   62.41,   56.31
06/05/2013 17:30:00,   55.15,   57.92,   49.52,   59.99,   63.42,   52.84
06/05/2013 17:35:00,   55.14,   58.25,   51.42,   59.67,   62.74,   55.57
06/05/2013 17:40:00,   55.21,   58.43,   50.10,   59.17,   62.10,   54.31
06/05/2013 17:45:00,   55.70,   59.35,   50.23,   58.73,   62.50,   53.80
06/05/2013 17:50:00,   56.31,   58.92,   50.86,   60.03,   62.60,   54.97
06/05/2013 17:55:00,   56.28,   59.48,   51.24,   59.08,   62.08,   54.59
06/05/2013 18:00:00,   56.74,   60.07,   50.10,   60.26,   63.28,   53.69
06/05/2013 18:05:00,   56.59,   59.76,   50.06,   59.68,   62.70,   53.85
06/05/2013 18:10:00,   58.01,   61.06,   51.92,   61.00,   63.19,   55.53
06/05/2013 18:15:00,   55.68,   59.23,   50.11,   58.97,   62.08,   54.10
06/05/2013 18:20:00,   56.06,   59.05,   50.56,   59.68,   62.62,   54.42
06/05/2013 18:25:00,   55.44,   59.27,   50.04,   59.64,   63.02,   53.85
06/05/2013 18:30:00,   56.89,   59.80,   52.02,   60.36,   63.95,   55.39
06/05/2013 18:35:00,   56.86,   59.45,   52.20,   61.00,   64.38,   56.40
06/05/2013 18:40:00,   56.09,   58.97,   50.85,   58.96,   62.23,   54.03
06/05/2013 18:45:00,   57.04,   59.82,   53.09,   59.97,   62.00,   56.03
06/05/2013 18:50:00,   55.87,   58.93,   51.20,   58.82,   61.87,   55.01
06/05/2013 18:55:00,   56.87,   59.25,   53.19,   60.21,   62.35,   56.36
06/05/2013 19:00:00,   56.79,   59.38,   52.16,   60.35,   63.74,   55.52
06/05/2013 19:05:00,   57.71,   59.58,   51.59,   63.48,   66.34,   55.93
06/05/2013 19:10:00,   56.24,   59.03,   52.42,   60.13,   62.75,   55.30
06/05/2013 19:15:00,   56.82,   59.75,   51.99,   60.38,   63.42,   55.30
06/05/2013 19:20:00,   59.36,   62.06,   53.90,   63.24,   68.19,   56.39
06/05/2013 19:25:00,   55.63,   58.71,   48.83,   58.45,   61.85,   51.67
06/05/2013 19:30:00,   55.83,   59.38,   50.16,   59.42,   62.56,   54.49
06/05/2013 19:35:00,   56.43,   59.64,   49.93,   59.71,   62.87,   53.53
06/05/2013 19:40:00,   57.10,   60.37,   50.92,   61.18,   64.20,   55.51
06/05/2013 19:45:00,   56.62,   59.42,   51.42,   59.27,   61.58,   54.93
06/05/2013 19:50:00,   57.09,   60.76,   49.36,   61.08,   64.67,   53.47
06/05/2013 19:55:00,   58.62,   61.81,   51.63,   60.41,   63.37,   54.06
06/05/2013 20:00:00,   57.55,   61.19,   51.13,   59.40,   62.44,   53.69
06/05/2013 20:05:00,   57.05,   60.68,   51.24,   60.63,   64.18,   55.03
06/05/2013 20:10:00,   56.27,   59.72,   50.31,   59.73,   62.39,   53.74
06/05/2013 20:15:00,   55.41,   58.54,   49.05,   57.98,   60.97,   52.60
06/05/2013 20:20:00,   56.87,   60.32,   51.54,   60.19,   63.33,   55.66
06/05/2013 20:25:00,   57.37,   60.37,   51.50,   61.21,   64.56,   53.90
06/05/2013 20:30:00,   55.45,   59.71,   49.54,   57.83,   61.81,   52.18
06/05/2013 20:35:00,   57.30,   60.51,   52.02,   59.73,   62.39,   54.31
06/05/2013 20:40:00,   54.60,   58.98,   48.37,   58.62,   61.91,   51.95
06/05/2013 20:45:00,   54.66,   58.19,   47.91,   58.42,   62.20,   50.83
06/05/2013 20:50:00,   55.76,   59.00,   49.23,   58.04,   61.09,   51.96
06/05/2013 20:55:00,   55.73,   59.12,   50.39,   59.78,   63.36,   54.29
06/05/2013 21:00:00,   56.32,   60.01,   48.74,   59.22,   63.09,   51.78
06/05/2013 21:05:00,   56.70,   59.48,   50.13,   58.82,   61.46,   53.12
06/05/2013 21:10:00,   53.67,   57.90,   46.35,   55.90,   59.70,   49.47
06/05/2013 21:15:00,   54.51,   58.17,   47.86,   57.41,   60.72,   51.87
06/05/2013 21:20:00,   55.32,   58.90,   48.25,   57.97,   61.57,   52.05
06/05/2013 21:25:00,   54.45,   58.57,   47.38,   56.81,   60.66,   50.72
06/05/2013 21:30:00,   55.36,   58.88,   49.11,   57.90,   61.44,   52.46
06/05/2013 21:35:00,   55.21,   59.27,   48.14,   57.55,   61.21,   51.08
06/05/2013 21:40:00,   53.88,   58.59,   46.70,   55.93,   60.49,   49.35
06/05/2013 21:45:00,   54.58,   58.95,   46.53,   58.05,   62.17,   49.27
06/05/2013 21:50:00,   53.93,   58.32,   45.98,   57.04,   61.36,   49.16
06/05/2013 21:55:00,   54.95,   58.65,   48.97,   58.43,   62.42,   52.56
06/05/2013 22:00:00,   54.47,   58.36,   46.52,   57.87,   62.16,   50.08
06/05/2013 22:05:00,   54.38,   58.48,   45.31,   57.44,   61.96,   48.48
06/05/2013 22:10:00,   53.88,   57.64,   44.98,   57.36,   60.67,   48.22
06/05/2013 22:15:00,   54.07,   57.75,   45.13,   58.36,   61.82,   50.18
06/05/2013 22:20:00,   54.02,   58.05,   46.78,   56.58,   60.21,   49.95
06/05/2013 22:25:00,   55.11,   59.26,   48.28,   59.43,   63.44,   51.72
06/05/2013 22:30:00,   53.04,   57.72,   44.10,   55.96,   59.84,   49.32
06/05/2013 22:35:00,   52.42,   57.78,   41.60,   55.36,   60.22,   45.42
06/05/2013 22:40:00,   54.20,   58.83,   45.50,   56.64,   60.91,   48.68
06/05/2013 22:45:00,   52.53,   57.87,   43.84,   55.00,   60.07,   46.03
06/05/2013 22:50:00,   52.70,   58.17,   43.89,   55.47,   60.30,   46.70
06/05/2013 22:55:00,   51.45,   56.08,   39.95,   53.39,   57.95,   42.51
06/05/2013 23:00:00,   53.42,   57.77,   44.39,   55.77,   59.61,   46.51
06/05/2013 23:05:00,   53.46,   58.33,   45.42,   56.17,   60.06,   49.29
06/05/2013 23:10:00,   52.30,   57.46,   44.74,   55.04,   59.70,   48.46
06/05/2013 23:15:00,   52.02,   58.32,   42.94,   54.17,   59.65,   45.97
06/05/2013 23:20:00,   53.59,   58.39,   43.75,   56.03,   60.20,   46.66
06/05/2013 23:25:00,   50.41,   56.67,   39.82,   53.37,   60.26,   43.10
06/05/2013 23:30:00,   51.58,   57.56,   40.54,   53.67,   59.11,   44.28
06/05/2013 23:35:00,   51.04,   56.73,   40.78,   53.52,   58.75,   43.46
06/05/2013 23:40:00,   50.23,   57.01,   38.14,   53.48,   59.23,   41.04
06/05/2013 23:45:00,   51.35,   56.35,   41.26,   53.49,   58.45,   43.82
06/05/2013 23:50:00,   50.33,   56.79,   38.78,   53.67,   60.04,   42.53
06/05/2013 23:56:00,   49.95,   56.21,   39.12,   52.27,   57.83,   43.13

